-9.90475026610627e-08
-8.21148079330685e-09
-9.09275482631870e-09
-9.88542031422131e-08
-2.06068802941647e-08
-1.96909057320366e-08
-9.18448577455680e-08
-8.51506564678200e-08
-9.17417340794073e-08
-8.52807025579894e-08
0
0
0
0
-8.19975273014178e-08
-6.54831918262358e-08
-4.90074498445744e-08
-3.10326341993761e-08
-8.15442349524928e-09
-8.22255728665608e-09
-8.74326518405029e-09
-8.90637408063075e-09
-9.23085018018212e-09
-8.37609039442604e-09
-8.62320176867746e-09
-8.32501376586268e-09
-8.49478353562120e-09
-3.13128960271061e-08
-4.90632917785131e-08
-6.55347361176966e-08
-8.18614678508158e-08
-9.87211110192207e-08
-9.86030433825510e-08
-9.84672006236445e-08
-9.83277729256482e-08
-9.82927933750986e-08
-9.83590932226020e-08
-9.84245904350143e-08
-9.85663266749812e-08
-9.87847702348704e-08
-1.12417005997422e-08
-1.32313945323993e-08
-1.49803873148660e-08
-1.72400502357685e-08
-2.07700409702482e-08
-2.10217818691307e-08
-2.12234515861033e-08
-2.13374571258978e-08
-2.13802060658326e-08
-2.12700312875253e-08
-2.13764372922246e-08
-2.09510257441968e-08
-2.04602154376283e-08
-1.70393458590951e-08
-1.50940379483571e-08
-1.30408808928686e-08
-1.07708286988730e-08
-9.87648390223216e-08
-9.81910240813027e-08
-9.67862350902569e-08
-9.45688256030333e-08
-8.91629010630677e-08
-8.70166636956976e-08
-8.56428535706219e-08
-8.52106552199010e-08
-8.53903753723489e-08
-8.56223119838297e-08
-8.58180496042368e-08
-8.58998195056934e-08
-8.59297715228614e-08
-8.58734719604025e-08
-8.58101891998340e-08
-8.56102197018443e-08
-8.54370631932598e-08
-9.44592503903078e-08
-9.68016100676941e-08
-9.82904045853943e-08
-9.88901497814965e-08
-8.53465835565812e-08
-8.57397091852989e-08
-8.70302990750776e-08
-8.91419493657151e-08
-1.32525028000780e-08
-7.45866432380832e-09
-3.49592496292209e-09
-1.41487422765393e-09
0
0
0
0
0
0
0
0
0
-1.26285169966941e-09
-3.38278227814394e-09
-7.57804922808967e-09
-1.36519262854979e-08
0
0
0
6.44790834338660e-10
-8.84976159848931e-10
-2.92043132823375e-09
-7.21321127793916e-09
-1.41711281295060e-08
-2.32283761446827e-08
-3.43516775037760e-08
-4.67575146562545e-08
-5.97873660769993e-08
-7.26952903777035e-08
-8.55333951584449e-10
-3.00304757368674e-09
-7.36112103292057e-09
-1.42258803343981e-08
-2.33483139845582e-08
-3.44140562040692e-08
-4.67937898700994e-08
-5.98312646411370e-08
-7.28367140405481e-08
0
0
0
0
0
0
0
0
0
0
0
0
0
-8.17192715866022e-08
-6.51040391913373e-08
-4.82969614725890e-08
-3.09275545177891e-08
-8.15440012995390e-08
-6.49619270047854e-08
-4.82201447242325e-08
-3.05473792154731e-08
-8.14169810013412e-08
-6.48911096998172e-08
-4.81623063937240e-08
-3.03934563394334e-08
-8.13517454722732e-08
-6.48534955145508e-08
-4.80807916214430e-08
-3.02651637597466e-08
-8.13231844582528e-08
-6.48587825017773e-08
-4.81154922335241e-08
-3.03001125433331e-08
-8.13631709791558e-08
-6.47558971802572e-08
-4.81387120953387e-08
-3.01718645695973e-08
-8.14381931396089e-08
-6.48201846434933e-08
-4.81247508900021e-08
-3.02122757758999e-08
-8.15730714730849e-08
-6.49453154222689e-08
-4.82091105268465e-08
-3.02117584501848e-08
-8.17277773737150e-08
-6.51831549246980e-08
-4.85134529348758e-08
-3.03427652992236e-08
-1.05916492876815e-08
-1.24519599480091e-08
-1.44204232818204e-08
-1.65526163730101e-08
-1.05207761503991e-08
-1.27046135593992e-08
-1.46494538498517e-08
-1.70979921901228e-08
-1.13194950401915e-08
-1.29349143607445e-08
-1.49127982082947e-08
-1.73708838969520e-08
-1.08202955523498e-08
-1.27990803079055e-08
-1.48115987639985e-08
-1.73111353165120e-08
-1.08661190466710e-08
-1.28654901047689e-08
-1.49042720252529e-08
-1.73607419614067e-08
-1.04736548849671e-08
-1.30128200560152e-08
-1.49555017084642e-08
-1.74839093506267e-08
-1.08918634116502e-08
-1.25115357060846e-08
-1.46088552267795e-08
-1.70169317746770e-08
-1.02363505265423e-08
-1.23730649049953e-08
-1.45773934844222e-08
-1.73646136999516e-08
-1.01906917187319e-08
-1.24683801110643e-08
-1.45217724818416e-08
-1.69325662380127e-08
-9.86863467506258e-08
-9.84732822012647e-08
-9.83561420890989e-08
-9.82904150711932e-08
-9.81963088015961e-08
-9.82021638012815e-08
-9.83378116606116e-08
-9.84439507299101e-08
-9.85511008230383e-08
-9.80396843090060e-08
-9.77625624100190e-08
-9.77468057412479e-08
-9.77558742818942e-08
-9.75929066819320e-08
-9.75950513849550e-08
-9.75197449218952e-08
-9.77992931837278e-08
-9.79436483652463e-08
-9.66188579721450e-08
-9.63791770659848e-08
-9.64468737998808e-08
-9.63079309018057e-08
-9.62273743125808e-08
-9.62449197546575e-08
-9.62360703499256e-08
-9.64382505882517e-08
-9.65752386840615e-08
-9.44710058111884e-08
-9.44583089828945e-08
-9.42976653361282e-08
-9.44329148808501e-08
-9.43108089444307e-08
-9.43014250728586e-08
-9.43575631256513e-08
-9.42472379790584e-08
-9.43915303208759e-08
-9.18388339166150e-08
-9.19220050281983e-08
-9.20211427093777e-08
-9.19872299653020e-08
-9.20005513082197e-08
-9.20738340761340e-08
-9.19879254779058e-08
-9.19892227349829e-08
-9.18583788019278e-08
-8.94414645930266e-08
-8.94871928189891e-08
-8.94918393790611e-08
-8.97327119790261e-08
-8.98277182982484e-08
-8.96957211693193e-08
-8.97877362268129e-08
-8.94549628131830e-08
-8.92805200439110e-08
-8.73896677408742e-08
-8.75370682903325e-08
-8.76884818653811e-08
-8.77298904267496e-08
-8.78555743973904e-08
-8.77910976916633e-08
-8.77239101551476e-08
-8.74726405235678e-08
-8.73226782154071e-08
-8.60470340797675e-08
-8.62477390830568e-08
-8.64649113394455e-08
-8.64965891305569e-08
-8.66410011377864e-08
-8.66123614044127e-08
-8.64813306409389e-08
-8.62553112666298e-08
-8.60371955883593e-08
-8.55876396399501e-08
-8.57957668237086e-08
-8.59104762316287e-08
-8.59813939299931e-08
-8.60072383189999e-08
-8.60346102277574e-08
-8.59371391240725e-08
-8.57183467837506e-08
-8.54768065948455e-08
-1.44059608653337e-08
-8.63711424188068e-09
-4.55294231707343e-09
-2.15573496524564e-09
-1.54568930180818e-08
-9.39497658432952e-09
-5.20947125211910e-09
-2.59945144341882e-09
-1.60309323327242e-08
-1.00481625157691e-08
-5.61695950275294e-09
-2.79994195288504e-09
-1.62236717758681e-08
-1.02416686426605e-08
-5.73190812625282e-09
-2.92749852829301e-09
-1.63496209896584e-08
-1.03384527082490e-08
-5.81356948690128e-09
-3.05468201228663e-09
-1.60049774382474e-08
-1.01521915458476e-08
-5.71149231543706e-09
-2.92736284112812e-09
-1.55353400313587e-08
-9.86632245480509e-09
-5.59926805193070e-09
-2.84702542716126e-09
-1.50664367817303e-08
-9.51553609658934e-09
-5.52518014764948e-09
-2.46409594400629e-09
-1.45612353406419e-08
-8.83521546726159e-09
-4.56632349562187e-09
-1.96172683164617e-09
-1.59977357164751e-08
-9.26437181071909e-09
-8.00454424497003e-08
-7.82977454401825e-08
-8.34193197614710e-08
-8.18206587215926e-08
-3.11686958806461e-08
-3.07394893634192e-08
-3.05405470102986e-08
-1.01637231842048e-09
-3.99498930867611e-08
-2.78054361714110e-08
-1.76730123475086e-08
-9.31442878235137e-09
-3.64845979847278e-09
-3.26921121102190e-10
-6.80136579326183e-08
-7.64066463188078e-08
-7.50034798339323e-08
-5.79011022985164e-08
5.72996312391020e-10
-5.36826676216294e-08
-8.26599072813062e-08
-3.06650865647662e-08
-3.98659206832155e-09
-7.52120796611592e-08
-6.67351326921000e-08
-4.67845068141340e-08
-6.40449380593722e-08
-8.31304801931629e-08
-6.83080194087515e-08
-4.37361782173429e-08
2.99406873548016e-10
-1.15503526636918e-09
-5.69473508092654e-09
-5.69242815946870e-09
-3.36016662362505e-08
-1.25338572868621e-08
-4.80223612076047e-08
-2.83417207018016e-08
-6.90668906118322e-08
-4.41015435262540e-08
-2.19040713314261e-08
-1.20937164013121e-08
-9.39699321243743e-10
5.56617928179928e-10
-6.54109340892204e-08
-6.22729660095046e-08
-6.72277173326810e-08
-4.46796760945399e-08
-4.23640165104289e-08
-2.11091562515890e-08
-4.05651535038748e-08
-8.70409453772950e-09
-5.65604997292830e-08
-5.53375634658269e-08
-1.65299147588198e-08
-2.69822503526989e-08
-5.40520391489366e-08
-5.29346598255208e-08
-3.79748848181465e-09
-5.72352439590832e-08
-4.13445775640773e-08
-5.32228862293099e-08
-3.13968357962157e-08
-7.15155219359918e-08
4.02050122881178e-10
-1.43975752669570e-09
-4.13835409723506e-09
-8.72381510785849e-09
-1.55138679391439e-08
-2.44421934755173e-08
-3.53920596342923e-08
-4.74763207057193e-08
-6.01855495365270e-08
-7.30568544110381e-08
-1.83545416966269e-09
-4.72671067044964e-09
-9.51778102267928e-09
-1.62447941058824e-08
-2.51774358230592e-08
-3.59176145205422e-08
-4.78160653281196e-08
-6.05218541508390e-08
-7.32892188570220e-08
-1.88183333367143e-09
-5.00906987329181e-09
-9.95181489196348e-09
-1.66593603612680e-08
-2.57088815387930e-08
-3.61887137236459e-08
-4.81100720217560e-08
-6.07452698037936e-08
-7.34621048851775e-08
-2.40179161384071e-09
-5.31477309559765e-09
-1.01386970353820e-08
-1.69348291180368e-08
-2.56720578900696e-08
-3.63980186815503e-08
-4.82568935676098e-08
-6.08775810256362e-08
-7.35828289709683e-08
-2.32296228810766e-09
-5.27457421890983e-09
-1.00483231570958e-08
-1.68988139654847e-08
-2.57464423722523e-08
-3.64885646410553e-08
-4.82811824914965e-08
-6.09640193974991e-08
-7.36323686069384e-08
-2.24088769211715e-09
-5.30311383398685e-09
-9.95391409416663e-09
-1.68561602480481e-08
-2.57323319433475e-08
-3.64396604663700e-08
-4.82296637786780e-08
-6.08498805264133e-08
-7.36064446190907e-08
-2.19100526378561e-09
-5.20433656126431e-09
-9.59360151235600e-09
-1.65641799318557e-08
-2.55016003629389e-08
-3.62223235062812e-08
-4.81045516132367e-08
-6.07126680055640e-08
-7.34997669510790e-08
-2.14440069108383e-09
-4.74708154244265e-09
-9.43241057820306e-09
-1.61840695954391e-08
-2.50537968863361e-08
-3.57861230901401e-08
-4.78191349468560e-08
-6.05301567320062e-08
-7.32560071325978e-08
-1.78064283004514e-09
-3.97896274931194e-09
-8.47885291417086e-09
-1.53910640955061e-08
-2.43122353955087e-08
-3.52451373954121e-08
-4.73819426722145e-08
-6.02220929875568e-08
-7.29290526181060e-08
-8.41383909878496e-08
-8.21254468391036e-08
-7.82807552712481e-08
-8.02553418609231e-08
-3.10117562389831e-08
-8.36383683074186e-08
-7.44074977970834e-08
-7.49484165427979e-08
-7.65062591990683e-08
-7.08287704948884e-10
-3.86532312313366e-09
-9.55448040147241e-09
-1.76669659002445e-08
-2.79313507625752e-08
-4.00011990456643e-08
-5.29752388107889e-08
3.04692486515787e-10
6.32302950052051e-10
-1.62001698900827e-08
-9.15667771620874e-09
-4.05218852990447e-09
-2.94866005252063e-08
-3.00616235005277e-08
-3.08694121758364e-08
-5.79853743475688e-08
-3.05288338367516e-08
-1.42324429358945e-09
3.27969088243278e-10
-7.38055650104914e-08
-7.21938448525286e-08
-2.82653358135060e-08
-6.86841530362258e-08
-4.44398756825026e-08
-1.20034875329711e-08
-5.83882285589751e-09
-7.11332606332113e-08
-2.19564008108880e-08
-3.34527145686189e-08
-4.64961125268476e-08
-6.52791290186152e-08
-1.26238391822151e-09
-6.13460011702691e-08
-6.38487572637111e-08
-6.69204503944651e-08
-1.11371945004808e-09
-4.41606171683265e-08
-1.26682003481227e-08
-5.92786196494305e-09
-7.01380752235846e-08
-4.38239365788628e-08
-4.21692373629120e-08
-2.11394635297095e-08
-4.26026070142832e-08
-2.69854470707302e-08
-5.54293022306138e-08
-5.68331157586458e-08
-5.76167617544737e-08
-4.02099665681506e-08
-1.65277343710358e-08
-8.82731507254732e-09
-5.28154641634529e-08
-5.38561435685753e-08
-5.26863196492440e-08
-3.12464687052956e-08
-4.11494626476700e-08
-4.06663121319332e-09
3.39060266436476e-10
-6.44834931704131e-08
0
0
5.03033408837913e-10
0
0
0
0
0
0
0
0
0
0
0
0
0
0
0
4.58717351457533e-10
0
0
0
0
0
0
0
0
0
0
0
0
0
0
0
5.19656170665145e-10
0
-7.52718277112804e-09
-7.20056625327046e-09
-1.16962767180525e-08
-9.55926290415491e-09
-5.17988356951335e-08
-5.59933503297781e-08
-1.26506998162591e-08
-9.15453695624529e-09
-8.68476645002125e-09
-4.14746597741190e-09
-7.04811910696552e-09
-3.55853147870708e-09
-4.22327434964067e-09
-3.38441498915491e-09
-2.61897817414283e-08
-2.00304073988956e-08
-1.09633458733425e-08
-5.31651211261783e-08
-5.81294281839541e-08
-5.14746211950453e-08
-3.95267157621304e-08
-4.63600635459242e-08
-3.46081269974500e-08
-4.16923541486177e-08
-4.86072275558421e-08
-6.43645199607216e-08
-1.20808310275773e-08
-2.49731397899950e-08
-3.53417554574018e-08
-3.92714508050982e-08
-2.67770135398039e-08
-1.76819297288481e-08
-1.67846303442826e-08
-1.69736872097815e-08
-3.61760490989586e-08
-2.84966887545129e-08
-3.12164486941986e-08
-2.63043852815975e-08
-8.67592129380389e-08
-8.71294457244283e-08
-1.78334984485628e-08
-4.93350707300536e-09
-2.17563002546486e-09
-3.90725044709100e-10
-1.24911385761058e-09
-2.86028205860162e-09
-4.84543263528622e-09
-4.64782701547097e-09
-9.76010361821670e-09
-6.14252265767264e-09
-3.97906485806085e-08
-4.12503527893167e-08
-3.11372306788435e-08
-3.95431345362471e-08
-4.64424051524740e-08
-3.66068512237462e-08
-3.23051371471766e-08
-3.75024219902632e-08
-2.89456986095218e-08
-3.11190301086039e-08
-1.99557906018718e-08
-1.70846097633600e-08
-1.06110824555214e-08
-9.47799948681586e-09
-1.55931026384568e-08
-1.55412488549880e-08
-4.15831294974484e-09
-4.42385398162109e-09
-1.17160404048861e-08
-7.53343954625289e-09
-7.91427869030683e-09
-2.35406804525426e-08
-1.86195476145781e-08
-2.05533631970146e-08
-2.54995402725990e-08
-1.52851175788008e-08
-1.99289193662291e-08
-2.68744644818874e-08
-1.83662517966619e-08
-7.54600554957706e-08
-6.84946250088136e-08
-7.45541513260388e-08
-7.92982194106852e-08
-6.75876677040711e-08
-5.93118366393371e-08
-7.06330419791680e-08
-5.79375626739488e-08
-6.87277808021033e-08
-8.33394415481945e-08
-5.02180494580682e-08
-6.27780909115860e-08
-4.50352733837894e-08
-5.04977059163233e-08
-5.32896532765580e-08
-7.17741562916289e-08
-5.24643472207847e-08
-5.58266138225635e-08
-4.37257711841515e-08
-6.10112293039728e-08
-5.81305237784820e-08
-3.97927705197111e-08
-4.80827383306221e-08
-3.42165734479690e-08
-4.80581346904316e-08
-6.36940947524572e-08
-4.99412076901647e-08
-6.20975589987723e-08
-5.02973191889630e-08
-6.36995392150722e-08
-6.18203395596349e-08
-6.25527014242599e-08
-7.62801797906317e-08
-6.19724165808777e-08
-3.85874436259729e-08
-2.80571347253707e-08
-4.66166817123381e-08
-5.85952885651617e-08
-6.40041903831246e-08
-7.61212730543672e-08
-7.84044989875514e-08
-7.52490650762040e-08
-6.80036245182492e-08
-6.33220895168336e-08
-5.21476418502828e-08
-7.27710990391089e-08
-7.98763034338265e-08
-5.27355338743323e-08
-4.30554848310880e-08
-5.05825541850087e-08
-6.24531761859595e-08
-6.41565696479854e-08
-7.98583427710857e-08
-8.40032579884067e-08
-6.61286569850137e-08
-7.18317504347473e-08
-6.43679227545553e-08
-6.76486751126684e-08
-5.15060882089968e-08
-7.32863258900996e-08
-8.51034864114236e-08
-7.41201545631766e-08
-3.24231432321418e-08
-4.25884143651357e-08
-5.55168736612751e-08
-5.25231092263165e-08
-3.16437234171731e-08
-3.16318402070284e-08
-5.73499349820305e-09
-3.48706518865034e-09
-4.35411023907923e-10
-1.07093872944588e-09
-6.99637413704990e-10
-1.58731920302331e-09
-3.61996014674812e-09
-3.67328028183799e-09
-4.97176265385826e-08
-5.14025099769092e-08
-3.47635689204141e-09
-7.11774833656174e-10
-3.29923400708959e-09
-2.94988714283934e-09
-2.27538456341638e-09
-5.59575888820505e-09
-4.85778693264783e-08
-4.31704984190247e-08
-2.59274674378427e-09
-4.01920792951935e-10
-3.66916584862943e-09
-2.30188164982536e-09
-1.10308875579300e-09
-1.97222633629440e-08
-2.11187444908367e-08
-3.05475202315303e-09
-4.08306885256720e-09
-6.32967151152181e-08
-4.86615557419387e-08
-8.36836622643467e-08
-6.51967483104825e-08
-7.83855048692541e-08
-8.15808575740863e-08
-5.93473469157823e-08
-4.46902609357661e-08
-4.85283566164995e-08
-5.92187473408989e-08
-5.41505116928581e-08
-4.80604420103363e-08
-6.95908987282605e-08
-7.78544944432140e-08
-6.94357593872206e-08
-5.90115538783196e-08
-6.40676258215947e-08
-6.46859933274122e-08
2.57085797368978e-10
-7.64852221359120e-08
-4.74090910202973e-08
-6.24381515333097e-08
-4.88481619985942e-08
-2.48023080431619e-08
-2.69978713654772e-08
-1.96126317745178e-08
-2.72558858148245e-08
-2.76996761773668e-08
-3.20606137272848e-08
-2.14322138204194e-08
-3.63969555845801e-08
-8.57046226338031e-09
-9.52119691012497e-09
-1.05690923382546e-08
-1.80837284590134e-08
-1.17601792386000e-08
-2.36909657387876e-08
-3.96640329177945e-10
-8.78276834364133e-11
-4.13698213322559e-10
2.02890818825994e-10
-1.69831763355817e-09
-8.22053399877989e-10
-4.22004153314601e-08
-2.31890191446228e-08
-4.57442968597054e-08
-4.78389010319434e-08
-4.31560775101967e-08
-5.37002296981036e-08
-7.71779423626895e-08
-5.25279637461805e-08
-4.89416679025183e-08
-4.46148334555234e-08
-6.10319435833966e-08
-5.88180511964115e-08
-5.12600519215850e-08
-5.08287356051498e-08
-4.14805500273631e-08
-3.42770854125351e-08
-6.84126416302285e-08
-8.04144674704630e-08
-7.45957288552786e-08
-6.35729751098486e-08
-5.98463107710895e-08
-6.82108680194772e-08
-6.36423104137378e-08
-6.36576020675939e-08
-7.84704980259947e-08
-7.85159196348600e-08
-3.32770957481752e-08
-2.45587612368823e-08
-2.71618381201185e-08
-3.16923784172256e-08
-5.25703073726878e-08
-5.33149710364161e-08
-3.75437155569927e-08
-4.33378124784581e-08
-3.41615255265064e-08
-3.12932029511976e-08
-3.13464392287708e-08
-3.65492549195397e-08
-4.83808097549456e-08
-5.99832454116133e-08
-5.14484718030308e-08
-4.91906172890886e-10
-1.96043694307657e-08
-2.58477530161395e-08
-2.41474440093144e-08
-9.79782671787168e-09
-1.07751136447309e-08
-5.28507948512750e-09
-4.70177324025078e-09
-7.74757149354699e-08
-8.23910938705640e-09
-1.34627859515797e-08
-1.16632286208462e-08
-1.51080414030231e-08
-5.78274561883008e-09
-4.70961137125581e-11
-7.17553059038288e-10
-8.72975529904725e-10
-2.10436043090317e-10
-6.44960420372478e-08
-8.24025845303484e-08
-7.08769156582127e-08
-8.24697572146398e-08
-8.03644523963980e-08
-5.06788775500111e-08
-4.77970208574124e-08
-5.90414007415316e-08
-1.10470701756379e-08
-7.69421292072378e-09
-5.42884066503744e-09
-7.27344128636364e-09
-6.42873495223492e-08
-6.91524298627038e-08
-5.74168385299451e-08
-5.00816619583129e-08
-7.50307857011578e-08
-8.66576720958195e-08
-8.66198407184475e-08
-8.67578136482536e-08
-6.40804294826310e-08
-7.18899832119628e-08
-7.74544548758091e-08
-6.09021243559844e-08
-5.51864226769136e-08
-6.81651492565050e-08
-3.83963583118444e-08
-3.27865041933323e-08
-7.75289437499211e-08
-6.83446997890895e-08
-1.69517871543583e-08
-2.49056847728067e-08
-2.34485915753569e-08
-2.48555145468374e-08
-1.74355817284735e-08
-1.18064731721880e-08
-8.57131546998341e-08
-1.33904971987272e-08
-3.96262168254138e-08
-3.02031037796051e-08
-2.68498914917891e-08
-3.89906090390766e-08
-6.58022619613063e-08
-7.77572971376581e-08
-6.54177113590689e-08
-6.72103187168087e-08
-7.79746639108707e-08
-6.91479632801039e-08
-7.74169929146278e-08
-5.57919586231567e-08
-7.82208929637500e-08
-6.20125988360789e-08
-6.40140510371366e-08
-5.36868788280949e-08
-6.42030590557229e-08
-7.98156338942863e-08
-8.28049680506795e-08
-3.99488945559285e-08
-4.84151661187326e-08
-3.47651826266240e-08
-3.64975989499068e-08
-5.00035754484485e-08
-3.33591133176823e-08
-4.35815811444011e-08
-5.45897294954832e-08
-5.29039741938415e-08
-4.03784369689831e-08
-2.07817035168230e-09
-6.73405156622155e-10
-7.19951092579032e-08
-6.03210443490797e-08
-3.05141731836379e-08
-3.05297192932716e-08
-2.91434934137382e-08
-4.54337119168335e-08
-7.25974864462659e-08
-7.84722402326828e-08
-3.46162260232626e-09
-7.85758922113984e-08
-6.97941999649211e-08
-4.80217120634372e-08
-3.49484626500920e-08
-6.99742684960603e-08
-7.82755963329378e-08
-5.28492233449368e-08
-1.72763980382086e-08
-2.43206600596370e-08
-4.07093211401178e-08
-4.15691548009438e-08
-2.46472894493069e-08
-2.67776646405419e-08
-3.43975656096783e-08
-2.40277312675522e-08
-3.98753213588504e-08
-7.86106908666165e-08
-8.99333058031287e-08
-8.68845831620813e-08
-7.08824396916373e-08
-7.73255241881448e-08
-3.89767503387792e-08
-8.57576036021305e-08
-8.38983986855948e-08
-8.31370785575679e-08
-8.10220083008756e-08
-1.71672008128804e-08
-1.62999710031633e-08
-1.74513277908482e-08
-3.10712294022925e-08
-2.42244178619773e-08
-2.83842307568939e-08
-2.73736974602044e-08
-1.09173287821743e-08
-1.20986500888933e-08
-1.71538734939520e-08
-2.66000336797877e-08
-3.33508550989228e-09
-6.90927909255885e-09
-8.56336463369592e-09
-1.24707245986169e-08
-7.28660682986555e-09
-3.11092341160202e-08
-2.39214036952045e-08
-2.70341932247010e-08
-8.06304594803451e-08
-7.80887413016024e-08
-6.73556410381048e-08
-6.93322020183110e-08
-5.64859778788046e-08
-6.94341634457764e-08
-7.74851649931831e-08
-6.56841025083015e-08
-5.65759568628280e-08
-7.79494623340057e-08
-6.90067019929910e-08
-6.19897946514001e-08
-7.58085727337225e-08
-1.73285187319931e-09
-4.76234279749649e-10
-1.22400156219905e-09
-3.24778958561367e-08
-3.18324967023289e-08
-3.42394593081420e-08
-3.71086584214480e-08
-5.11545004005309e-08
-5.02086258272648e-08
-3.90296808287831e-08
-6.90618237284618e-08
-6.16176989894041e-08
-2.72968289616486e-10
-1.91980024022948e-09
-7.56585575931372e-08
-6.39414579486757e-08
-6.40233070718482e-08
-5.32782925791224e-08
-5.29577081682779e-09
-5.38394699853560e-09
-4.76622775249296e-08
-4.03260673457267e-08
-1.32012325577542e-08
-1.28990577421115e-08
-1.39732136119064e-08
-2.70210472154073e-08
-3.23006060142980e-08
-4.29337070550255e-08
-3.81057929048709e-08
-1.48986100262821e-08
-5.95004264417302e-08
-3.28430023350638e-08
-5.28089413520903e-08
-4.27476802661931e-08
-4.30483544699952e-08
-5.17837950871817e-09
-4.31661330304627e-09
-5.29563321248526e-09
-3.94706011582610e-09
-1.19682020908494e-08
-8.81850203482297e-09
-1.55277781947221e-08
-1.08872233320627e-08
-6.55300496031001e-08
-8.02444999067104e-08
-6.51683394223846e-08
-6.53525938289729e-08
-5.24732122167990e-08
-4.80993215015104e-08
-3.68693675168978e-08
-6.52660687251368e-08
-7.56540156139061e-09
-7.43781268216893e-09
-7.66576391103746e-10
-1.27581883156443e-09
-3.70953776606619e-09
-3.24129955233153e-08
-6.22458313500803e-08
-7.50803329482725e-08
-5.12712721255170e-08
-3.67905930781334e-08
-1.80980146885492e-09
-1.64919988627204e-09
-3.95495490952353e-10
-5.25791016882047e-09
-2.91884457644346e-10
-2.65915096120045e-08
-2.20387531848154e-09
-8.07730429711589e-10
-2.71183020218142e-09
-9.20866466046564e-09
-3.43304507400583e-09
-1.87284709507101e-08
-1.27392271715642e-08
-7.73511300936413e-08
-2.56407137941269e-08
-5.87825202937382e-09
-3.43992380396238e-08
-2.81960191798637e-08
-8.04805840573833e-08
-8.04169252099829e-08
-2.42632505100423e-08
-1.79096430446879e-08
-3.73835391896585e-08
-3.32686502248322e-08
-7.99852743640843e-08
-3.56701031150831e-10
-4.37679427449392e-08
-3.14699000341957e-10
-6.81723212585237e-10
-7.78640212027953e-08
-7.64145468333305e-08
-7.73973523385951e-08
-7.78519979542726e-08
-8.69266072909758e-08
-7.61232959325440e-08
-7.15876817789195e-08
-8.11941970728603e-08
-6.64519571603414e-08
-6.83260698752562e-08
-3.93536472670711e-08
-2.56026973244697e-08
-7.79257955404060e-08
-7.68379023823768e-08
-7.64495584643314e-08
-9.27052669493882e-09
-6.03257911371705e-09
-2.68147030918228e-08
-3.99869483004376e-08
-3.58165483489662e-08
-2.53428280988295e-08
-2.56841750817304e-08
-8.48643951143267e-08
-3.05858770597208e-08
-7.80849575483308e-08
-5.18448081551942e-10
-4.09119273889283e-10
-1.01424785182983e-08
-2.46326437223988e-08
-1.37686413173877e-09
-3.98843311940137e-09
-5.51955490384863e-10
-6.08435472709103e-08
-7.58980957385758e-08
-8.67043345154359e-08
-7.58744071569249e-08
-8.56521850719225e-08
-8.65161284917524e-10
-9.16286274883714e-10
-2.82855252851282e-10
-3.25203045858555e-08
-9.12322990702275e-09
-3.30109720381517e-08
-2.86543991080836e-08
-3.39662400089051e-10
-1.22978684101098e-10
-3.41454735923437e-08
-4.30354888494790e-08
-6.93042163557586e-08
-1.85598438746468e-08
-4.27396670953615e-09
-1.75689832010872e-08
-1.21108497658116e-08
-9.53172506252504e-09
-2.24926323000866e-09
-6.52586111478933e-10
-2.22657143981061e-08
-7.76882210842051e-08
-7.52455931091744e-08
-6.15638240819614e-08
-1.24461316899964e-08
-1.07718165447590e-08
-1.81351552326429e-08
-6.10448979142859e-08
-6.61935846579991e-08
-7.87051741204380e-08
-7.89568250422663e-08
-7.21791951741655e-08
-7.33744790130528e-08
-8.02313221594223e-08
-3.94946579184728e-10
-1.10491567141474e-09
-1.29058274475423e-08
-2.32329881091233e-09
-3.08140366821695e-08
-2.07759174620401e-08
-1.27421004333615e-08
-3.92521835303608e-10
-2.10755284137006e-10
-5.53257280896603e-08
-2.79750945146042e-08
-3.21512388516703e-08
-8.36113756350404e-08
-5.20521169255007e-08
-2.32326549612090e-08
-2.66942248851044e-08
-3.41832071768489e-08
-7.59880508730436e-08
-1.87271670685362e-08
-3.83331273363864e-08
-4.29192341035588e-09
-7.91845766339587e-08
-2.03150014053658e-09
-3.99302731536482e-08
-6.03149568250131e-08
-5.96607412696348e-08
-5.74901835436904e-10
-1.67669899822521e-10
-5.18854544859325e-08
-7.73301425859907e-08
-7.74270384256528e-08
-8.74570331142452e-08
-2.31330853171818e-09
-7.58582873707056e-08
-1.17280663372901e-09
-9.39333802953739e-10
-8.69277911106549e-08
-2.38760441478126e-08
-8.65731933008711e-08
-2.19342098477503e-08
-1.08495110846797e-09
-7.94166852360257e-08
-7.76182098328065e-08
-7.90655466481225e-08