1.14993951219969e-09
3.63092039514893e-09
-1.58226858842337e-09
-1.10204138836341e-09
-4.96187679809285e-09
4.89574300683350e-09
-1.88706729767884e-09
-1.70292629089412e-09
1.81182936778546e-09
1.37821424679390e-09
0
0
0
0
1.06334971589399e-09
1.11616963308307e-09
1.51649541305443e-09
1.43246661743155e-09
1.34880864503035e-09
6.74980633383856e-10
2.50864040864106e-10
1.15930215418078e-10
-2.14183566225477e-10
4.00024321593880e-11
-3.36139067399702e-10
-5.21593079667201e-10
-1.29418146279497e-09
-2.14528229773425e-09
-1.51489958396252e-09
-1.20968169854419e-09
-1.04017189197668e-09
-9.80413810560640e-10
-7.68232140881565e-10
-5.13850960330487e-10
-2.67710494826122e-10
-8.90614542284200e-12
2.29426588463643e-10
4.71946578067787e-10
7.50957108348759e-10
1.00991073647240e-09
5.09707987203498e-10
-1.13876157573971e-09
-2.47622395137795e-09
-3.72380530460227e-09
-3.33993582922560e-09
-2.22211108667971e-09
-1.37443974689854e-09
-6.47345958999930e-10
-7.70979795057128e-12
5.79758111207324e-10
1.21767081388085e-09
2.18233636208924e-09
3.38212867952730e-09
3.73471052831376e-09
2.52068130540885e-09
1.16438537633508e-09
-7.04761412858140e-10
-1.06798287899610e-09
-1.23871883473339e-09
-1.51693437521923e-09
-1.78433431330459e-09
-1.82346835414365e-09
-1.64195856299412e-09
-1.50293483907852e-09
-1.48330911661874e-09
-1.51792789595923e-09
-1.25047322006291e-09
-8.94041322509109e-10
-4.84520890954205e-10
-6.62394700770832e-11
3.57008509106071e-10
7.40428540885880e-10
1.07198671993940e-09
1.26615578271428e-09
1.73121247191003e-09
1.50525262243667e-09
1.23182253017316e-09
1.06848410565292e-09
1.33269300199851e-09
1.35410977964363e-09
1.57968256560493e-09
1.76867534345684e-09
-5.69772378196696e-09
-5.42074981668801e-09
-4.64156165370199e-09
-3.33406346079512e-09
0
0
0
0
0
0
0
0
0
3.36070641373632e-09
4.72863941986582e-09
5.27589026496359e-09
5.34310892112902e-09
0
0
0
-2.26940335231367e-10
-2.39809000901146e-09
-3.05222243917575e-09
-3.45089840820700e-09
-3.33163343827292e-09
-2.90884838784326e-09
-2.68262693378076e-09
-2.12763595645040e-09
-1.73333703807112e-09
-1.52591229986014e-09
2.28477731221029e-09
3.05834088952332e-09
3.25896730206792e-09
3.15388028099549e-09
2.89167722479231e-09
2.57244742251438e-09
2.01505236053085e-09
1.64393897736987e-09
1.39569423530279e-09
0
0
0
0
0
0
0
0
0
0
0
0
0
8.62341514983391e-10
8.24815214849757e-10
7.78793748554737e-10
8.09937597629062e-10
6.29242678612947e-10
5.13806776655432e-10
4.13873503538923e-10
4.55272290551630e-10
4.02550222061335e-10
3.16456486929718e-10
2.04757850374554e-10
2.35080310788578e-10
1.96152979271395e-10
1.39932657918435e-10
1.41968895719643e-10
7.60868593087089e-11
6.81347284317358e-12
2.95557798163826e-11
5.52693337810319e-11
1.90139506703891e-10
-2.35612874563032e-10
-6.79550307392360e-11
-2.01150785665147e-11
-2.17892209771085e-11
-4.13530655506590e-10
-3.04572571973849e-10
-1.55340258289688e-10
-1.04903486647672e-10
-6.34696173725647e-10
-5.04604807243831e-10
-3.81419032871951e-10
-3.91725014064921e-10
-8.50580503051943e-10
-8.19967013880644e-10
-7.67935008655461e-10
-9.02783064466443e-10
4.49927249211834e-10
-8.74718220394839e-10
-1.98569037388881e-09
-2.84782110672248e-09
2.09699212098515e-10
-6.41295797037196e-10
-1.39488479781792e-09
-1.90698834360223e-09
3.78618734903778e-11
-3.64532362784805e-10
-8.90164868095972e-10
-1.09627280919532e-09
4.29671201751274e-11
-1.98882418214106e-10
-3.61169732095336e-10
-5.59515618169204e-10
-9.44494166651445e-11
3.17015891350705e-11
1.26485379432396e-10
-3.47872724858330e-12
2.22550442606133e-10
2.13621156224385e-10
4.35835155587913e-10
5.53829434698393e-10
-4.41016548575060e-11
4.42535139082530e-10
8.63259248086213e-10
1.26970143251609e-09
-1.06255098026096e-10
6.67042931595053e-10
1.39429030573548e-09
1.96551533903407e-09
-4.47123708572925e-10
9.63184539742514e-10
2.04270830948221e-09
3.02313701645804e-09
8.68648285984306e-10
6.35123896872234e-10
3.97259738285334e-10
1.98537907822742e-10
-1.42949233205181e-11
-2.15847080822407e-10
-4.57476308730892e-10
-7.11490166785709e-10
-9.21435559172688e-10
9.27961985372102e-10
6.28150903428907e-10
3.97353722461851e-10
1.69070367385343e-10
-3.61365031809013e-12
-1.99338967522681e-10
-4.15319517673765e-10
-6.66978046412990e-10
-9.63505732391785e-10
1.05340726056700e-09
6.50182351932425e-10
3.61354217721504e-10
1.76269678623949e-10
-1.58126875595615e-11
-2.00665853292363e-10
-4.05157906216291e-10
-7.20331200345045e-10
-1.14843932152541e-09
1.15462567473452e-09
6.66740097410359e-10
4.06059125372953e-10
1.34142125586947e-10
-2.76977157462535e-11
-2.01055465237036e-10
-4.72202320259686e-10
-7.18508430986922e-10
-1.20120806047190e-09
1.22218634600969e-09
7.14581197110788e-10
3.66674023256219e-10
1.26163084751348e-10
-8.42729550643366e-11
-2.55209858420537e-10
-4.38604115626819e-10
-8.14192244581538e-10
-1.28404664765940e-09
1.22340949283314e-09
7.46479436807867e-10
4.04485119048270e-10
1.38525784456686e-10
-6.32668172249456e-11
-2.44248141131935e-10
-4.97153052050424e-10
-7.99074136710163e-10
-1.24958776561454e-09
1.15690866758968e-09
7.89095689642423e-10
4.97012189630485e-10
1.66387885734939e-10
-4.41772119691952e-11
-2.78759778545169e-10
-5.38168798614247e-10
-8.51446806124437e-10
-1.22145976794003e-09
1.08644314384404e-09
8.07233154693600e-10
5.14660838157741e-10
2.52168239500395e-10
-6.15482233248872e-11
-3.26670839398289e-10
-6.09980756511601e-10
-8.97077500097512e-10
-1.22975983158390e-09
1.19019558818229e-09
8.97385820109428e-10
6.31445520481268e-10
2.90746825802104e-10
-4.28205701851777e-11
-4.20037113466894e-10
-7.62557964603000e-10
-1.08705249982908e-09
-1.33481951590693e-09
-4.24866665443202e-09
-4.09867059383821e-09
-3.36430453707267e-09
-2.20159845844988e-09
-2.65893200780434e-09
-2.77156977003711e-09
-2.24859174498118e-09
-1.34998353785232e-09
-1.77957052983233e-09
-1.68515327852296e-09
-1.39136754947461e-09
-7.79215696682539e-10
-7.93329206045677e-10
-7.56222324956630e-10
-6.17798275210802e-10
-3.97737673214794e-10
-3.03002100749078e-11
-3.81447702936527e-12
1.25831050199725e-11
-2.35450378891752e-11
8.94425033574377e-10
7.54299557922876e-10
6.28890253177337e-10
3.67007660497267e-10
1.84612255829743e-09
1.67728368307833e-09
1.24117270017305e-09
8.84599668978446e-10
2.72519319119261e-09
2.67149054356338e-09
2.12242837455922e-09
1.39433903060442e-09
3.99037111696470e-09
3.96411437755516e-09
3.51768181714480e-09
2.14972308345990e-09
4.38324640407308e-09
4.27043423164340e-09
-1.10034416126566e-09
-1.13497780991781e-09
-9.14263034731180e-10
-1.04784372381966e-09
3.30150799227096e-09
2.56516518046503e-09
1.75998116846261e-10
3.05588686457161e-09
-1.56557902022941e-09
-1.71925169579430e-09
-2.03893312767138e-09
-2.12498521316947e-09
-2.08693642935007e-09
-1.80614428344507e-09
-1.29729670735713e-09
-1.08863001118325e-09
-1.13914254843335e-09
-8.13030254623581e-10
5.32989209146676e-10
-1.39536161803041e-09
-9.81074327397732e-10
1.40171684441056e-09
3.77694760722369e-09
-1.23160003332421e-09
-1.89252671043379e-10
-6.36208955153912e-10
-5.73188919339098e-10
-9.59770087677463e-10
-2.01481902078971e-10
1.90887048175082e-09
1.60427965912365e-09
1.81558595007414e-09
-4.96753903885804e-10
2.47569716693470e-09
-5.39334447557372e-10
-5.50391138828236e-10
1.21467062219204e-10
3.28846065653884e-09
-3.30726626630372e-10
-6.78291582831080e-10
-3.68163826918740e-10
2.69485798174874e-09
-2.71230559827674e-10
-4.86481694037619e-10
-3.39962117099820e-10
-9.07353342161763e-10
-4.69769324265496e-10
1.11861866379789e-09
2.20909049760824e-09
2.46465845458849e-09
4.16738211808425e-10
1.12956381548432e-09
5.96835649304482e-10
8.81998107781152e-10
1.08625609058026e-09
9.70714566143060e-10
6.99264766434034e-10
3.22713628913238e-10
8.61189623940791e-10
2.21495544080272e-10
1.51362675644929e-09
-2.38641764125105e-10
1.74955902898979e-09
-8.49302783407392e-10
1.54629402204911e-09
1.36353788752069e-09
2.12204700445724e-09
2.27607164402514e-09
2.18539110944911e-09
2.01631764180425e-09
1.93355039298778e-09
1.55797587040269e-09
1.36116893687195e-09
1.22127295174505e-09
7.38914396405872e-10
1.21602618486310e-09
1.35673132717301e-09
1.33471071369283e-09
1.32100096630408e-09
1.22383178653806e-09
1.06518863248509e-09
9.92517912592678e-10
9.77711022421914e-10
4.14502604585621e-10
6.35707429233335e-10
7.50907096998315e-10
8.17595552602045e-10
6.38328479819263e-10
6.80602029421002e-10
6.68796466617217e-10
6.48542272482744e-10
6.44863946779296e-10
2.22854663987949e-10
1.99129169278554e-10
2.60003332281359e-10
3.47582430504908e-10
2.70879506595581e-10
3.45983311232974e-10
2.69377901294382e-10
2.98712215640666e-10
3.07905168124528e-10
-9.28766469378403e-12
-3.83956906016225e-11
-1.69329662786974e-10
-6.78810229239191e-11
-2.05244979837386e-12
-5.70631901591769e-11
-5.96765097997310e-11
-8.89392033231980e-11
-3.20093904469087e-11
-2.47373161585352e-10
-2.13586749588866e-10
-4.83658802194155e-10
-4.20696466610777e-10
-4.72553996884107e-10
-4.24424907622452e-10
-3.96251404099371e-10
-4.08101429503742e-10
-4.25817500864863e-10
-4.57136683760443e-10
-8.25909002391410e-10
-8.15910480711896e-10
-9.13608898566371e-10
-8.49679461128541e-10
-8.39701592962301e-10
-7.57835877543935e-10
-7.57130776492887e-10
-8.01126010929862e-10
-9.16240468044485e-10
-1.29573071683898e-09
-1.54928319504030e-09
-1.52326620452314e-09
-1.35697054792497e-09
-1.27803717754216e-09
-1.16286528019290e-09
-1.09751721705633e-09
-1.14232121575218e-09
-1.50956049441973e-09
-2.23022849535891e-09
-2.46243648202255e-09
-2.36094410036754e-09
-2.23557177897478e-09
-1.84822277078551e-09
-1.59933088344230e-09
-1.42355565695191e-09
-1.40320499354875e-09
8.75992782925467e-10
9.46744680095876e-10
1.03657336555011e-09
1.03081544024928e-09
-3.38487839169530e-09
9.05630251360840e-10
1.12922505604527e-09
1.05416767426598e-09
1.09544455027136e-09
1.72803208646895e-09
1.99084460515344e-09
1.95387815052605e-09
1.88470215887719e-09
1.69857362525806e-09
1.42917733101876e-09
1.27355667514832e-09
-1.77805936196437e-09
-5.98498010650987e-10
-4.21564623934513e-09
-4.16631102904488e-09
-3.97172944593491e-09
-2.37445623029019e-10
-1.34122046264892e-09
-2.34666964704863e-09
6.29001669991930e-10
1.11578177346039e-09
-3.27468496007121e-09
9.70556542218746e-10
1.24087652928999e-09
8.89510630401828e-10
-3.27650338503354e-09
2.18207399498291e-10
-1.09280728834862e-09
-2.79326783610481e-09
4.17856160666466e-10
5.65086837448809e-10
3.66800273133588e-10
3.38790963651085e-10
5.56559986268861e-10
2.62539128748826e-10
-2.01046094832975e-09
8.49447331980930e-10
4.41773922603791e-10
1.43906949109737e-10
1.59431581467411e-10
-3.34783600580546e-10
3.57315976162834e-10
-2.60756803531125e-09
3.32329027479875e-10
-1.84310776576175e-09
-1.99860238799494e-09
-2.66509632461171e-09
5.44787105080008e-10
-9.34927362297487e-10
-8.99004144481096e-10
-5.87901683735721e-10
-1.54278532277484e-10
-6.64098571204839e-10
-1.14232295190069e-09
-1.19216898280341e-09
1.46530085638871e-10
-8.37388408935607e-10
-5.35844150000548e-10
-1.80154580811264e-09
-1.59994303878477e-09
-1.18813985420372e-09
4.00286783907357e-10
1.20706295297194e-09
0
0
7.28909866978382e-11
0
0
0
0
0
0
0
0
0
0
0
0
0
0
0
9.44417556626697e-12
0
0
0
0
0
0
0
0
0
0
0
0
0
0
0
-2.64152165182234e-12
0
1.57683336347559e-10
1.46755578530229e-09
6.65813005138578e-10
9.24417892739309e-10
-4.08009501538568e-10
-3.11538731060708e-10
1.32025236241707e-10
-1.88405900915335e-10
-4.76711560975627e-10
1.12997673744543e-10
-5.75155759196648e-10
2.70456498938252e-11
-4.35290456650177e-10
3.21414037508123e-10
1.03406070437311e-10
8.50781328490558e-12
-8.90931493658896e-10
1.02992437474441e-10
9.40115424900912e-11
2.51984316525899e-11
3.30744321557868e-10
-1.13373110213125e-10
2.57338746157088e-10
2.80183652132679e-11
3.86794514891711e-10
1.10080034909430e-10
-4.30725825446052e-11
2.61788076063801e-10
4.92826789854521e-10
-7.92323168728189e-11
1.89109693077322e-11
8.01786366475456e-10
-2.57137142426696e-10
1.93372068215675e-10
-4.17612991409358e-10
-9.50527770401399e-11
9.51098673935467e-10
1.67302311882175e-09
5.11346941992485e-10
7.37357152695619e-10
1.63137565203782e-09
-9.63408035442238e-11
-2.93686557105518e-10
5.12236086613671e-11
-6.67146373347044e-12
-1.04047284085367e-11
-1.00150484043843e-10
9.44844515727601e-11
2.55363436164225e-11
-3.34114918824603e-10
-1.41848645011911e-10
9.27404970869461e-11
-6.31544687471891e-11
-1.32075059098678e-10
-1.26004650643577e-10
-5.04380625581058e-10
-3.67521820782130e-11
-2.98486310995294e-11
-4.54461115614698e-10
-2.71455380498968e-11
-1.66046103966659e-10
4.18765664969562e-10
-1.61446742435683e-10
-6.72616898307119e-10
-6.91148338435557e-10
-9.62159359366859e-10
-1.01957192837758e-10
-7.04817170881609e-10
-5.94230861852952e-10
-1.24338033136471e-09
-3.11926876805935e-10
-2.90420212784312e-10
-9.59503669618737e-10
-2.85611321342464e-10
8.70521136115494e-12
-1.33482866503569e-10
5.96134173196822e-11
-5.91235456794146e-11
-5.20895966989118e-10
-3.37686348714912e-10
-1.74837171800620e-10
-1.76232916132552e-10
-4.62538669671354e-10
-8.75277872429625e-11
-2.03338525051704e-10
-1.98602020651296e-10
2.79179390646533e-10
-8.08901586869919e-12
-4.11010257779420e-10
3.89975310848888e-10
-1.96044542618698e-10
1.36612061965887e-10
1.27356169971635e-10
-1.14108125946252e-10
2.82944329927223e-10
-1.98447022681325e-10
-3.13990739661986e-10
-6.31630217883855e-10
2.61424126732603e-10
-9.45565497519430e-11
6.61086550222792e-11
-1.14325868970924e-10
-5.53313102778873e-10
-4.25242215690272e-10
4.30590671991688e-11
-1.25487504852497e-10
-5.38235742129956e-11
-2.28516362690632e-11
-2.91888755094956e-11
2.37161391087555e-13
-4.89576806381305e-11
-1.07575076004214e-10
5.82404200948923e-11
-9.15059327662104e-11
9.69695484651372e-11
3.84011466406923e-10
-1.93037794406409e-10
-5.28213882386751e-11
-5.56643488214983e-11
8.48553107808595e-12
-3.88676471217672e-11
-2.47409292613623e-11
-1.48351283349634e-11
-1.72039125874125e-13
-1.96008956620332e-11
-1.17353649385517e-10
5.28242526430549e-11
8.78359946672032e-11
-3.68482668388609e-10
-1.02627341262274e-10
1.47260435520882e-10
3.60922450814339e-11
-1.78670130009100e-11
3.96767445098430e-12
2.25182910429514e-11
-6.01306912592346e-11
1.26510516059044e-10
-6.44455531737061e-11
6.77525380329757e-11
1.08466210189169e-10
1.43891541732136e-10
1.22799969311125e-10
4.31932180751385e-10
4.30509501498075e-10
2.08986234790865e-10
5.68930854033026e-10
3.12698122624401e-10
4.99639413704494e-10
6.98953275127353e-10
-4.46148002288345e-10
5.57747016362161e-10
4.59188676608803e-10
-4.18351972118648e-10
7.25271973094805e-10
1.30097119020112e-09
1.56440755464794e-10
9.36881128079185e-12
-1.17523151594635e-09
-5.97149484529903e-10
-1.89434114614136e-09
-3.96677582732544e-10
-1.24384807454302e-09
-8.71745096059464e-10
6.83139532832962e-10
8.39103079830536e-10
4.60028110306197e-10
2.59099405207820e-10
7.38612983568271e-10
9.33822031421790e-10
3.68754763604492e-10
2.14045572985970e-10
8.02579635590561e-11
-3.09835063189422e-11
3.22319652526057e-10
-2.02502763711229e-10
-3.47848149153964e-10
2.03459222843953e-10
-1.05113879514249e-10
2.36580191048171e-11
2.36076273356010e-10
-4.29867871509951e-10
-1.14017803032133e-09
-4.79246568553080e-10
-3.99066909334867e-10
-7.63509244910988e-10
-7.73077451585306e-10
-3.73460878940251e-11
1.84441764083230e-10
5.79721506113936e-11
-2.49898639802255e-10
-1.70745372394617e-10
-1.50292719728254e-10
-9.52150676936575e-10
3.61923111997249e-11
8.93413845063835e-11
3.44933324555685e-11
-1.06070129256855e-10
5.45974907829277e-10
4.09655990201766e-10
8.03190207383575e-10
9.35092988977874e-10
-4.45951935026246e-10
1.97001694511544e-10
9.21242935707881e-11
8.91961326535743e-12
-1.50031509017668e-11
-2.01864908883659e-10
6.77128080409176e-11
8.26311923897913e-10
4.50575503910980e-10
-4.72447073043648e-10
-1.62250396743160e-10
2.23866014087497e-10
7.92852922594692e-10
6.72223476793041e-10
2.22770199120806e-09
1.03663014732204e-09
-2.62300761813859e-10
-3.13378666640435e-10
-4.15038409043582e-10
1.01805550982220e-10
5.86005843352608e-10
5.07840963097384e-11
-1.02690651363416e-10
-2.83970953851075e-10
-2.04534036038805e-10
5.78300707026924e-10
5.49254376791308e-11
4.41744529552742e-11
3.96717493390568e-10
7.21384192845364e-10
4.22915687647513e-10
1.37542342984768e-09
-7.16280505449170e-11
-4.02401676368048e-10
-1.29973093610846e-10
-5.96589700793154e-10
-1.55197448286846e-10
-2.95265192827845e-10
-2.45838293316996e-10
-1.32632770294212e-10
-2.34660254845342e-10
-8.43066068223794e-11
-2.94776208057406e-10
-1.03517453960363e-09
-1.21451880291979e-09
-6.79465921691551e-10
1.59329264757890e-11
-5.93633190372526e-10
-7.80452863471448e-10
-1.15719069545752e-09
-9.76148448605163e-10
-2.45261773573323e-11
-5.45618234696780e-10
-1.22720825757159e-10
-5.52748501166578e-10
4.40501307652485e-10
-3.78389052563047e-12
5.32129966033641e-10
-6.78958340648794e-10
-8.23877277556680e-10
5.33564331987661e-11
5.88277528325785e-10
2.18110303650089e-10
3.16870958903714e-10
4.37507744135172e-10
-2.87066512516092e-10
-1.66695853076863e-09
-1.75177785711778e-09
-9.95944484848261e-10
-1.86075622213512e-09
-1.00254047297869e-09
1.99056437807324e-10
-1.92834671092247e-10
-9.00335109729586e-11
1.50716521866282e-11
3.20939602277669e-10
5.65544173987639e-10
5.15081874919470e-11
5.11017052495713e-10
3.16198258558679e-10
-1.79882042677730e-10
3.42642946560318e-10
4.83471371721574e-10
-1.32278030944349e-10
-1.58282817657477e-10
1.11402684302411e-10
-7.96304982976044e-10
4.13760801316903e-10
8.85395713381066e-10
9.05679379829184e-10
6.28776406439430e-10
6.16052661526756e-10
3.05517416646068e-10
1.24262515768315e-10
1.01400053883523e-10
1.71238839073054e-10
6.47053521669344e-10
5.94078282144013e-10
-9.10602609387520e-11
-5.71632813792953e-10
4.28276660626132e-11
-6.95414181180114e-10
-9.99801039154685e-10
1.91164745051716e-10
1.98583351971418e-10
3.01574463231002e-11
-2.13700819613489e-10
-8.11899301712266e-11
6.30745547818689e-12
-2.53782536105187e-10
1.26906903591900e-10
4.29526715551560e-10
-1.40865059476179e-10
-1.24369658586479e-09
-2.15998197563769e-09
-1.06021399152799e-09
-1.96578240902138e-09
-5.15021110877045e-10
-8.01288557866885e-10
-8.98665696835974e-10
-3.66866511021509e-10
-5.45308317846418e-10
-7.56138769383247e-10
-4.11977447698866e-10
-6.29192037815025e-10
-1.90249921846265e-10
8.92177759279139e-11
2.06831253350040e-10
6.98682379437114e-10
1.91740753809632e-10
-2.48342169936400e-10
-3.91659997029040e-10
9.52628464646645e-10
8.46119919188714e-10
2.23155220221665e-09
1.18620939875060e-09
4.76413494863952e-10
1.00033170371282e-09
1.23163177143970e-09
8.24031123519246e-10
9.51088117414570e-10
1.57582701163715e-09
-2.22444741082359e-09
-1.00745282531702e-09
-1.21878067679450e-10
3.98137409856343e-10
3.14827269150556e-09
2.28557168880062e-09
2.24731961312977e-09
1.68203952570288e-09
1.10122297874346e-09
1.23990787156319e-09
1.92715423085950e-10
1.06633394415770e-09
9.07504872525676e-10
7.18145760318404e-11
5.25269186507039e-10
-1.65560064289229e-11
-1.13373506696865e-10
-6.04246510913812e-11
1.55027320784533e-10
1.09378849827649e-10
-1.39743304401449e-10
-3.70557330393459e-10
1.92315740523027e-10
-1.54095086528640e-09
-1.38466271241974e-09
-1.40268281506966e-10
-1.46338665470118e-11
-7.85473881353508e-10
-9.59162184670003e-10
-6.80939790829772e-10
-5.49416916752162e-10
-6.49166946129039e-10
6.43360019948536e-11
-2.89329971537448e-10
-6.56983018434390e-10
-6.05908471408775e-10
-5.68536372704079e-10
1.73937788241046e-10
-1.90228018203393e-09
2.84796676439828e-10
-1.25336944302075e-09
-2.37460045555947e-09
-8.30150849828759e-10
9.86109016877715e-10
-9.62911798147779e-11
1.33351661317395e-09
1.10668056418292e-09
1.05027784660186e-09
-2.37875342694008e-09
-2.86988305851131e-09
-1.82605250043177e-09
-2.83521077789880e-09
-1.80393180153379e-09
-6.25695134788657e-10
3.42999742709627e-12
-1.14882792056504e-09
5.39600613803312e-10
-5.75562110490423e-11
-1.50008039069600e-10
-4.68440811134160e-10
-4.01944479617045e-10
-1.62076573904622e-10
-1.95699259933786e-10
2.91763886719066e-11
-1.32347304812269e-10
-3.87001365879705e-10
-1.04400502306576e-10
2.11102036728518e-10
2.64142709223265e-10
3.83378279807386e-10
1.64848012686647e-10
-7.98707494811594e-11
-1.12412196130763e-09
-1.86916132500184e-09
-1.31937471996115e-09
9.47959309192470e-10
8.95717929347235e-10
2.98065457156013e-10
-1.31469286463511e-11
7.46604903920292e-10
4.55834030463923e-10
-2.43784938165141e-10
-5.34487883549660e-10
5.62319482304870e-10
-9.82089522849007e-11
-2.11488306181900e-10
-8.82793337923611e-10
-1.29549021749475e-12
1.12960251650376e-09
-1.23081384078956e-09
-2.09059980340846e-09
-1.46187674216682e-10
-9.95277191882858e-10
3.33580596100265e-10
-6.03440123707553e-10
-1.36999392423657e-09
-9.99493409569647e-10
-5.12459077224787e-11
-4.48282370890734e-10
1.28665830359091e-10
1.60742717165943e-09
-1.62315848747041e-10
-2.92042903110065e-10
-5.83858220887914e-10
1.78976688057771e-09
2.47164557965283e-09
2.93225645891886e-09
1.59584678183505e-09
1.97573039458776e-09
2.82534597821528e-09
1.98150360661207e-09
2.20785228609260e-09
-4.48036492823316e-12
-7.37009993246161e-10
7.85594592032266e-11
-9.44820013166990e-11
3.86793143940286e-11
6.99137275773714e-10
5.31881275192843e-10
-1.30618777955741e-11
3.76443190082980e-10
9.89643619675032e-10
-3.83002995521604e-10
-3.82301303456804e-10
-2.68191203403248e-10
7.67145789471025e-10
-1.13347043649997e-10
-6.85019303119292e-10
-1.06052767179010e-09
-1.07991556944309e-09
8.34654277998660e-10
4.81349785823247e-10
1.44764706910080e-10
4.26043584902646e-10
1.73558424303049e-10
9.44563158971431e-10
1.50840335253180e-10
1.33608409834240e-10
-8.89543373138369e-10
-1.30997564035118e-09
-7.29571134136183e-10
1.75873104994041e-09
1.16131681034441e-09
7.72703448697926e-10
7.25794767695736e-10
-6.39056244946116e-10
1.01710406805993e-10
1.65562081606656e-09
1.38157696088812e-10
-2.21706090537175e-11
4.02914326999475e-10
3.74882401138880e-10
8.06792856606332e-10
7.37735571757856e-10
-2.25641573890808e-10
-1.53221769373819e-09
1.48532269028841e-09
1.90269667234506e-11
1.03170176192426e-11
4.11739780930741e-11
2.88168682579320e-10
-6.16172978507334e-11
8.95282518860105e-11
6.43459816309404e-10
5.89221686450676e-10
4.94641400884674e-10
7.95624330955431e-10
-5.93872971274979e-11
1.97764507666773e-10
-1.07982206057738e-09
1.82371007481824e-09
1.83108052429657e-10
5.81900645757725e-10
5.09339844690264e-10
2.09157625791695e-10
-1.24440225686340e-09
1.72436656678503e-10
1.06766090865855e-10
-1.34788334748336e-10
2.23154446313369e-10
-2.34562116609231e-10
-1.52311528912344e-10
-2.39885851309841e-09
8.60045908646098e-11
-7.97887220693729e-10
-1.57372531954297e-09
2.82807493447186e-10
-9.27656547954924e-16
4.76562068093819e-11
-2.39234294294231e-10
-1.52205968768551e-10
1.26995983023731e-10
2.08688720385084e-10
-5.73499728076877e-11
5.52135592211648e-11
2.55678229584734e-10
-6.72603416012825e-10
6.05142014484391e-10
4.72847781129308e-10
-9.97901731648159e-11
1.14751234045325e-09
-8.51257632904155e-11
-6.14293408412335e-11
-3.97110858899880e-10
-5.39695528368564e-10
-7.11766066897481e-10
-1.07148626196134e-10
4.55325736753733e-10
-8.55940748280958e-10
-1.28400175135417e-09
-1.34651550287558e-09
-3.05745288604353e-09
-4.32341794617885e-09
-6.90813598480140e-10
3.14625119333942e-10
-1.36835806935358e-09
-6.59653936762353e-10
-9.09865073856613e-10
-1.01797542130401e-09
-3.44793293652396e-10
-1.22695563972052e-09
2.72040624947265e-09
-5.42645231706674e-10
-2.13021824639211e-10
-6.37175633648131e-10
-7.20447707026355e-10
-8.35095235197947e-10
-6.67255212645086e-10
-6.85105714005800e-10
-1.36497550769397e-10
-1.50303991118032e-10
3.24973325827814e-09
-1.07416272239319e-09
-5.94521166788550e-10
-3.19700711332320e-09
-1.66748736540057e-09
-6.70334050252928e-10
-9.99329751400500e-11
8.89098858563011e-11
4.64565038554116e-10
1.25872347717470e-09
5.54165568291606e-10
7.20289485958456e-10
3.04271220778035e-09
-1.14279136480168e-11
3.67425678242502e-10
3.69774574668635e-10
-1.66078651070270e-09
8.63306180698726e-10
1.10490907972198e-09
4.58082926396298e-10
1.64188446055135e-09
2.78301167688567e-11
-4.00035660551796e-11
4.81120712201958e-11
9.04657928574313e-10
8.69106028175251e-10
-5.31143706673128e-10
-1.19398948097518e-09
-9.29234171248281e-10
-4.99807889476406e-10
5.63875396900247e-11
-9.47733688015652e-11
-3.92603067876435e-10
-2.66137422939848e-10
-2.55663151103828e-10
5.26121416212447e-11
-5.84859063799070e-11
7.64100673482194e-11
2.30023937987733e-11
7.74099581733636e-10
-6.20213851163301e-10
-1.40751686259033e-09