-0.0131261657316395
-0.0766956064282616
-0.0128453729734748
-0.0833443837297795
-0.0115994939744967
-0.0888152297781970
-0.00932694501055408
-0.0932433017684764
-0.00625055217171311
-0.0962168569505122
-0.00257566816532640
-0.0975502832650849
0.00508330720345491
-0.0957540733057998
0.00840266712135071
-0.0924984817433721
0.0109593587705023
-0.0879148150337956
0.0124676982010827
-0.0823877775020658
0.0129340334574434
-0.0757996229877240
0.0123350712665713
-0.0688742621974752
0.0110277775288965
-0.0618849107856018
0.00892361857878183
-0.0555197356841384
0.00672285013605034
-0.0499098950235355
0.00463069536416703
-0.0454546997921231
0.00271893938629252
-0.0424507418553922
0.000857046075194420
-0.0411188065864023
-0.00255129271150203
-0.0426577699404923
-0.00452920535106631
-0.0458148892981652
-0.00663426341656682
-0.0501496749162453
-0.00886205358075201
-0.0560413032162836
-0.0110174789699111
-0.0625463935898389
-0.0123934248886003
-0.0696599998013977
-0.0560855987744553
-0.192349820424899
-1.28716964827916e-12
-2.16072658886104e-12
0.0745732182980202
-0.226980088205312
-2.69033324704216e-12
-1.72305216363147e-12
0.00130005405728596
-0.0974936513761214
-0.000784843328243485
-0.0410500419057095
-0.0560901873674934
-0.186646244981287
-0.0561027677335759
-0.180922894884633
-0.0561098524073141
-0.175151471364565
-0.0560905834203217
-0.169320797409997
-0.0560257946952933
-0.163432831288817
-0.0559010118349264
-0.157497439241275
-0.0557073533722927
-0.151529159277745
-0.0554415143268463
-0.145543325575999
-0.0551051532153259
-0.139553549859575
-0.0547049719314507
-0.133570815900549
-0.0542519290510434
-0.127599908018874
-0.0537599029641738
-0.121636931369395
-0.0532429049967432
-0.115667335238452
-0.0527108117452841
-0.109665297982712
-0.0521650219534444
-0.103595718294776
-0.0515910968452867
-0.0974165813984646
-0.0509510789860877
-0.0910905022377117
-0.0501865502761769
-0.0846088170015250
-0.0492282948698024
-0.0780050150881055
-0.0480074207771139
-0.0713565304359483
-0.0464832697188373
-0.0647964432096355
-0.0446737762649159
-0.0584630529348934
-0.0426239075776321
-0.0524609502971808
-0.0403907099164940
-0.0468902845881643
-0.0380496356787647
-0.0417849622007101
-0.0356682805204586
-0.0371247298747721
-0.0332860923444147
-0.0328673641537809
-0.0309203390930573
-0.0289700137744143
-0.0285736569805222
-0.0253900174665618
-0.0262381596251338
-0.0220915066218917
-0.0239004570986997
-0.0190475844316181
-0.0215464894982361
-0.0162427999729275
-0.0191647464660314
-0.0136679002456445
-0.0167459967139910
-0.0113158163894130
-0.0142825199588262
-0.00917756985062049
-0.0117651085483242
-0.00724087584206818
-0.00918043984968792
-0.00548093344040377
-0.00649907194851899
-0.00383489373842152
-0.00359727178981678
-0.00224371618713188
0.0567863741407482
-0.215927608903465
0.0474996846505937
-0.209551916181645
0.0400247432647334
-0.205532388929906
0.0333447874952338
-0.202654215566351
0.0271058804577093
-0.200433642753332
0.0211599421128629
-0.198650738125544
0.0154224171642760
-0.197191425013945
0.00983738035375252
-0.195992850889991
0.00436021749400254
-0.195014408154815
-0.00104692629607862
-0.194226736058135
-0.00641489776027560
-0.193606562178633
-0.0117706707878087
-0.193133888098422
-0.0171378542905148
-0.192790172563992
-0.0225367825746067
-0.192557080002125
-0.0279837029843301
-0.192415584376344
-0.0334901372983945
-0.192345500127282
-0.0390619278317215
-0.192325353616522
-0.0446969182150598
-0.192332560266113
-0.0503812812360228
-0.192345229414871
0.00359401581245921
-0.00224531777122843
0.00649202296574062
-0.00384184679594600
0.00916709226205454
-0.00549299878666008
0.0117428182028377
-0.00725749720857849
0.0142482296219601
-0.00919647691453994
0.0166976306951791
-0.0113325142915565
0.0190997464374323
-0.0136793837760075
0.0214618291825287
-0.0162459526511753
0.0237932418716479
-0.0190371623221115
0.0261057021256501
-0.0220619662863495
0.0284129602443398
-0.0253349835393833
0.0307288136598478
-0.0288789236912069
0.0330628768986993
-0.0327279967909769
0.0354155888721369
-0.0369247851313111
0.0377700976195956
-0.0415158014371185
0.0400908600230293
-0.0465327791509901
0.0423247899976103
-0.0519937402387543
0.0443930178676730
-0.0578933341696214
0.0462331339237186
-0.0641327617640021
0.0478001569018215
-0.0706094985681020
0.0490896092555315
-0.0771874027360982
0.0501424654650450
-0.0837498468069293
0.0510127394204008
-0.0902201806374002
0.0517658473964570
-0.0965596413791529
0.0524626168729605
-0.102768283638412
0.0531505804170023
-0.108876640713031
0.0538571117595274
-0.114927562109100
0.0545945425988862
-0.120962534674009
0.0553676426849311
-0.127018037349493
0.0561788773821379
-0.133125406174164
0.0570324298932583
-0.139312182305307
0.0579379377010138
-0.145606518225628
0.0589130694070203
-0.152042612855661
0.0599873372711168
-0.158667119506359
0.0612094374119642
-0.165550830819966
0.0626639191833517
-0.172820527171899
0.0644975828486530
-0.180693800249383
0.0670307984758223
-0.189829471823365
0.0706415259589879
-0.201144020388711
2.35825485141823e-12
5.98647837540458e-13
-4.07819957349709e-12
7.66114535058267e-12
-1.98794962717843e-12
-6.33152532491398e-12
5.48686626678645e-12
-3.85107906047684e-14
-5.47427648624276e-13
4.21341427426139e-12
-3.86551101262343e-12
-5.69804275079433e-12
-9.77488110357101e-13
-2.51561346627965e-12
-2.82817287236335e-12
2.05540078501871e-12
-1.45644952937306e-12
-5.17953889214147e-13
-1.66717767466835e-13
-7.18653242439956e-13
1.20989543261954e-12
7.55769560159481e-13
-2.89581402690604e-12
8.92912119682012e-12
-1.54740255028338e-12
-5.28528586281122e-12
-2.87645106212908e-13
3.64928437149898e-12
3.08837775837163e-13
1.70128911085991e-12
-3.98655800022296e-13
-1.87331411619175e-12
5.80037305128091e-13
-5.19147962859286e-12
-1.92911326804374e-12
-2.32816990724771e-14
-2.04962523774564e-12
4.67439722509350e-12
-0.0157854809266504
-0.0560915909169178
-0.0100594165628616
-0.0494695017968027
-0.00826606872868741
-0.0437608200318067
-0.00316986311496809
-0.0398899975473575
-0.00124890177409500
-0.0385506213416523
0.000332646574797774
-0.0374447893596082
0.00289108886133656
-0.0382876909306419
0.00411046221258765
-0.0404722110665677
0.00606620190019981
-0.0433317794728894
0.0119777365166320
-0.0513499893605583
0.0153747300256634
-0.0551715212508480
0.0183074792791298
-0.0642698472210124
0.0179661747812925
-0.0766607495397442
0.0183068211211580
-0.0822284815735719
0.0167042223531127
-0.0899526902876010
0.0135979567802163
-0.0928174701770776
0.00664515657705370
-0.0989331119838545
0.00304833895651707
-0.101198326253011
-3.55639665158402e-05
-0.103247932108071
-0.00555836140813397
-0.102638142848421
-0.00835504866954221
-0.0999990708108595
-0.0113824428960110
-0.0970138963427558
-0.0170870062591330
-0.0905772104301943
-0.0185436246063602
-0.0828773133528659
-0.0220790104557626
-0.0773506700807666
-0.0184744512561160
-0.0650594497851117
-0.00243634859538299
-0.00139805110333503
-0.0502526481729084
-0.146204175643555
-0.0499399024936907
-0.140183618971359
-0.0495619050424032
-0.134172623685972
-0.0491101729333144
-0.128186382815758
-0.0485943076346989
-0.122189023490393
-0.0480369461341426
-0.116195531223139
-0.0474836003757755
-0.110175184856171
-0.0469961149025176
-0.104107909171375
-0.0464916302734231
-0.0980201594953067
-0.0457956826605505
-0.0916349727623401
-0.0449501443284808
-0.0850564651555242
-0.0439877572749780
-0.0783615213439732
-0.0426148061950266
-0.0714714878291626
-0.0408185145863494
-0.0646013877929570
-0.0388872333824709
-0.0578544356610519
-0.0373814167083614
-0.0515167524670969
-0.0357332783083501
-0.0458378959671698
-0.0338534620247285
-0.0408373287766744
-0.0318438467285355
-0.0363038764964864
-0.0297898596465830
-0.0321302032695454
-0.0276979116135659
-0.0282737016479455
-0.0255779978435972
-0.0247217267325348
-0.0234206951461955
-0.0214247299529887
-0.0212523322808551
-0.0183654836228604
-0.0190668121852458
-0.0155360126245946
-0.0168563309075626
-0.0129311787127273
-0.0123392844594413
-0.00840066350719264
-0.00999686417651543
-0.00645973385032257
-0.00759056627220221
-0.00469667410236046
-0.00508185029947644
-0.00305700025125510
0.00934357692056576
-0.190547314547099
0.00383343974161133
-0.189776755195354
-0.00155719291042056
-0.189122528644861
-0.00690026306551844
-0.188562467652167
-0.0122408782224299
-0.188097808617629
-0.0176063100270350
-0.187734058142738
-0.0229957897300209
-0.187459831577468
-0.0284167397596942
-0.187260818414903
-0.0338929869823590
-0.187121246784414
-0.0394199472208427
-0.187015664324796
-0.0449904738191693
-0.186928871797175
-0.0505709844636485
-0.186822749373784
0.0188598991329745
-0.0154593268489380
0.0209980929278854
-0.0182490620275964
0.0231082738568808
-0.0212596813126404
0.0251854065730064
-0.0245017626518902
0.0272593340452595
-0.0280181782743406
0.0293151389289090
-0.0318441201985751
0.0313539230742243
-0.0360310609651418
0.0333895842959907
-0.0406633812141331
0.0354611259575477
-0.0457337230931623
0.0374340913622580
-0.0512143883628445
0.0391049348678763
-0.0574050123312675
0.0408785666693204
-0.0639928236571513
0.0422010262896771
-0.0707699222318179
0.0432517449732799
-0.0775751565007630
0.0443483446971337
-0.0841971217488163
0.0454375739202288
-0.0906331052663997
0.0464460534224792
-0.0969638235386524
0.0472338596043548
-0.103031622797671
0.0478425617607368
-0.108891530505863
0.0484131520371480
-0.114752639083362
0.0490476318403072
-0.120696749244372
0.0497607232119444
-0.126716232019357
0.0505177261886815
-0.132825413775776
0.0513162033587657
-0.139009141390645
0.0521200724628983
-0.145297940070354
0.0528954066167343
-0.151757820133752
0.0536669011578774
-0.158435236408575
0.0544636020470664
-0.165355693531890
0.0552631278933290
-0.172599711766759
0.0560431399572872
-0.180480690121963
0.0565926460404932
-0.189422326956139
0.0561627562392086
-0.201444083344799
-0.000391367893420939
-0.000445767084205494
-0.000186538086559012
-0.000429259241816578
1.12833874218387e-05
-0.000424508005442654
0.000206976094719838
-0.000429014522070926
0.000406242896551276
-0.000443300946872876
0.000613363442625156
-0.000468744624703786
0.000831115966138969
-0.000508172664665570
0.00106242748793073
-0.000567264618981922
0.00131511600349268
-0.000656453129148759
0.00159911573086316
-0.000790936557856549
0.00194715420400076
-0.00100489555231041
0.00241071457838271
-0.00138716399475316
-0.0397401603492429
-0.181634743130401
-0.0288461747301646
-0.182040672777682
-0.0234592538765493
-0.182304620871696
-0.0507718271349032
-0.164018086621447
-0.0506585292606374
-0.158118708724853
-0.0504869465890996
-0.152171699244527
-0.0409941791700512
-0.0921500545232623
-0.0393747481103415
-0.0787485110923751
-0.0331909391522703
-0.0572322611796429
-0.0314675631162435
-0.0447458886118838
-0.0281505734296604
-0.0356049256943688
-0.0146146284370952
-0.0105529541909436
-0.0105191471052750
-0.00769601910725953
-0.00198962975892405
-0.00102388181276691
0.0475440824313884
-0.180328379834277
0.0475136958440970
-0.165017736842252
0.0472750536395703
-0.158002461982243
0.0266857868208902
-0.193914613229012
0.0207366096756385
-0.192538408559376
0.0149608597905649
-0.191450808420100
0.00243482484795742
-0.107909896354268
0.00331870212604520
-0.00198092662176373
0.00219340292912146
-0.00150758207841961
0.00171110708769171
-0.00137401220452165
0.0122303852595011
-0.00839872525593971
0.0144914126798133
-0.0105415333002566
0.0167064263352826
-0.0128948289331140
0.0332227807373436
-0.0504760642499486
0.0362983185011141
-0.0639855849774333
0.0377229172678445
-0.0779999019791669
0.0388923657610210
-0.0849323607465157
0.0414482768177704
-0.0974348555923391
0.0425421524633553
-0.108708070469419
-0.00164801037432044
-0.000813569230691776
-0.00409494105700633
-0.00242246775847510
-0.00135696167730010
-0.000677571138084692
-0.0186568096241869
-0.0178258221340280
-0.0206801881207777
-0.0209405570873407
-0.000612987780261660
-0.000478055458805673
-0.0246437069564475
-0.0277584501974493
-0.000780667042266396
-0.00121466489999572
0.00510803366092873
-0.0358814286531104
0.0164670217325810
-0.0147933011162919
0.0221411415515755
-0.0237573503973029
0.0257991832176582
-0.0310627361030346
0.0292621719810895
-0.0399327387884168
0.0434651978637047
-0.120212513203616
0.00870629230736972
-0.184929833699231
-0.00834586720025515
-0.107349631450799
-0.0451697815903361
-0.146794499660357
-0.0440735049437201
-0.128691311867437
-0.0429378372688246
-0.116634914324230
-0.0419929527671874
-0.104450150703883
-0.0358276502814564
-0.0648982498320110
0.00317794042654047
-0.184398189910689
-0.0448848126096061
-0.140726010789935
-0.0445317997007013
-0.134692360139657
-0.0111380595633349
-0.104515890141621
-0.0435374879912963
-0.122651286400434
-0.0142614787839116
-0.0936543732475691
-0.0424013306455932
-0.110516072133302
-0.0199639042913878
-0.0957009850908027
-0.0417335915297052
-0.0984900697850118
-0.0228487588222761
-0.0820522171058675
-0.0400478567650499
-0.0854842088011082
-0.0224994071632482
-0.0723932040895429
-0.0379497286465831
-0.0718296665964238
-0.0202023305355860
-0.0594091618344897
-0.0180161237605784
-0.0511877800669636
-0.0326512553917789
-0.0503151139704668
-0.0112405176695018
-0.0456017247702043
-0.0298791142182765
-0.0399953716341895
-0.00681357832656433
-0.0376733226622001
-0.0264600342381584
-0.0315281095933194
-0.00201749950738873
-0.0351510788622316
-0.0227222899502988
-0.0242638242749227
-0.0166428351214059
-0.0149360690868442
-0.000845860731076936
-0.000522290885316601
-0.00109122219807137
-0.000584994359990563
-0.00840648350704495
-0.00576103127642394
-0.00626284374043384
-0.00401676641256921
0.0441304645569610
-0.126228484454164
-0.00288633791189360
-0.106578553055219
-0.00217149960066492
-0.183883647900677
-0.00745702065185890
-0.183395662791390
-0.0127597767243845
-0.182959131164530
-0.0181083898019422
-0.182608748213085
-0.0508114159060337
-0.169815779830262
-0.0342713455990156
-0.181836244130419
-0.0507864159037378
-0.175552971384364
-0.0452348021747664
-0.181450895350709
-0.0507026843023384
-0.181221731549229
-0.000366768004341875
-0.00118136994942118
0.0184109156545650
-0.0175888990919501
0.0203119575134183
-0.0205667443297487
0.00624206697333992
-0.0384211469267520
0.0240167962402313
-0.0272621331359232
0.00872893728761675
-0.0471094666961564
0.0275633204830241
-0.0352325227769847
0.0172887178699867
-0.0501125664524839
0.0311657876079445
-0.0451844326628107
0.0195782074743503
-0.0582322604637933
0.0341424591118261
-0.0569376653389668
0.0234973904936495
-0.0664827413651225
0.0371427987210665
-0.0707843674593241
0.0224896833983176
-0.0772117692220777
0.0204805518556504
-0.0880340293819696
0.0402998927332186
-0.0913198514396058
0.0197377545077195
-0.0951785378538861
0.0421731126849079
-0.103143914581271
0.0127849985360738
-0.100557982669041
0.0429786842668016
-0.114336365916484
0.00544739269713025
-0.105441702841735
0.0448488059876784
-0.132367482569074
0.0456386395508453
-0.138542464945368
0.0463791092358296
-0.144789146223581
0.0469247309216710
-0.151262709673237
0.0328458208025427
-0.195593655443305
0.0475932050990886
-0.172334667935357
0.0394440181471177
-0.197604933013690
0.0471039971404893
-0.189390569751522
0.0468028999274496
-0.199785868756784
-0.000247740831359603
-0.0339322418040079
0.00214241960001310
-0.0354415749357349
3.53395667993668e-05
-0.00117701956663133
0.000434298610820255
-0.00119161451195990
0.000838860224925945
-0.00122419066952200
0.00126207451994268
-0.00128396756706371
0.00992740448712030
-0.00646396394147878
0.00272471854415825
-0.00170454623323329
0.00753844509153203
-0.00469184567010566
0.00404003516331982
-0.00240072916595386
0.00504527607709228
-0.00304805833510239
0.0145094675518522
-0.0122267969691533
-0.0453227122674169
-0.152672193377108
-0.00122991918063520
-0.00128508469374792
0.0143519055895054
-0.185401150660459
-0.0125821716087866
-0.00985615112536870
-0.00276350352890231
-0.00172914105983797
-0.0454017069143973
-0.175892132152378
0.0394184776717873
-0.188668124960673
0.00620385910524771
-0.00400595594235823
-0.0454943889499644
-0.164501115464117
0.0262972024922030
-0.186574153793393
0.0104226055719949
-0.00771388225052495
-0.00337503042829046
-0.00200831083850627
-0.00221203588097918
-0.00153022060678328
-0.0454809755511429
-0.170239154943544
0.0325857895454471
-0.187542915601728
0.00834253563735662
-0.00577465731178628
-0.0307606772770976
-0.0660751138815030
0.0325953863017724
-0.0702844579902376
-0.0339809340513789
-0.0727455739145475
-0.00117740270298331
-0.00225698041755083
0.00782819223171080
-0.179221694438963
-0.0345834928561846
-0.176474679238384
0.00421096882661186
-0.00309324495849973
-0.0292307616140961
-0.176777704151514
0.00339418801008119
-0.00281095235109473
0.0322844464200067
-0.0640062399339364
-0.0239270030924622
-0.177081924256314
0.00263269777007629
-0.00258621563615353
-0.0186419502315245
-0.177371590204279
0.00193555932227434
-0.00243045450492484
-0.0300143265039512
-0.0601062532761089
-0.0133342059614826
-0.177686357605129
0.00129237600083531
-0.00234138841599646
-0.0355069517831559
-0.0789265192837723
0.0320291273500429
-0.0784010239208986
0.0401571097283554
-0.171849467116372
-0.0276565133969446
-0.0530815186999485
-0.00809897423575853
-0.178070791362110
-0.00699482849149661
-0.00517134682360920
0.000675012777667888
-0.00229572712018919
-0.00882724769108700
-0.00708050254903299
0.0336656634533848
-0.0862145437807977
-0.0232903068631960
-0.0310756053115482
0.0374705844953354
-0.113653352852818
0.0283818341119177
-0.0574948379079563
-0.00292134172088800
-0.178498062164241
0.0406515768613331
-0.164359489144330
5.58635051855411e-05
-0.00225323478592517
-0.0217775987263609
-0.0274653187168168
-0.0281346450463925
-0.0483465146611614
0.0354350794583652
-0.0923678395017308
-0.0245682682044934
-0.0350121066723721
0.0372452744647570
-0.108134470071552
0.0410775372108242
-0.157280612254778
-0.0275712397871139
-0.0436227682640146
0.00233868002095762
-0.178909587097591
0.0369165352431222
-0.0978226209782617
0.0299404321782007
-0.0498136979970778
-0.0366777402869396
-0.0927881643435279
-0.000557584342188825
-0.00222640062733696
-0.0259989626430766
-0.0392849069645105
0.0372378535508793
-0.102910318930100
0.0292742920389801
-0.0533865374194037
-0.0350047957037508
-0.0857998214191619
0.0267576141684054
-0.0452036458536815
-0.0374791881085310
-0.0987722316918873
0.0254528589715247
-0.0391799102391030
-0.0371685866411711
-0.104318550339158
0.0240746010873216
-0.0344515486133104
-0.0374112830414851
-0.110565324699471
0.0412134601951255
-0.150601941921454
0.0226347225336336
-0.0303756596889488
-0.0380164563803754
-0.116877649936172
0.0210955109204990
-0.0266615608513643
-0.0386577467139852
-0.123031875037129
0.0194026164625863
-0.0231935639944246
-0.0392235962099909
-0.129107835906854
0.0408676307016231
-0.144183177831439
-0.0200047135069305
-0.0240609241712851
0.0400201591796202
-0.138050273855035
0.0379449024235253
-0.119494203491459
-0.0396678834080275
-0.135150553716679
0.0176927708919862
-0.0200267606990866
0.0391411330937038
-0.131856159372332
-0.0161230513874817
-0.0174787773040806
-0.0180457779167148
-0.0207099586588549
0.0385017431443678
-0.125584431205079
-0.0399999085116200
-0.141161667349099
0.0160119164481972
-0.0170611909967146
-0.0454073464015464
-0.158615526488880
0.0124878869700878
-0.00986841124548331
0.0202133421374356
-0.185873279418055
-0.00170667905849090
-0.00138775123147048
-0.0146139121888077
-0.0122703357990568
-0.0399872649636452
-0.176188345467616
0.00513074121451606
-0.00348071487964740
0.0397034948362908
-0.179911568987767
-0.00516736924026115
-0.00347982631258950
-0.0401302780818251
-0.170618411893576
0.00697199857762708
-0.00521934473811457
0.0325297591425931
-0.179134384704839
0.0143099336770835
-0.0142726971816900
-0.0402173340482851
-0.147148192065938
0.0134509942410299
-0.179196974686049
-0.00185938545225240
-0.00237668935874198
-0.0142891263349963
-0.0144508206278846
-0.0106560470596284
-0.00924111069894533
0.0325020908726634
-0.118571083593382
-0.0173822267012070
-0.0241906406432240
0.00141585306822455
-0.173368930484105
-0.000778723142426906
-0.00349890027596561
-0.0154818462219040
-0.0207789473598371
0.0137442333717926
-0.0166374171312562
-0.0349424816585840
-0.135536091386282
0.0330178997076929
-0.124837580952688
0.0275007355213976
-0.0743582605710113
-0.0260908935894345
-0.0745858679689449
0.0239813594590508
-0.0607272626931863
0.0152193896245998
-0.0196867244152622
-0.0345903816335510
-0.129511750481340
-0.0251224731103391
-0.0625973757976485
-0.0282792949138240
-0.0846522618584877
0.0281447065926380
-0.0685635073997841
0.0169806343153021
-0.0229131040607645
-0.0340482569523731
-0.123383326719388
0.0246252089496234
-0.0552103494592954
-0.0289856411137569
-0.0970111206020707
0.0223904996533306
-0.0428962065878130
0.0185571003411405
-0.0262996301002087
-0.0333576857049835
-0.117060280209302
-0.0262005114232734
-0.0574290168771701
-0.0232267543380964
-0.0499210310111683
0.0279671697492298
-0.0885783824686654
0.0197752198206589
-0.0297721727851729
-0.0325850126790075
-0.110407685489420
-0.0279037209403214
-0.0706376951213292
0.0274643014456811
-0.0816713161663619
-0.0239964381045543
-0.0459722951449226
0.0208903849806179
-0.0336316575587090
0.0307509426412709
-0.0945156413387604
-0.0190307318976434
-0.0274398719943648
-0.0341276151069444
-0.0986442237786135
0.0218992490751589
-0.0380354941323837
-0.0218255320153461
-0.0391088323334450
0.0321418718198907
-0.101828951587052
0.00881242959150628
-0.00717288273787057
-0.0401458123669062
-0.164868568825408
-0.00422368440933990
-0.00308380527651627
-0.00573518612812950
-0.00470573629875102
-0.0306001717528395
-0.0891646868176812
0.0254408689790621
-0.0501944292675614
-0.0347729239230133
-0.170969786332147
-0.0295352692164296
-0.171342112606138
0.00576143015763811
-0.00480480062484846
0.00465373532405009
-0.00448603953532750
-0.00883751705416924
-0.172439932917060
0.000913836453590853
-0.00375367815647293
-0.0243997254679129
-0.171684353819379
-0.0140230373031042
-0.172178363682832
-0.0209487711760761
-0.0343969702578561
0.00355911845426618
-0.00411617650248591
0.0317812818681788
-0.106969755918364
0.00175726846020687
-0.00377871718155628
-0.0192410483659258
-0.171957100309968
0.00261135372356575
-0.00388300949939538
0.0327885469785173
-0.170804106191533
0.0340433818429637
-0.163157416746831
-0.0203588246216794
-0.0307852251062564
0.0320572830447211
-0.112635036570328
-0.00376989159287256
-0.172874244296308
3.59373069245099e-05
-0.00361927550142640
0.0342918624340813
-0.137812741270751
0.0357574588018025
-0.143697239132936
-0.0135724985246917
-0.0173062695505156
0.0352014287126458
-0.156097308278152
0.0358568461440775
-0.149706752208345
0.0333113723137283
-0.131216058043388
-0.0400971335124716
-0.158903025506470
0.0106878162344780
-0.00934750678719574
0.0257724469168859
-0.178456702159998
-0.00337662222985862
-0.00279315973096082
-0.00259894337952711
-0.00256647875250922
0.0194269842625235
-0.178814828726357
-0.0401286847531303
-0.152898447659394
0.0125500734622779
-0.0117187357015522
-0.0124750022080685
-0.0116953888879447
-0.0353088409510938
-0.141423338099102
0.0123808503672694
-0.0139167101233262
0.00671049889015997
-0.173492871869797
-0.00156684525496843
-0.00348528954018908
-0.0120167419510577
-0.0140249698947772
-0.00728145563625568
-0.00657818462318338
0.0279832172370166
-0.123650758772902
-0.0302071751161695
-0.129832191787952
0.0150001333437581
-0.0230449819835989
-0.0297722337546914
-0.123748221429489
0.0163872431600703
-0.0261072201849064
-0.0108624455075115
-0.0172423985987038
0.0127324677653589
-0.0196383318695992
-0.0303838119893157
-0.135895835973725
0.0274925389574537
-0.117565496097311
-0.0148751546032508
-0.0247954817965375
-0.0245690701544791
-0.0867809545676157
0.0208552639464132
-0.0527311474519884
-0.0232295971134445
-0.0935897199258733
0.0184032692722371
-0.0455508109656607
-0.0218892190182118
-0.0543161781906951
0.000535507122764650
-0.167847953111142
-0.00108638778541796
-0.00497414140789843
0.0264452269899196
-0.105479137139214
0.00325490369063174
-0.00556083318497166
-0.0198166395742538
-0.166356259688737
0.0268351560699579
-0.111534135790543
-0.0194237188384626
-0.0470125261665242
0.0230004342297526
-0.0818737177953625
0.0236543391467441
-0.0928233596686414
-0.0204661427977824
-0.0431500429966278
0.0269887002880967
-0.0988840412852400
0.0271902789078950
-0.130091900737574
-0.0254681545754444
-0.0987282005103454
0.0159078531767791
-0.0396972069694777
-0.0177448783826593
-0.0373098119264007
-0.0267337935865083
-0.104213686424036
0.0186451658101802
-0.0368630772197686
-0.0168244977435391
-0.0329709471581068
-0.0179588940159749
-0.0304947105375444
-0.00961864979221742
-0.166330557086255
0.00115639081060887
-0.00567796733222345
-0.0147258878665181
-0.166410443487912
-0.00447475650994354
-0.167055450605850
-9.24927609401657e-05
-0.00522537413439477
0.00435894242398867
-0.00584603946252627
-0.0247704084706502
-0.165992493239692
0.0170315002826803
-0.0291435599737489
-0.0289967148009413
-0.117359190699483
0.0296735866897612
-0.154182781639517
0.0178655176938855
-0.0327981026645187
-0.0279149795650148
-0.110720395485506
0.0317803499328864
-0.143718230335039
-0.00459096591248351
-0.00435427293445161
0.00736698902946736
-0.00680357058931878
-0.0347014755770905
-0.158959725776046
0.0306829374359034
-0.148162526882027
0.0281351022950628
-0.138655847921888
-0.0296802787438986
-0.165528435482293
0.00599161510382315
-0.00664791197449133
-0.00352075654010549
-0.00405980867330424
0.0180060767665877
-0.171846765090917
0.0279172087294776
-0.160953815602294
0.0248152761462160
-0.168963603345683
-0.0348678886192030
-0.152652235228695
0.00913186987316330
-0.00903833302057925
-0.00247000242210940
-0.00368824482273642
0.0121280561909294
-0.173052171829892
-0.00887889519557511
-0.00873279512947878
0.0108348372494112
-0.0114004961497438
-0.0355601143882288
-0.147169171467946
-0.0104763191168296
-0.0111989603776264
-0.0306629721886071
-0.141906291999251
0.0115445886570801
-0.0162442950639554
0.00552575367203558
-0.167930670924023
-0.00192240156965837
-0.00478073307201118
-0.0347873871876281
-0.165127467815999
0.0118391591541309
-0.0245928561142505
-0.0261606218122268
-0.130059299883242
-0.0109922866156187
-0.0225519561176279
-0.00585478550572454
-0.00619918733106472
-0.00931094607611775
-0.0193695125343838
0.0236756012161473
-0.122176999628302
0.0138809570486627
-0.0280081197730420
-0.0258328190470473
-0.124136496005948
-0.0262373671060175
-0.136053167283438
0.0106325188959035
-0.0215911195254990
0.0229767553083841
-0.116792595430611
0.0235274913220325
-0.125933956255664
0.0218747705188952
-0.110836010029327
-0.0125259650964754
-0.0259201116419977
-0.0224029276461982
-0.0994798968052902
0.0151902075424259
-0.0434648203057964
0.0224253308706070
-0.0993290961981271
-0.0159461063853870
-0.0444263428197798
0.0204878632514099
-0.103926203485895
-0.0135655816357131
-0.0340978534796248
0.00225539212143808
-0.00547166438436061
-0.0139111739689938
-0.0389236898729789
-0.0154320534776084
-0.160675394561069
7.75150836464763e-05
-0.162788625393207
-0.000380490940181524
-0.00698483647286369
0.00498316350150641
-0.00763086473344080
-0.0142155394992867
-0.0292767109855593
-0.0201024542009154
-0.160559378752400
-0.0101047449802517
-0.158956841307925
0.00195478969280213
-0.00732059221862919
-0.00447528056967984
-0.161317833553389
0.000756305873467909
-0.00749438068376873
-0.0212930287128824
-0.104160577773313
0.0132859727191493
-0.0384880413922679
0.0216363846701379
-0.130755577233272
0.0258716524993483
-0.145300958747107
-0.0249864282453262
-0.117892072884439
0.0150047105551906
-0.0321556457821520
-0.0235129177957663
-0.111340760948594
0.0220130844189462
-0.136818379587784
0.00597545508128169
-0.00790729348175407
0.0197103998456223
-0.162407750206575
0.0244675965458868
-0.151320485100974
-0.0247714444917554
-0.159765628098385
-0.0295422443457770
-0.158965416432271
0.00791066521481308
-0.00908316179298802
0.0225741223956466
-0.157206081559133
-0.00444400073114008
-0.00595122660943271
0.0153383505912655
-0.165538031286752
-0.00293087283683393
-0.00506644054196780
0.0104309287585753
-0.167215216112713
0.00940077502129027
-0.0113298146773208
-0.0290491497752632
-0.150969674001462
-0.00865249302125914
-0.0107747597594468
-0.00726993154483542
-0.00836548297861368
-0.00990144232482829
-0.0135415982170844
0.0107002209629445
-0.0137020390355691
-0.0318630811978615
-0.146669612810949
-0.0259788270411331
-0.143268407894444
0.00992592301148458
-0.0186952607334884
-0.00817557295694911
-0.0152605670964710
0.00441119249520220
-0.162673746377817
0.00996480936057842
-0.0253783176998926
-0.0222322179940257
-0.124457928094342
-0.00767491748441759
-0.0207761427402201
-0.00887106878146128
-0.0238042264038453
0.00877457652278743
-0.0220987586163340
-0.0222508991968549
-0.130040648243528
0.0202924715538587
-0.125962533080342
0.0199833536854279
-0.121663934614136
0.0174600225794910
-0.111312846801878
0.0154948388237373
-0.105735500820795
0.0113244749529639
-0.0287153639632085
-0.0213974449848345
-0.118645487476851
-0.0111740700508107
-0.0363509377526149
-0.0100576660253630
-0.0272496408924589
-0.0115524831684242
-0.0308688439869260
0.00390926438315045
-0.00752194485457173
0.00285331950699583
-0.00742975459972853
-0.0163697401907737
-0.156073118191920
-0.0139556576653797
-0.153205800829652
-0.00297604466649528
-0.156260335366696
0.000464904146240363
-0.00887099264602102
0.00174948287611379
-0.00875296040010252
-0.00732358587861276
-0.153034027188527
-0.00171093898479849
-0.00688645849171379
0.00986660848473410
-0.0327234896500063
-0.0197211096371514
-0.112685772761084
-0.0172671669310578
-0.106840944063716
0.00990825306070330
-0.0391703043991861
0.0195542581967245
-0.148365048125730
0.0207268562091617
-0.142639191596830
0.00861834221347742
-0.161798196012891
0.0171728635851656
-0.134957250546689
-0.00470207178983792
-0.00837042398407755
-0.00323246375782857
-0.00787834618937123
0.0126288967194025
-0.160295909390622
0.0181035071754295
-0.153612116326841
0.0159492457214255
-0.157741261408351
-0.00589083193623362
-0.00826569279542736
-0.00697036866954091
-0.0104747189216466
0.00814774758127116
-0.0115641936786234
-0.0239825596684738
-0.153123760863122
-0.00791871635603194
-0.0128053214700234
0.00887562426443112
-0.0151749783503377
-0.00956632735884482
-0.0396906666262026
0.0164681314621376
-0.0980662054726509
-0.0172022906624823
-0.0987542130951605
0.00801124451703937
-0.0411957504934472
-0.0220503359931864
-0.135620086745790
0.00786670680035084
-0.0188835012862102
-0.00758226915524391
-0.0170961221103391
0.00292482031367856
-0.157471621377344
-0.000510122587937943
-0.00888041922752455
0.00698833627198542
-0.00952419803888156
-0.00599330202914806
-0.0215043343860001
-0.0167654364782003
-0.124421296561750
0.00666866977219234
-0.0229795029680450
0.00773436746659946
-0.0264116587197567
-0.0181975823989978
-0.119585624104968
-0.00679859746020929
-0.0245961206199417
-0.00181711535544270
-0.00904433477071544
0.0170458870425186
-0.121433190350081
0.0113751334443664
-0.107659562281104
0.0153843791882759
-0.117511270875684
0.00681707270384584
-0.156570241978604
-0.00335019492949322
-0.00965254795712510
-0.00829594351533646
-0.0330485226954354
-0.00753375301838589
-0.0282770390420078
0.0105057323036959
-0.155616170783549
0.00466395399203847
-0.00991577708776384
0.00883985617930083
-0.0296780084056947
-0.0163630080534913
-0.114475450460222
-0.0178245585971858
-0.149797142258600
0.00324824911803487
-0.0100082316120969
-0.0114676205528559
-0.148902497550079
0.0172220827702810
-0.129890306592503
0.00117179905102559
-0.0105889432895161
-0.00485076605813100
-0.147990318747827
-0.00526970044569371
-0.0105232596193680
0.00740279090038331
-0.0340186565803416
-0.0139161364604652
-0.109376182394533
0.0147985132516224
-0.139900274277479
0.0138576516419332
-0.151088482529150
-0.00650299325607043
-0.0124163439683777
0.00703797778342295
-0.0121899973865216
-0.0217960386301808
-0.147136299549813
-0.00631875335457597
-0.0138549839772654
0.00690957132936126
-0.0156618971999112
-0.0223294978353040
-0.140408054808465
-0.0186233538860353
-0.129515061391883
0.00587448241224796
-0.0194248478745194
-0.00655754349213002
-0.0183932522185490
0.000307476820973743
-0.151695708667485
-0.000326941945834689
-0.0110395500515959
0.00548000570537746
-0.151498864297580
-0.00178785633518870
-0.0112750836376197
-0.0129040312475334
-0.123896068209257
0.00423595168063179
-0.0241750695052551
-0.00433113144575392
-0.0217914640218480
-0.00330164203601333
-0.0117292466262961
0.00950962852937468
-0.150647854607753
0.0101850779269092
-0.114453849271254
0.0125371627245625
-0.119326882057750
0.0156670684736616
-0.124592620787297
-0.00484510606033790
-0.0248924376999427
0.00549827400947977
-0.0278985113963887
-0.0133437377999927
-0.116755646114525
-0.00501033796690096
-0.0323781732727290
0.00432032936303358
-0.0130266828260847
0.0119533565132359
-0.126223498108320
-0.0154324940172812
-0.145089715689241
0.00247297839569938
-0.0113260400287783
-0.00907405982450864
-0.144125511138762
0.00646168705366136
-0.0311289225878350
-0.0109688542583147
-0.112098739600370
0.00969033302788167
-0.134604511018909
-0.00465077008390983
-0.0145270585582904
-0.00604295421205206
-0.0154758707717984
0.00514493783786977
-0.0160950717974534
-0.0172231846658751
-0.135842091402368
-0.00484475479366859
-0.0125838139100857
-0.0104475461346244
-0.127410495536308
-0.00522580321643175
-0.0189232306735638
-0.00280445306444513
-0.142924602152690
-0.000170922617300174
-0.0136273071375806
0.00832087412879974
-0.144662071515747
-0.00324310201965872
-0.0140247889032940
0.00148025946234925
-0.145732879862187
-0.00173680664746140
-0.0137736157185255
-0.00303089968345856
-0.0248714472278409
0.00263022303473130
-0.0273901447544928
-0.00555832325599455
-0.118730929906045
0.00977621245069107
-0.121119829656942
0.00704086080395577
-0.123025507632151
0.00292781566597097
-0.0134962628923876
-0.0130152765387735
-0.140118234850700
0.00289743767511585
-0.129593661614159
0.00921556073515901
-0.139172360198396
-0.00574057910544955
-0.0167827045991611
0.00342861919545773
-0.0164394836614050
-0.0133546083979955
-0.131680491852309
0.00733681998801267
-0.116657666741816
0.00347332564068361
-0.0300913221535237
-0.00302124453002436
-0.114642051691895
-0.00301228618648878
-0.0280892131660564
0.0142635825620708
-0.145890600151760
0.0133251155186603
-0.154710290393359
0.00489167093020662
-0.112323776190788
-0.00267356646149732
-0.0315753040510397
0.00216232604688261
-0.115216278608055
-0.000789319723282336
-0.0305924373398904
0.00166920321780893
-0.0166002727635434
-0.00446182240004217
-0.134741728195276
0.00467989185676067
-0.119271967966628
-0.00115676345254714
-0.0273967813748981
0.000933116342757834
-0.0293106322345854
-0.000406712968430257
-0.118644435018557
-0.00524523300793610
-0.126682998240683
0.00204382375661716
-0.0232741108702521
-0.00273591957784415
-0.0219319976056690
-0.00674550415413218
-0.139382878007562
0.00137728498750820
-0.0135387342345905
-0.0192192350365177
-0.142178483005639
0.00571507066675616
-0.0126307823363037
0.00332983621436149
-0.141148524584342
-0.00335624618050211
-0.0165257184559143
-0.000808166821444897
-0.138081753702418
-0.00181138135727842
-0.0165352629103154
0.00220825829273662
-0.122485762666751
-6.57653304606872e-05
-0.126181268418504
0.00481725573335165
-0.136724636222344
-0.00375682950486834
-0.0191154662512606
0.00188568396826242
-0.0199504964399967
-0.00766946669819700
-0.131082334247781
-0.00563311117616387
-0.110785156267538
0.00424444733794311
-0.0331171106276432
0.00105678776207559
-0.133668171393260
-0.000258581108442697
-0.0202304952245451
0.00154401960060651
-0.0322477013313759
-0.000319858449407814
-0.110964504513241
-0.00283682235657180
-0.122493066743338
0.000438598533960713
-0.0265156890891500
-0.00129692818094166
-0.0244946142631499
-0.0196643861810100
-0.154864291397335
0.00587408291536129
-0.00976988303768290
0.000258996790164524
-0.0236116582951113
-0.00224665978525345
-0.130272034299598
-0.00147290890658964
-0.0222670998934682
-0.00215110472409353
-0.0193427541595767
-0.0178959050704988
-0.0708300559568755
-0.0178558081619345
-0.0771675988124285
-0.0124730907083157
-0.0523966259108911
-0.00555693866591548
-0.0417521492287527
0.0179546053904199
-0.0702607205993694
0.0102765316418503
-0.0960649589301651
-0.0206534413333589
-0.0885083660162413
0.0228379640297760
-0.0719535274344814
-0.0125786917796067
-0.0419762126874477
-0.0145298112320698
-0.0482646401295824
-0.0236028512656320
-0.0675529966538019
0.0138687592914259
-0.0472657093555748
0.0106389342747977
-0.0442304931149698
-0.0141752136417704
-0.101687832325353
-0.00417928454573201
-0.0362767825885132
0.00894507911524281
-0.103052143948602
0.0237234315952708
-0.0861250104678270
-0.0267158253360323
-0.0916727742301712
0.0258712996330582
-0.0777637723289978
0.0281828101573141
-0.0627126316490423
-0.0247867109559562
-0.0775349688312211
-0.0262031499340494
-0.0805880921344131
-0.00820091244749282
-0.115239729240166
-0.0170956059320047
-0.0409533384856810
0.00788845485263660
-0.109894551428138
0.0218152130635898
-0.0476885847720456
0.0122613496397955
-0.0414244871400603
0.00842984591737382
-0.0366823416674778
-0.0308711146722125
-0.0748049555891203
-0.0286039417911428
-0.0779259090490779
0.0315212812366114
-0.0593316024912311
-0.0311261881034638
-0.0818580050313732
-0.0325125529403864
-0.0944293058173437
0.0332613196565804
-0.0980256463741211
-0.0105841335717816
-0.119702091667229
-0.00794917029400064
-0.123081615390638
0.0135442008425171
-0.112616852674299
-0.00513400066237114
-0.0284124129896807
0.0188816213193902
-0.0411328535034228
-0.0150744117810270
-0.0367224123682863
-0.0245764643114785
-0.0429664122288023
0.00386982292029629
-0.0198815218379831
0.00174118661392035
-0.0257855100185656
-0.0317688225370778
-0.103003676985300
-0.0326983602890328
-0.0785904077235901
0.0157350422109108
-0.0359311086823080
0.0131275417201269
-0.0354076010453052
0.0113219116114486
-0.0377143725247468
-0.0152857799551003
-0.121103881639626
-0.000121574412561008
-0.0166818951004323
0.0190080303717502
-0.116728901329081
0.00484223830961941
-0.125952726834186
0.0106667696238613
-0.0355274331540626
0.0123738151132014
-0.0321470490377801
-0.0191065578861680
-0.124527416676582
-0.0154495415893219
-0.127469323013924
-0.0103188700859625
-0.135587293027613
-0.0130955852011374
-0.0212841229667126
-0.0164608587284304
-0.0279405222276660
0.0146804227523363
-0.0259538203139874
0.0134306501305498
-0.0237459668857131
0.0122005434653926
-0.0216146888842770
0.00617083094815581
-0.132497405796006
0.00930437839607736
-0.0134558568077154
0.00885534059061865
-0.126090649939676
0.00762627729914317
-0.128828284012473
0.00511441733249999
-0.147368591484804
0.0106483755912701
-0.130652889546099
-0.00470526759353137
-0.0166530916668995
0.0145171363669451
-0.129802361150512
0.000120516364474180
-0.158865970395646
0.0127024316915474
-0.135578058587325
0.0137489828538822
-0.132808250842092
-0.00225244196939176
-0.00594740238098293
-0.00314535427652446
-0.00639762616460820
-0.00413840301255770
-0.00692043790112936