  1,   90,   88,   87,   92,   23,   21,   20,   25
  2,   88,   90,   91,   68,   21,   23,   24,    1
  3,   69,   68,   91,  108,    2,    1,   24,   41
  4,   79,  100,   99,   80,   12,   33,   32,   13
  5,  101,  122,  117,  116,   34,   55,   50,   49
  6,  114,  126,  103,  104,   47,   59,   36,   37
  7,  110,  121,  130,  129,   43,   54,   63,   62
  8,   98,  111,  131,   97,   31,   44,   64,   30
  9,  116,  118,  121,  110,   49,   51,   54,   43
 10,  132,   94,   95,   96,   65,   27,   28,   29
 11,  130,  111,   98,   99,   63,   44,   31,   32
 12,  116,  110,  109,  101,   49,   43,   42,   34
 13,  104,  105,  106,  125,   37,   38,   39,   58
 14,  115,  125,  106,  107,   48,   58,   39,   40
 15,  105,  104,   73,   72,   38,   37,    6,    5
 16,  113,  120,  128,   93,   46,   53,   61,   26
 17,   93,   86,   85,   94,   26,   19,   18,   27
 18,   92,   87,   86,   93,   25,   20,   19,   26
 19,  107,  106,   71,   70,   40,   39,    4,    3
 20,   94,   85,   84,   95,   27,   18,   17,   28
 21,   84,   83,   96,   95,   17,   16,   29,   28
 22,   96,   83,   82,   97,   29,   16,   15,   30
 23,   97,   82,   81,   98,   30,   15,   14,   31
 24,   81,   80,   99,   98,   14,   13,   32,   31
 25,  100,   79,   78,  109,   33,   12,   11,   42
 26,  109,   78,   89,  101,   42,   11,   22,   34
 27,   77,   76,  123,  122,   10,    9,   56,   55
 28,   75,   74,  103,  102,    8,    7,   36,   35
 29,  102,  117,  122,  123,   35,   50,   55,   56
 30,   74,   73,  104,  103,    7,    6,   37,   36
 31,  106,  105,   72,   71,   39,   38,    5,    4
 32,  125,  115,  127,  119,   58,   48,   60,   52
 33,  107,  108,  124,  115,   40,   41,   57,   48
 34,  124,  108,   91,  112,   57,   41,   24,   45
 35,  108,  107,   70,   69,   41,   40,    3,    2
 36,  120,  118,  119,  127,   53,   51,   52,   60
 37,   90,   92,   93,  128,   23,   25,   26,   61
 38,  101,   89,   77,  122,   34,   22,   10,   55
 39,  132,  113,   93,   94,   65,   46,   26,   27
 40,  131,  111,  134,  133,   64,   44,   67,   66
 41,  112,   91,   90,  128,   45,   24,   23,   61
 42,  133,  134,  120,  113,   66,   67,   53,   46
 43,  118,  116,  117,  126,   51,   49,   50,   59
 44,  109,  110,  129,  100,   42,   43,   62,   33
 45,  126,  117,  102,  103,   59,   50,   35,   36
 46,  125,  119,  114,  104,   58,   52,   47,   37
 47,  130,  121,  134,  111,   63,   54,   67,   44
 48,  120,  127,  112,  128,   53,   60,   45,   61
 49,  121,  118,  120,  134,   54,   51,   53,   67
 50,  123,   76,   75,  102,   56,    9,    8,   35
 51,  124,  112,  127,  115,   57,   45,   60,   48
 52,  114,  119,  118,  126,   47,   52,   51,   59
 53,   99,  100,  129,  130,   32,   33,   62,   63
 54,  113,  132,  131,  133,   46,   65,   64,   66
 55,   96,   97,  131,  132,   29,   30,   64,   65
 56,  157,  155,  154,  159,   90,   88,   87,   92
 57,  155,  157,  158,  135,   88,   90,   91,   68
 58,  136,  135,  158,  175,   69,   68,   91,  108
 59,  146,  167,  166,  147,   79,  100,   99,   80
 60,  168,  189,  184,  183,  101,  122,  117,  116
 61,  181,  193,  170,  171,  114,  126,  103,  104
 62,  177,  188,  197,  196,  110,  121,  130,  129
 63,  165,  178,  198,  164,   98,  111,  131,   97
 64,  183,  185,  188,  177,  116,  118,  121,  110
 65,  199,  161,  162,  163,  132,   94,   95,   96
 66,  197,  178,  165,  166,  130,  111,   98,   99
 67,  183,  177,  176,  168,  116,  110,  109,  101
 68,  171,  172,  173,  192,  104,  105,  106,  125
 69,  182,  192,  173,  174,  115,  125,  106,  107
 70,  172,  171,  140,  139,  105,  104,   73,   72
 71,  180,  187,  195,  160,  113,  120,  128,   93
 72,  160,  153,  152,  161,   93,   86,   85,   94
 73,  159,  154,  153,  160,   92,   87,   86,   93
 74,  174,  173,  138,  137,  107,  106,   71,   70
 75,  161,  152,  151,  162,   94,   85,   84,   95
 76,  151,  150,  163,  162,   84,   83,   96,   95
 77,  163,  150,  149,  164,   96,   83,   82,   97
 78,  164,  149,  148,  165,   97,   82,   81,   98
 79,  148,  147,  166,  165,   81,   80,   99,   98
 80,  167,  146,  145,  176,  100,   79,   78,  109
 81,  176,  145,  156,  168,  109,   78,   89,  101
 82,  144,  143,  190,  189,   77,   76,  123,  122
 83,  142,  141,  170,  169,   75,   74,  103,  102
 84,  169,  184,  189,  190,  102,  117,  122,  123
 85,  141,  140,  171,  170,   74,   73,  104,  103
 86,  173,  172,  139,  138,  106,  105,   72,   71
 87,  192,  182,  194,  186,  125,  115,  127,  119
 88,  174,  175,  191,  182,  107,  108,  124,  115
 89,  191,  175,  158,  179,  124,  108,   91,  112
 90,  175,  174,  137,  136,  108,  107,   70,   69
 91,  187,  185,  186,  194,  120,  118,  119,  127
 92,  157,  159,  160,  195,   90,   92,   93,  128
 93,  168,  156,  144,  189,  101,   89,   77,  122
 94,  199,  180,  160,  161,  132,  113,   93,   94
 95,  198,  178,  201,  200,  131,  111,  134,  133
 96,  179,  158,  157,  195,  112,   91,   90,  128
 97,  200,  201,  187,  180,  133,  134,  120,  113
 98,  185,  183,  184,  193,  118,  116,  117,  126
 99,  176,  177,  196,  167,  109,  110,  129,  100
100,  193,  184,  169,  170,  126,  117,  102,  103
101,  192,  186,  181,  171,  125,  119,  114,  104
102,  197,  188,  201,  178,  130,  121,  134,  111
103,  187,  194,  179,  195,  120,  127,  112,  128
104,  188,  185,  187,  201,  121,  118,  120,  134
105,  190,  143,  142,  169,  123,   76,   75,  102
106,  191,  179,  194,  182,  124,  112,  127,  115
107,  181,  186,  185,  193,  114,  119,  118,  126
108,  166,  167,  196,  197,   99,  100,  129,  130
109,  180,  199,  198,  200,  113,  132,  131,  133
110,  163,  164,  198,  199,   96,   97,  131,  132
111,  224,  222,  221,  226,  157,  155,  154,  159
112,  222,  224,  225,  202,  155,  157,  158,  135
113,  203,  202,  225,  242,  136,  135,  158,  175
114,  213,  234,  233,  214,  146,  167,  166,  147
115,  235,  256,  251,  250,  168,  189,  184,  183
116,  248,  260,  237,  238,  181,  193,  170,  171
117,  244,  255,  264,  263,  177,  188,  197,  196
118,  232,  245,  265,  231,  165,  178,  198,  164
119,  250,  252,  255,  244,  183,  185,  188,  177
120,  266,  228,  229,  230,  199,  161,  162,  163
121,  264,  245,  232,  233,  197,  178,  165,  166
122,  250,  244,  243,  235,  183,  177,  176,  168
123,  238,  239,  240,  259,  171,  172,  173,  192
124,  249,  259,  240,  241,  182,  192,  173,  174
125,  239,  238,  207,  206,  172,  171,  140,  139
126,  247,  254,  262,  227,  180,  187,  195,  160
127,  227,  220,  219,  228,  160,  153,  152,  161
128,  226,  221,  220,  227,  159,  154,  153,  160
129,  241,  240,  205,  204,  174,  173,  138,  137
130,  228,  219,  218,  229,  161,  152,  151,  162
131,  218,  217,  230,  229,  151,  150,  163,  162
132,  230,  217,  216,  231,  163,  150,  149,  164
133,  231,  216,  215,  232,  164,  149,  148,  165
134,  215,  214,  233,  232,  148,  147,  166,  165
135,  234,  213,  212,  243,  167,  146,  145,  176
136,  243,  212,  223,  235,  176,  145,  156,  168
137,  211,  210,  257,  256,  144,  143,  190,  189
138,  209,  208,  237,  236,  142,  141,  170,  169
139,  236,  251,  256,  257,  169,  184,  189,  190
140,  208,  207,  238,  237,  141,  140,  171,  170
141,  240,  239,  206,  205,  173,  172,  139,  138
142,  259,  249,  261,  253,  192,  182,  194,  186
143,  241,  242,  258,  249,  174,  175,  191,  182
144,  258,  242,  225,  246,  191,  175,  158,  179
145,  242,  241,  204,  203,  175,  174,  137,  136
146,  254,  252,  253,  261,  187,  185,  186,  194
147,  224,  226,  227,  262,  157,  159,  160,  195
148,  235,  223,  211,  256,  168,  156,  144,  189
149,  266,  247,  227,  228,  199,  180,  160,  161
150,  265,  245,  268,  267,  198,  178,  201,  200
151,  246,  225,  224,  262,  179,  158,  157,  195
152,  267,  268,  254,  247,  200,  201,  187,  180
153,  252,  250,  251,  260,  185,  183,  184,  193
154,  243,  244,  263,  234,  176,  177,  196,  167
155,  260,  251,  236,  237,  193,  184,  169,  170
156,  259,  253,  248,  238,  192,  186,  181,  171
157,  264,  255,  268,  245,  197,  188,  201,  178
158,  254,  261,  246,  262,  187,  194,  179,  195
159,  255,  252,  254,  268,  188,  185,  187,  201
160,  257,  210,  209,  236,  190,  143,  142,  169
161,  258,  246,  261,  249,  191,  179,  194,  182
162,  248,  253,  252,  260,  181,  186,  185,  193
163,  233,  234,  263,  264,  166,  167,  196,  197
164,  247,  266,  265,  267,  180,  199,  198,  200
165,  230,  231,  265,  266,  163,  164,  198,  199
166,  291,  289,  288,  293,  224,  222,  221,  226
167,  289,  291,  292,  269,  222,  224,  225,  202
168,  270,  269,  292,  309,  203,  202,  225,  242
169,  280,  301,  300,  281,  213,  234,  233,  214
170,  302,  323,  318,  317,  235,  256,  251,  250
171,  315,  327,  304,  305,  248,  260,  237,  238
172,  311,  322,  331,  330,  244,  255,  264,  263
173,  299,  312,  332,  298,  232,  245,  265,  231
174,  317,  319,  322,  311,  250,  252,  255,  244
175,  333,  295,  296,  297,  266,  228,  229,  230
176,  331,  312,  299,  300,  264,  245,  232,  233
177,  317,  311,  310,  302,  250,  244,  243,  235
178,  305,  306,  307,  326,  238,  239,  240,  259
179,  316,  326,  307,  308,  249,  259,  240,  241
180,  306,  305,  274,  273,  239,  238,  207,  206
181,  314,  321,  329,  294,  247,  254,  262,  227
182,  294,  287,  286,  295,  227,  220,  219,  228
183,  293,  288,  287,  294,  226,  221,  220,  227
184,  308,  307,  272,  271,  241,  240,  205,  204
185,  295,  286,  285,  296,  228,  219,  218,  229
186,  285,  284,  297,  296,  218,  217,  230,  229
187,  297,  284,  283,  298,  230,  217,  216,  231
188,  298,  283,  282,  299,  231,  216,  215,  232
189,  282,  281,  300,  299,  215,  214,  233,  232
190,  301,  280,  279,  310,  234,  213,  212,  243
191,  310,  279,  290,  302,  243,  212,  223,  235
192,  278,  277,  324,  323,  211,  210,  257,  256
193,  276,  275,  304,  303,  209,  208,  237,  236
194,  303,  318,  323,  324,  236,  251,  256,  257
195,  275,  274,  305,  304,  208,  207,  238,  237
196,  307,  306,  273,  272,  240,  239,  206,  205
197,  326,  316,  328,  320,  259,  249,  261,  253
198,  308,  309,  325,  316,  241,  242,  258,  249
199,  325,  309,  292,  313,  258,  242,  225,  246
200,  309,  308,  271,  270,  242,  241,  204,  203
201,  321,  319,  320,  328,  254,  252,  253,  261
202,  291,  293,  294,  329,  224,  226,  227,  262
203,  302,  290,  278,  323,  235,  223,  211,  256
204,  333,  314,  294,  295,  266,  247,  227,  228
205,  332,  312,  335,  334,  265,  245,  268,  267
206,  313,  292,  291,  329,  246,  225,  224,  262
207,  334,  335,  321,  314,  267,  268,  254,  247
208,  319,  317,  318,  327,  252,  250,  251,  260
209,  310,  311,  330,  301,  243,  244,  263,  234
210,  327,  318,  303,  304,  260,  251,  236,  237
211,  326,  320,  315,  305,  259,  253,  248,  238
212,  331,  322,  335,  312,  264,  255,  268,  245
213,  321,  328,  313,  329,  254,  261,  246,  262
214,  322,  319,  321,  335,  255,  252,  254,  268
215,  324,  277,  276,  303,  257,  210,  209,  236
216,  325,  313,  328,  316,  258,  246,  261,  249
217,  315,  320,  319,  327,  248,  253,  252,  260
218,  300,  301,  330,  331,  233,  234,  263,  264
219,  314,  333,  332,  334,  247,  266,  265,  267
220,  297,  298,  332,  333,  230,  231,  265,  266
221,  358,  356,  355,  360,  291,  289,  288,  293
222,  356,  358,  359,  336,  289,  291,  292,  269
223,  337,  336,  359,  376,  270,  269,  292,  309
224,  347,  368,  367,  348,  280,  301,  300,  281
225,  369,  390,  385,  384,  302,  323,  318,  317
226,  382,  394,  371,  372,  315,  327,  304,  305
227,  378,  389,  398,  397,  311,  322,  331,  330
228,  366,  379,  399,  365,  299,  312,  332,  298
229,  384,  386,  389,  378,  317,  319,  322,  311
230,  400,  362,  363,  364,  333,  295,  296,  297
231,  398,  379,  366,  367,  331,  312,  299,  300
232,  384,  378,  377,  369,  317,  311,  310,  302
233,  372,  373,  374,  393,  305,  306,  307,  326
234,  383,  393,  374,  375,  316,  326,  307,  308
235,  373,  372,  341,  340,  306,  305,  274,  273
236,  381,  388,  396,  361,  314,  321,  329,  294
237,  361,  354,  353,  362,  294,  287,  286,  295
238,  360,  355,  354,  361,  293,  288,  287,  294
239,  375,  374,  339,  338,  308,  307,  272,  271
240,  362,  353,  352,  363,  295,  286,  285,  296
241,  352,  351,  364,  363,  285,  284,  297,  296
242,  364,  351,  350,  365,  297,  284,  283,  298
243,  365,  350,  349,  366,  298,  283,  282,  299
244,  349,  348,  367,  366,  282,  281,  300,  299
245,  368,  347,  346,  377,  301,  280,  279,  310
246,  377,  346,  357,  369,  310,  279,  290,  302
247,  345,  344,  391,  390,  278,  277,  324,  323
248,  343,  342,  371,  370,  276,  275,  304,  303
249,  370,  385,  390,  391,  303,  318,  323,  324
250,  342,  341,  372,  371,  275,  274,  305,  304
251,  374,  373,  340,  339,  307,  306,  273,  272
252,  393,  383,  395,  387,  326,  316,  328,  320
253,  375,  376,  392,  383,  308,  309,  325,  316
254,  392,  376,  359,  380,  325,  309,  292,  313
255,  376,  375,  338,  337,  309,  308,  271,  270
256,  388,  386,  387,  395,  321,  319,  320,  328
257,  358,  360,  361,  396,  291,  293,  294,  329
258,  369,  357,  345,  390,  302,  290,  278,  323
259,  400,  381,  361,  362,  333,  314,  294,  295
260,  399,  379,  402,  401,  332,  312,  335,  334
261,  380,  359,  358,  396,  313,  292,  291,  329
262,  401,  402,  388,  381,  334,  335,  321,  314
263,  386,  384,  385,  394,  319,  317,  318,  327
264,  377,  378,  397,  368,  310,  311,  330,  301
265,  394,  385,  370,  371,  327,  318,  303,  304
266,  393,  387,  382,  372,  326,  320,  315,  305
267,  398,  389,  402,  379,  331,  322,  335,  312
268,  388,  395,  380,  396,  321,  328,  313,  329
269,  389,  386,  388,  402,  322,  319,  321,  335
270,  391,  344,  343,  370,  324,  277,  276,  303
271,  392,  380,  395,  383,  325,  313,  328,  316
272,  382,  387,  386,  394,  315,  320,  319,  327
273,  367,  368,  397,  398,  300,  301,  330,  331
274,  381,  400,  399,  401,  314,  333,  332,  334
275,  364,  365,  399,  400,  297,  298,  332,  333
276,  425,  423,  422,  427,  358,  356,  355,  360
277,  423,  425,  426,  403,  356,  358,  359,  336
278,  404,  403,  426,  443,  337,  336,  359,  376
279,  414,  435,  434,  415,  347,  368,  367,  348
280,  436,  457,  452,  451,  369,  390,  385,  384
281,  449,  461,  438,  439,  382,  394,  371,  372
282,  445,  456,  465,  464,  378,  389,  398,  397
283,  433,  446,  466,  432,  366,  379,  399,  365
284,  451,  453,  456,  445,  384,  386,  389,  378
285,  467,  429,  430,  431,  400,  362,  363,  364
286,  465,  446,  433,  434,  398,  379,  366,  367
287,  451,  445,  444,  436,  384,  378,  377,  369
288,  439,  440,  441,  460,  372,  373,  374,  393
289,  450,  460,  441,  442,  383,  393,  374,  375
290,  440,  439,  408,  407,  373,  372,  341,  340
291,  448,  455,  463,  428,  381,  388,  396,  361
292,  428,  421,  420,  429,  361,  354,  353,  362
293,  427,  422,  421,  428,  360,  355,  354,  361
294,  442,  441,  406,  405,  375,  374,  339,  338
295,  429,  420,  419,  430,  362,  353,  352,  363
296,  419,  418,  431,  430,  352,  351,  364,  363
297,  431,  418,  417,  432,  364,  351,  350,  365
298,  432,  417,  416,  433,  365,  350,  349,  366
299,  416,  415,  434,  433,  349,  348,  367,  366
300,  435,  414,  413,  444,  368,  347,  346,  377
301,  444,  413,  424,  436,  377,  346,  357,  369
302,  412,  411,  458,  457,  345,  344,  391,  390
303,  410,  409,  438,  437,  343,  342,  371,  370
304,  437,  452,  457,  458,  370,  385,  390,  391
305,  409,  408,  439,  438,  342,  341,  372,  371
306,  441,  440,  407,  406,  374,  373,  340,  339
307,  460,  450,  462,  454,  393,  383,  395,  387
308,  442,  443,  459,  450,  375,  376,  392,  383
309,  459,  443,  426,  447,  392,  376,  359,  380
310,  443,  442,  405,  404,  376,  375,  338,  337
311,  455,  453,  454,  462,  388,  386,  387,  395
312,  425,  427,  428,  463,  358,  360,  361,  396
313,  436,  424,  412,  457,  369,  357,  345,  390
314,  467,  448,  428,  429,  400,  381,  361,  362
315,  466,  446,  469,  468,  399,  379,  402,  401
316,  447,  426,  425,  463,  380,  359,  358,  396
317,  468,  469,  455,  448,  401,  402,  388,  381
318,  453,  451,  452,  461,  386,  384,  385,  394
319,  444,  445,  464,  435,  377,  378,  397,  368
320,  461,  452,  437,  438,  394,  385,  370,  371
321,  460,  454,  449,  439,  393,  387,  382,  372
322,  465,  456,  469,  446,  398,  389,  402,  379
323,  455,  462,  447,  463,  388,  395,  380,  396
324,  456,  453,  455,  469,  389,  386,  388,  402
325,  458,  411,  410,  437,  391,  344,  343,  370
326,  459,  447,  462,  450,  392,  380,  395,  383
327,  449,  454,  453,  461,  382,  387,  386,  394
328,  434,  435,  464,  465,  367,  368,  397,  398
329,  448,  467,  466,  468,  381,  400,  399,  401
330,  431,  432,  466,  467,  364,  365,  399,  400
331,  492,  490,  489,  494,  425,  423,  422,  427
332,  490,  492,  493,  470,  423,  425,  426,  403
333,  471,  470,  493,  510,  404,  403,  426,  443
334,  481,  502,  501,  482,  414,  435,  434,  415
335,  503,  524,  519,  518,  436,  457,  452,  451
336,  516,  528,  505,  506,  449,  461,  438,  439
337,  512,  523,  532,  531,  445,  456,  465,  464
338,  500,  513,  533,  499,  433,  446,  466,  432
339,  518,  520,  523,  512,  451,  453,  456,  445
340,  534,  496,  497,  498,  467,  429,  430,  431
341,  532,  513,  500,  501,  465,  446,  433,  434
342,  518,  512,  511,  503,  451,  445,  444,  436
343,  506,  507,  508,  527,  439,  440,  441,  460
344,  517,  527,  508,  509,  450,  460,  441,  442
345,  507,  506,  475,  474,  440,  439,  408,  407
346,  515,  522,  530,  495,  448,  455,  463,  428
347,  495,  488,  487,  496,  428,  421,  420,  429
348,  494,  489,  488,  495,  427,  422,  421,  428
349,  509,  508,  473,  472,  442,  441,  406,  405
350,  496,  487,  486,  497,  429,  420,  419,  430
351,  486,  485,  498,  497,  419,  418,  431,  430
352,  498,  485,  484,  499,  431,  418,  417,  432
353,  499,  484,  483,  500,  432,  417,  416,  433
354,  483,  482,  501,  500,  416,  415,  434,  433
355,  502,  481,  480,  511,  435,  414,  413,  444
356,  511,  480,  491,  503,  444,  413,  424,  436
357,  479,  478,  525,  524,  412,  411,  458,  457
358,  477,  476,  505,  504,  410,  409,  438,  437
359,  504,  519,  524,  525,  437,  452,  457,  458
360,  476,  475,  506,  505,  409,  408,  439,  438
361,  508,  507,  474,  473,  441,  440,  407,  406
362,  527,  517,  529,  521,  460,  450,  462,  454
363,  509,  510,  526,  517,  442,  443,  459,  450
364,  526,  510,  493,  514,  459,  443,  426,  447
365,  510,  509,  472,  471,  443,  442,  405,  404
366,  522,  520,  521,  529,  455,  453,  454,  462
367,  492,  494,  495,  530,  425,  427,  428,  463
368,  503,  491,  479,  524,  436,  424,  412,  457
369,  534,  515,  495,  496,  467,  448,  428,  429
370,  533,  513,  536,  535,  466,  446,  469,  468
371,  514,  493,  492,  530,  447,  426,  425,  463
372,  535,  536,  522,  515,  468,  469,  455,  448
373,  520,  518,  519,  528,  453,  451,  452,  461
374,  511,  512,  531,  502,  444,  445,  464,  435
375,  528,  519,  504,  505,  461,  452,  437,  438
376,  527,  521,  516,  506,  460,  454,  449,  439
377,  532,  523,  536,  513,  465,  456,  469,  446
378,  522,  529,  514,  530,  455,  462,  447,  463
379,  523,  520,  522,  536,  456,  453,  455,  469
380,  525,  478,  477,  504,  458,  411,  410,  437
381,  526,  514,  529,  517,  459,  447,  462,  450
382,  516,  521,  520,  528,  449,  454,  453,  461
383,  501,  502,  531,  532,  434,  435,  464,  465
384,  515,  534,  533,  535,  448,  467,  466,  468
385,  498,  499,  533,  534,  431,  432,  466,  467
386,  559,  557,  556,  561,  492,  490,  489,  494
387,  557,  559,  560,  537,  490,  492,  493,  470
388,  538,  537,  560,  577,  471,  470,  493,  510
389,  548,  569,  568,  549,  481,  502,  501,  482
390,  570,  591,  586,  585,  503,  524,  519,  518
391,  583,  595,  572,  573,  516,  528,  505,  506
392,  579,  590,  599,  598,  512,  523,  532,  531
393,  567,  580,  600,  566,  500,  513,  533,  499
394,  585,  587,  590,  579,  518,  520,  523,  512
395,  601,  563,  564,  565,  534,  496,  497,  498
396,  599,  580,  567,  568,  532,  513,  500,  501
397,  585,  579,  578,  570,  518,  512,  511,  503
398,  573,  574,  575,  594,  506,  507,  508,  527
399,  584,  594,  575,  576,  517,  527,  508,  509
400,  574,  573,  542,  541,  507,  506,  475,  474
401,  582,  589,  597,  562,  515,  522,  530,  495
402,  562,  555,  554,  563,  495,  488,  487,  496
403,  561,  556,  555,  562,  494,  489,  488,  495
404,  576,  575,  540,  539,  509,  508,  473,  472
405,  563,  554,  553,  564,  496,  487,  486,  497
406,  553,  552,  565,  564,  486,  485,  498,  497
407,  565,  552,  551,  566,  498,  485,  484,  499
408,  566,  551,  550,  567,  499,  484,  483,  500
409,  550,  549,  568,  567,  483,  482,  501,  500
410,  569,  548,  547,  578,  502,  481,  480,  511
411,  578,  547,  558,  570,  511,  480,  491,  503
412,  546,  545,  592,  591,  479,  478,  525,  524
413,  544,  543,  572,  571,  477,  476,  505,  504
414,  571,  586,  591,  592,  504,  519,  524,  525
415,  543,  542,  573,  572,  476,  475,  506,  505
416,  575,  574,  541,  540,  508,  507,  474,  473
417,  594,  584,  596,  588,  527,  517,  529,  521
418,  576,  577,  593,  584,  509,  510,  526,  517
419,  593,  577,  560,  581,  526,  510,  493,  514
420,  577,  576,  539,  538,  510,  509,  472,  471
421,  589,  587,  588,  596,  522,  520,  521,  529
422,  559,  561,  562,  597,  492,  494,  495,  530
423,  570,  558,  546,  591,  503,  491,  479,  524
424,  601,  582,  562,  563,  534,  515,  495,  496
425,  600,  580,  603,  602,  533,  513,  536,  535
426,  581,  560,  559,  597,  514,  493,  492,  530
427,  602,  603,  589,  582,  535,  536,  522,  515
428,  587,  585,  586,  595,  520,  518,  519,  528
429,  578,  579,  598,  569,  511,  512,  531,  502
430,  595,  586,  571,  572,  528,  519,  504,  505
431,  594,  588,  583,  573,  527,  521,  516,  506
432,  599,  590,  603,  580,  532,  523,  536,  513
433,  589,  596,  581,  597,  522,  529,  514,  530
434,  590,  587,  589,  603,  523,  520,  522,  536
435,  592,  545,  544,  571,  525,  478,  477,  504
436,  593,  581,  596,  584,  526,  514,  529,  517
437,  583,  588,  587,  595,  516,  521,  520,  528
438,  568,  569,  598,  599,  501,  502,  531,  532
439,  582,  601,  600,  602,  515,  534,  533,  535
440,  565,  566,  600,  601,  498,  499,  533,  534
441,  626,  624,  623,  628,  559,  557,  556,  561
442,  624,  626,  627,  604,  557,  559,  560,  537
443,  605,  604,  627,  644,  538,  537,  560,  577
444,  615,  636,  635,  616,  548,  569,  568,  549
445,  637,  658,  653,  652,  570,  591,  586,  585
446,  650,  662,  639,  640,  583,  595,  572,  573
447,  646,  657,  666,  665,  579,  590,  599,  598
448,  634,  647,  667,  633,  567,  580,  600,  566
449,  652,  654,  657,  646,  585,  587,  590,  579
450,  668,  630,  631,  632,  601,  563,  564,  565
451,  666,  647,  634,  635,  599,  580,  567,  568
452,  652,  646,  645,  637,  585,  579,  578,  570
453,  640,  641,  642,  661,  573,  574,  575,  594
454,  651,  661,  642,  643,  584,  594,  575,  576
455,  641,  640,  609,  608,  574,  573,  542,  541
456,  649,  656,  664,  629,  582,  589,  597,  562
457,  629,  622,  621,  630,  562,  555,  554,  563
458,  628,  623,  622,  629,  561,  556,  555,  562
459,  643,  642,  607,  606,  576,  575,  540,  539
460,  630,  621,  620,  631,  563,  554,  553,  564
461,  620,  619,  632,  631,  553,  552,  565,  564
462,  632,  619,  618,  633,  565,  552,  551,  566
463,  633,  618,  617,  634,  566,  551,  550,  567
464,  617,  616,  635,  634,  550,  549,  568,  567
465,  636,  615,  614,  645,  569,  548,  547,  578
466,  645,  614,  625,  637,  578,  547,  558,  570
467,  613,  612,  659,  658,  546,  545,  592,  591
468,  611,  610,  639,  638,  544,  543,  572,  571
469,  638,  653,  658,  659,  571,  586,  591,  592
470,  610,  609,  640,  639,  543,  542,  573,  572
471,  642,  641,  608,  607,  575,  574,  541,  540
472,  661,  651,  663,  655,  594,  584,  596,  588
473,  643,  644,  660,  651,  576,  577,  593,  584
474,  660,  644,  627,  648,  593,  577,  560,  581
475,  644,  643,  606,  605,  577,  576,  539,  538
476,  656,  654,  655,  663,  589,  587,  588,  596
477,  626,  628,  629,  664,  559,  561,  562,  597
478,  637,  625,  613,  658,  570,  558,  546,  591
479,  668,  649,  629,  630,  601,  582,  562,  563
480,  667,  647,  670,  669,  600,  580,  603,  602
481,  648,  627,  626,  664,  581,  560,  559,  597
482,  669,  670,  656,  649,  602,  603,  589,  582
483,  654,  652,  653,  662,  587,  585,  586,  595
484,  645,  646,  665,  636,  578,  579,  598,  569
485,  662,  653,  638,  639,  595,  586,  571,  572
486,  661,  655,  650,  640,  594,  588,  583,  573
487,  666,  657,  670,  647,  599,  590,  603,  580
488,  656,  663,  648,  664,  589,  596,  581,  597
489,  657,  654,  656,  670,  590,  587,  589,  603
490,  659,  612,  611,  638,  592,  545,  544,  571
491,  660,  648,  663,  651,  593,  581,  596,  584
492,  650,  655,  654,  662,  583,  588,  587,  595
493,  635,  636,  665,  666,  568,  569,  598,  599
494,  649,  668,  667,  669,  582,  601,  600,  602
495,  632,  633,  667,  668,  565,  566,  600,  601
496,  693,  691,  690,  695,  626,  624,  623,  628
497,  691,  693,  694,  671,  624,  626,  627,  604
498,  672,  671,  694,  711,  605,  604,  627,  644
499,  682,  703,  702,  683,  615,  636,  635,  616
500,  704,  725,  720,  719,  637,  658,  653,  652
501,  717,  729,  706,  707,  650,  662,  639,  640
502,  713,  724,  733,  732,  646,  657,  666,  665
503,  701,  714,  734,  700,  634,  647,  667,  633
504,  719,  721,  724,  713,  652,  654,  657,  646
505,  735,  697,  698,  699,  668,  630,  631,  632
506,  733,  714,  701,  702,  666,  647,  634,  635
507,  719,  713,  712,  704,  652,  646,  645,  637
508,  707,  708,  709,  728,  640,  641,  642,  661
509,  718,  728,  709,  710,  651,  661,  642,  643
510,  708,  707,  676,  675,  641,  640,  609,  608
511,  716,  723,  731,  696,  649,  656,  664,  629
512,  696,  689,  688,  697,  629,  622,  621,  630
513,  695,  690,  689,  696,  628,  623,  622,  629
514,  710,  709,  674,  673,  643,  642,  607,  606
515,  697,  688,  687,  698,  630,  621,  620,  631
516,  687,  686,  699,  698,  620,  619,  632,  631
517,  699,  686,  685,  700,  632,  619,  618,  633
518,  700,  685,  684,  701,  633,  618,  617,  634
519,  684,  683,  702,  701,  617,  616,  635,  634
520,  703,  682,  681,  712,  636,  615,  614,  645
521,  712,  681,  692,  704,  645,  614,  625,  637
522,  680,  679,  726,  725,  613,  612,  659,  658
523,  678,  677,  706,  705,  611,  610,  639,  638
524,  705,  720,  725,  726,  638,  653,  658,  659
525,  677,  676,  707,  706,  610,  609,  640,  639
526,  709,  708,  675,  674,  642,  641,  608,  607
527,  728,  718,  730,  722,  661,  651,  663,  655
528,  710,  711,  727,  718,  643,  644,  660,  651
529,  727,  711,  694,  715,  660,  644,  627,  648
530,  711,  710,  673,  672,  644,  643,  606,  605
531,  723,  721,  722,  730,  656,  654,  655,  663
532,  693,  695,  696,  731,  626,  628,  629,  664
533,  704,  692,  680,  725,  637,  625,  613,  658
534,  735,  716,  696,  697,  668,  649,  629,  630
535,  734,  714,  737,  736,  667,  647,  670,  669
536,  715,  694,  693,  731,  648,  627,  626,  664
537,  736,  737,  723,  716,  669,  670,  656,  649
538,  721,  719,  720,  729,  654,  652,  653,  662
539,  712,  713,  732,  703,  645,  646,  665,  636
540,  729,  720,  705,  706,  662,  653,  638,  639
541,  728,  722,  717,  707,  661,  655,  650,  640
542,  733,  724,  737,  714,  666,  657,  670,  647
543,  723,  730,  715,  731,  656,  663,  648,  664
544,  724,  721,  723,  737,  657,  654,  656,  670
545,  726,  679,  678,  705,  659,  612,  611,  638
546,  727,  715,  730,  718,  660,  648,  663,  651
547,  717,  722,  721,  729,  650,  655,  654,  662
548,  702,  703,  732,  733,  635,  636,  665,  666
549,  716,  735,  734,  736,  649,  668,  667,  669
550,  699,  700,  734,  735,  632,  633,  667,  668
551,  760,  758,  757,  762,  693,  691,  690,  695
552,  758,  760,  761,  738,  691,  693,  694,  671
553,  739,  738,  761,  778,  672,  671,  694,  711
554,  749,  770,  769,  750,  682,  703,  702,  683
555,  771,  792,  787,  786,  704,  725,  720,  719
556,  784,  796,  773,  774,  717,  729,  706,  707
557,  780,  791,  800,  799,  713,  724,  733,  732
558,  768,  781,  801,  767,  701,  714,  734,  700
559,  786,  788,  791,  780,  719,  721,  724,  713
560,  802,  764,  765,  766,  735,  697,  698,  699
561,  800,  781,  768,  769,  733,  714,  701,  702
562,  786,  780,  779,  771,  719,  713,  712,  704
563,  774,  775,  776,  795,  707,  708,  709,  728
564,  785,  795,  776,  777,  718,  728,  709,  710
565,  775,  774,  743,  742,  708,  707,  676,  675
566,  783,  790,  798,  763,  716,  723,  731,  696
567,  763,  756,  755,  764,  696,  689,  688,  697
568,  762,  757,  756,  763,  695,  690,  689,  696
569,  777,  776,  741,  740,  710,  709,  674,  673
570,  764,  755,  754,  765,  697,  688,  687,  698
571,  754,  753,  766,  765,  687,  686,  699,  698
572,  766,  753,  752,  767,  699,  686,  685,  700
573,  767,  752,  751,  768,  700,  685,  684,  701
574,  751,  750,  769,  768,  684,  683,  702,  701
575,  770,  749,  748,  779,  703,  682,  681,  712
576,  779,  748,  759,  771,  712,  681,  692,  704
577,  747,  746,  793,  792,  680,  679,  726,  725
578,  745,  744,  773,  772,  678,  677,  706,  705
579,  772,  787,  792,  793,  705,  720,  725,  726
580,  744,  743,  774,  773,  677,  676,  707,  706
581,  776,  775,  742,  741,  709,  708,  675,  674
582,  795,  785,  797,  789,  728,  718,  730,  722
583,  777,  778,  794,  785,  710,  711,  727,  718
584,  794,  778,  761,  782,  727,  711,  694,  715
585,  778,  777,  740,  739,  711,  710,  673,  672
586,  790,  788,  789,  797,  723,  721,  722,  730
587,  760,  762,  763,  798,  693,  695,  696,  731
588,  771,  759,  747,  792,  704,  692,  680,  725
589,  802,  783,  763,  764,  735,  716,  696,  697
590,  801,  781,  804,  803,  734,  714,  737,  736
591,  782,  761,  760,  798,  715,  694,  693,  731
592,  803,  804,  790,  783,  736,  737,  723,  716
593,  788,  786,  787,  796,  721,  719,  720,  729
594,  779,  780,  799,  770,  712,  713,  732,  703
595,  796,  787,  772,  773,  729,  720,  705,  706
596,  795,  789,  784,  774,  728,  722,  717,  707
597,  800,  791,  804,  781,  733,  724,  737,  714
598,  790,  797,  782,  798,  723,  730,  715,  731
599,  791,  788,  790,  804,  724,  721,  723,  737
600,  793,  746,  745,  772,  726,  679,  678,  705
601,  794,  782,  797,  785,  727,  715,  730,  718
602,  784,  789,  788,  796,  717,  722,  721,  729
603,  769,  770,  799,  800,  702,  703,  732,  733
604,  783,  802,  801,  803,  716,  735,  734,  736
605,  766,  767,  801,  802,  699,  700,  734,  735
606,  827,  825,  824,  829,  760,  758,  757,  762
607,  825,  827,  828,  805,  758,  760,  761,  738
608,  806,  805,  828,  845,  739,  738,  761,  778
609,  816,  837,  836,  817,  749,  770,  769,  750
610,  838,  859,  854,  853,  771,  792,  787,  786
611,  851,  863,  840,  841,  784,  796,  773,  774
612,  847,  858,  867,  866,  780,  791,  800,  799
613,  835,  848,  868,  834,  768,  781,  801,  767
614,  853,  855,  858,  847,  786,  788,  791,  780
615,  869,  831,  832,  833,  802,  764,  765,  766
616,  867,  848,  835,  836,  800,  781,  768,  769
617,  853,  847,  846,  838,  786,  780,  779,  771
618,  841,  842,  843,  862,  774,  775,  776,  795
619,  852,  862,  843,  844,  785,  795,  776,  777
620,  842,  841,  810,  809,  775,  774,  743,  742
621,  850,  857,  865,  830,  783,  790,  798,  763
622,  830,  823,  822,  831,  763,  756,  755,  764
623,  829,  824,  823,  830,  762,  757,  756,  763
624,  844,  843,  808,  807,  777,  776,  741,  740
625,  831,  822,  821,  832,  764,  755,  754,  765
626,  821,  820,  833,  832,  754,  753,  766,  765
627,  833,  820,  819,  834,  766,  753,  752,  767
628,  834,  819,  818,  835,  767,  752,  751,  768
629,  818,  817,  836,  835,  751,  750,  769,  768
630,  837,  816,  815,  846,  770,  749,  748,  779
631,  846,  815,  826,  838,  779,  748,  759,  771
632,  814,  813,  860,  859,  747,  746,  793,  792
633,  812,  811,  840,  839,  745,  744,  773,  772
634,  839,  854,  859,  860,  772,  787,  792,  793
635,  811,  810,  841,  840,  744,  743,  774,  773
636,  843,  842,  809,  808,  776,  775,  742,  741
637,  862,  852,  864,  856,  795,  785,  797,  789
638,  844,  845,  861,  852,  777,  778,  794,  785
639,  861,  845,  828,  849,  794,  778,  761,  782
640,  845,  844,  807,  806,  778,  777,  740,  739
641,  857,  855,  856,  864,  790,  788,  789,  797
642,  827,  829,  830,  865,  760,  762,  763,  798
643,  838,  826,  814,  859,  771,  759,  747,  792
644,  869,  850,  830,  831,  802,  783,  763,  764
645,  868,  848,  871,  870,  801,  781,  804,  803
646,  849,  828,  827,  865,  782,  761,  760,  798
647,  870,  871,  857,  850,  803,  804,  790,  783
648,  855,  853,  854,  863,  788,  786,  787,  796
649,  846,  847,  866,  837,  779,  780,  799,  770
650,  863,  854,  839,  840,  796,  787,  772,  773
651,  862,  856,  851,  841,  795,  789,  784,  774
652,  867,  858,  871,  848,  800,  791,  804,  781
653,  857,  864,  849,  865,  790,  797,  782,  798
654,  858,  855,  857,  871,  791,  788,  790,  804
655,  860,  813,  812,  839,  793,  746,  745,  772
656,  861,  849,  864,  852,  794,  782,  797,  785
657,  851,  856,  855,  863,  784,  789,  788,  796
658,  836,  837,  866,  867,  769,  770,  799,  800
659,  850,  869,  868,  870,  783,  802,  801,  803
660,  833,  834,  868,  869,  766,  767,  801,  802
661,  894,  892,  891,  896,  827,  825,  824,  829
662,  892,  894,  895,  872,  825,  827,  828,  805
663,  873,  872,  895,  912,  806,  805,  828,  845
664,  883,  904,  903,  884,  816,  837,  836,  817
665,  905,  926,  921,  920,  838,  859,  854,  853
666,  918,  930,  907,  908,  851,  863,  840,  841
667,  914,  925,  934,  933,  847,  858,  867,  866
668,  902,  915,  935,  901,  835,  848,  868,  834
669,  920,  922,  925,  914,  853,  855,  858,  847
670,  936,  898,  899,  900,  869,  831,  832,  833
671,  934,  915,  902,  903,  867,  848,  835,  836
672,  920,  914,  913,  905,  853,  847,  846,  838
673,  908,  909,  910,  929,  841,  842,  843,  862
674,  919,  929,  910,  911,  852,  862,  843,  844
675,  909,  908,  877,  876,  842,  841,  810,  809
676,  917,  924,  932,  897,  850,  857,  865,  830
677,  897,  890,  889,  898,  830,  823,  822,  831
678,  896,  891,  890,  897,  829,  824,  823,  830
679,  911,  910,  875,  874,  844,  843,  808,  807
680,  898,  889,  888,  899,  831,  822,  821,  832
681,  888,  887,  900,  899,  821,  820,  833,  832
682,  900,  887,  886,  901,  833,  820,  819,  834
683,  901,  886,  885,  902,  834,  819,  818,  835
684,  885,  884,  903,  902,  818,  817,  836,  835
685,  904,  883,  882,  913,  837,  816,  815,  846
686,  913,  882,  893,  905,  846,  815,  826,  838
687,  881,  880,  927,  926,  814,  813,  860,  859
688,  879,  878,  907,  906,  812,  811,  840,  839
689,  906,  921,  926,  927,  839,  854,  859,  860
690,  878,  877,  908,  907,  811,  810,  841,  840
691,  910,  909,  876,  875,  843,  842,  809,  808
692,  929,  919,  931,  923,  862,  852,  864,  856
693,  911,  912,  928,  919,  844,  845,  861,  852
694,  928,  912,  895,  916,  861,  845,  828,  849
695,  912,  911,  874,  873,  845,  844,  807,  806
696,  924,  922,  923,  931,  857,  855,  856,  864
697,  894,  896,  897,  932,  827,  829,  830,  865
698,  905,  893,  881,  926,  838,  826,  814,  859
699,  936,  917,  897,  898,  869,  850,  830,  831
700,  935,  915,  938,  937,  868,  848,  871,  870
701,  916,  895,  894,  932,  849,  828,  827,  865
702,  937,  938,  924,  917,  870,  871,  857,  850
703,  922,  920,  921,  930,  855,  853,  854,  863
704,  913,  914,  933,  904,  846,  847,  866,  837
705,  930,  921,  906,  907,  863,  854,  839,  840
706,  929,  923,  918,  908,  862,  856,  851,  841
707,  934,  925,  938,  915,  867,  858,  871,  848
708,  924,  931,  916,  932,  857,  864,  849,  865
709,  925,  922,  924,  938,  858,  855,  857,  871
710,  927,  880,  879,  906,  860,  813,  812,  839
711,  928,  916,  931,  919,  861,  849,  864,  852
712,  918,  923,  922,  930,  851,  856,  855,  863
713,  903,  904,  933,  934,  836,  837,  866,  867
714,  917,  936,  935,  937,  850,  869,  868,  870
715,  900,  901,  935,  936,  833,  834,  868,  869
716,  961,  959,  958,  963,  894,  892,  891,  896
717,  959,  961,  962,  939,  892,  894,  895,  872
718,  940,  939,  962,  979,  873,  872,  895,  912
719,  950,  971,  970,  951,  883,  904,  903,  884
720,  972,  993,  988,  987,  905,  926,  921,  920
721,  985,  997,  974,  975,  918,  930,  907,  908
722,  981,  992, 1001, 1000,  914,  925,  934,  933
723,  969,  982, 1002,  968,  902,  915,  935,  901
724,  987,  989,  992,  981,  920,  922,  925,  914
725, 1003,  965,  966,  967,  936,  898,  899,  900
726, 1001,  982,  969,  970,  934,  915,  902,  903
727,  987,  981,  980,  972,  920,  914,  913,  905
728,  975,  976,  977,  996,  908,  909,  910,  929
729,  986,  996,  977,  978,  919,  929,  910,  911
730,  976,  975,  944,  943,  909,  908,  877,  876
731,  984,  991,  999,  964,  917,  924,  932,  897
732,  964,  957,  956,  965,  897,  890,  889,  898
733,  963,  958,  957,  964,  896,  891,  890,  897
734,  978,  977,  942,  941,  911,  910,  875,  874
735,  965,  956,  955,  966,  898,  889,  888,  899
736,  955,  954,  967,  966,  888,  887,  900,  899
737,  967,  954,  953,  968,  900,  887,  886,  901
738,  968,  953,  952,  969,  901,  886,  885,  902
739,  952,  951,  970,  969,  885,  884,  903,  902
740,  971,  950,  949,  980,  904,  883,  882,  913
741,  980,  949,  960,  972,  913,  882,  893,  905
742,  948,  947,  994,  993,  881,  880,  927,  926
743,  946,  945,  974,  973,  879,  878,  907,  906
744,  973,  988,  993,  994,  906,  921,  926,  927
745,  945,  944,  975,  974,  878,  877,  908,  907
746,  977,  976,  943,  942,  910,  909,  876,  875
747,  996,  986,  998,  990,  929,  919,  931,  923
748,  978,  979,  995,  986,  911,  912,  928,  919
749,  995,  979,  962,  983,  928,  912,  895,  916
750,  979,  978,  941,  940,  912,  911,  874,  873
751,  991,  989,  990,  998,  924,  922,  923,  931
752,  961,  963,  964,  999,  894,  896,  897,  932
753,  972,  960,  948,  993,  905,  893,  881,  926
754, 1003,  984,  964,  965,  936,  917,  897,  898
755, 1002,  982, 1005, 1004,  935,  915,  938,  937
756,  983,  962,  961,  999,  916,  895,  894,  932
757, 1004, 1005,  991,  984,  937,  938,  924,  917
758,  989,  987,  988,  997,  922,  920,  921,  930
759,  980,  981, 1000,  971,  913,  914,  933,  904
760,  997,  988,  973,  974,  930,  921,  906,  907
761,  996,  990,  985,  975,  929,  923,  918,  908
762, 1001,  992, 1005,  982,  934,  925,  938,  915
763,  991,  998,  983,  999,  924,  931,  916,  932
764,  992,  989,  991, 1005,  925,  922,  924,  938
765,  994,  947,  946,  973,  927,  880,  879,  906
766,  995,  983,  998,  986,  928,  916,  931,  919
767,  985,  990,  989,  997,  918,  923,  922,  930
768,  970,  971, 1000, 1001,  903,  904,  933,  934
769,  984, 1003, 1002, 1004,  917,  936,  935,  937
770,  967,  968, 1002, 1003,  900,  901,  935,  936
771, 1028, 1026, 1025, 1030,  961,  959,  958,  963
772, 1026, 1028, 1029, 1006,  959,  961,  962,  939
773, 1007, 1006, 1029, 1046,  940,  939,  962,  979
774, 1017, 1038, 1037, 1018,  950,  971,  970,  951
775, 1039, 1060, 1055, 1054,  972,  993,  988,  987
776, 1052, 1064, 1041, 1042,  985,  997,  974,  975
777, 1048, 1059, 1068, 1067,  981,  992, 1001, 1000
778, 1036, 1049, 1069, 1035,  969,  982, 1002,  968
779, 1054, 1056, 1059, 1048,  987,  989,  992,  981
780, 1070, 1032, 1033, 1034, 1003,  965,  966,  967
781, 1068, 1049, 1036, 1037, 1001,  982,  969,  970
782, 1054, 1048, 1047, 1039,  987,  981,  980,  972
783, 1042, 1043, 1044, 1063,  975,  976,  977,  996
784, 1053, 1063, 1044, 1045,  986,  996,  977,  978
785, 1043, 1042, 1011, 1010,  976,  975,  944,  943
786, 1051, 1058, 1066, 1031,  984,  991,  999,  964
787, 1031, 1024, 1023, 1032,  964,  957,  956,  965
788, 1030, 1025, 1024, 1031,  963,  958,  957,  964
789, 1045, 1044, 1009, 1008,  978,  977,  942,  941
790, 1032, 1023, 1022, 1033,  965,  956,  955,  966
791, 1022, 1021, 1034, 1033,  955,  954,  967,  966
792, 1034, 1021, 1020, 1035,  967,  954,  953,  968
793, 1035, 1020, 1019, 1036,  968,  953,  952,  969
794, 1019, 1018, 1037, 1036,  952,  951,  970,  969
795, 1038, 1017, 1016, 1047,  971,  950,  949,  980
796, 1047, 1016, 1027, 1039,  980,  949,  960,  972
797, 1015, 1014, 1061, 1060,  948,  947,  994,  993
798, 1013, 1012, 1041, 1040,  946,  945,  974,  973
799, 1040, 1055, 1060, 1061,  973,  988,  993,  994
800, 1012, 1011, 1042, 1041,  945,  944,  975,  974
801, 1044, 1043, 1010, 1009,  977,  976,  943,  942
802, 1063, 1053, 1065, 1057,  996,  986,  998,  990
803, 1045, 1046, 1062, 1053,  978,  979,  995,  986
804, 1062, 1046, 1029, 1050,  995,  979,  962,  983
805, 1046, 1045, 1008, 1007,  979,  978,  941,  940
806, 1058, 1056, 1057, 1065,  991,  989,  990,  998
807, 1028, 1030, 1031, 1066,  961,  963,  964,  999
808, 1039, 1027, 1015, 1060,  972,  960,  948,  993
809, 1070, 1051, 1031, 1032, 1003,  984,  964,  965
810, 1069, 1049, 1072, 1071, 1002,  982, 1005, 1004
811, 1050, 1029, 1028, 1066,  983,  962,  961,  999
812, 1071, 1072, 1058, 1051, 1004, 1005,  991,  984
813, 1056, 1054, 1055, 1064,  989,  987,  988,  997
814, 1047, 1048, 1067, 1038,  980,  981, 1000,  971
815, 1064, 1055, 1040, 1041,  997,  988,  973,  974
816, 1063, 1057, 1052, 1042,  996,  990,  985,  975
817, 1068, 1059, 1072, 1049, 1001,  992, 1005,  982
818, 1058, 1065, 1050, 1066,  991,  998,  983,  999
819, 1059, 1056, 1058, 1072,  992,  989,  991, 1005
820, 1061, 1014, 1013, 1040,  994,  947,  946,  973
821, 1062, 1050, 1065, 1053,  995,  983,  998,  986
822, 1052, 1057, 1056, 1064,  985,  990,  989,  997
823, 1037, 1038, 1067, 1068,  970,  971, 1000, 1001
824, 1051, 1070, 1069, 1071,  984, 1003, 1002, 1004
825, 1034, 1035, 1069, 1070,  967,  968, 1002, 1003
826, 1095, 1093, 1092, 1097, 1028, 1026, 1025, 1030
827, 1093, 1095, 1096, 1073, 1026, 1028, 1029, 1006
828, 1074, 1073, 1096, 1113, 1007, 1006, 1029, 1046
829, 1084, 1105, 1104, 1085, 1017, 1038, 1037, 1018
830, 1106, 1127, 1122, 1121, 1039, 1060, 1055, 1054
831, 1119, 1131, 1108, 1109, 1052, 1064, 1041, 1042
832, 1115, 1126, 1135, 1134, 1048, 1059, 1068, 1067
833, 1103, 1116, 1136, 1102, 1036, 1049, 1069, 1035
834, 1121, 1123, 1126, 1115, 1054, 1056, 1059, 1048
835, 1137, 1099, 1100, 1101, 1070, 1032, 1033, 1034
836, 1135, 1116, 1103, 1104, 1068, 1049, 1036, 1037
837, 1121, 1115, 1114, 1106, 1054, 1048, 1047, 1039
838, 1109, 1110, 1111, 1130, 1042, 1043, 1044, 1063
839, 1120, 1130, 1111, 1112, 1053, 1063, 1044, 1045
840, 1110, 1109, 1078, 1077, 1043, 1042, 1011, 1010
841, 1118, 1125, 1133, 1098, 1051, 1058, 1066, 1031
842, 1098, 1091, 1090, 1099, 1031, 1024, 1023, 1032
843, 1097, 1092, 1091, 1098, 1030, 1025, 1024, 1031
844, 1112, 1111, 1076, 1075, 1045, 1044, 1009, 1008
845, 1099, 1090, 1089, 1100, 1032, 1023, 1022, 1033
846, 1089, 1088, 1101, 1100, 1022, 1021, 1034, 1033
847, 1101, 1088, 1087, 1102, 1034, 1021, 1020, 1035
848, 1102, 1087, 1086, 1103, 1035, 1020, 1019, 1036
849, 1086, 1085, 1104, 1103, 1019, 1018, 1037, 1036
850, 1105, 1084, 1083, 1114, 1038, 1017, 1016, 1047
851, 1114, 1083, 1094, 1106, 1047, 1016, 1027, 1039
852, 1082, 1081, 1128, 1127, 1015, 1014, 1061, 1060
853, 1080, 1079, 1108, 1107, 1013, 1012, 1041, 1040
854, 1107, 1122, 1127, 1128, 1040, 1055, 1060, 1061
855, 1079, 1078, 1109, 1108, 1012, 1011, 1042, 1041
856, 1111, 1110, 1077, 1076, 1044, 1043, 1010, 1009
857, 1130, 1120, 1132, 1124, 1063, 1053, 1065, 1057
858, 1112, 1113, 1129, 1120, 1045, 1046, 1062, 1053
859, 1129, 1113, 1096, 1117, 1062, 1046, 1029, 1050
860, 1113, 1112, 1075, 1074, 1046, 1045, 1008, 1007
861, 1125, 1123, 1124, 1132, 1058, 1056, 1057, 1065
862, 1095, 1097, 1098, 1133, 1028, 1030, 1031, 1066
863, 1106, 1094, 1082, 1127, 1039, 1027, 1015, 1060
864, 1137, 1118, 1098, 1099, 1070, 1051, 1031, 1032
865, 1136, 1116, 1139, 1138, 1069, 1049, 1072, 1071
866, 1117, 1096, 1095, 1133, 1050, 1029, 1028, 1066
867, 1138, 1139, 1125, 1118, 1071, 1072, 1058, 1051
868, 1123, 1121, 1122, 1131, 1056, 1054, 1055, 1064
869, 1114, 1115, 1134, 1105, 1047, 1048, 1067, 1038
870, 1131, 1122, 1107, 1108, 1064, 1055, 1040, 1041
871, 1130, 1124, 1119, 1109, 1063, 1057, 1052, 1042
872, 1135, 1126, 1139, 1116, 1068, 1059, 1072, 1049
873, 1125, 1132, 1117, 1133, 1058, 1065, 1050, 1066
874, 1126, 1123, 1125, 1139, 1059, 1056, 1058, 1072
875, 1128, 1081, 1080, 1107, 1061, 1014, 1013, 1040
876, 1129, 1117, 1132, 1120, 1062, 1050, 1065, 1053
877, 1119, 1124, 1123, 1131, 1052, 1057, 1056, 1064
878, 1104, 1105, 1134, 1135, 1037, 1038, 1067, 1068
879, 1118, 1137, 1136, 1138, 1051, 1070, 1069, 1071
880, 1101, 1102, 1136, 1137, 1034, 1035, 1069, 1070
881, 1162, 1160, 1159, 1164, 1095, 1093, 1092, 1097
882, 1160, 1162, 1163, 1140, 1093, 1095, 1096, 1073
883, 1141, 1140, 1163, 1180, 1074, 1073, 1096, 1113
884, 1151, 1172, 1171, 1152, 1084, 1105, 1104, 1085
885, 1173, 1194, 1189, 1188, 1106, 1127, 1122, 1121
886, 1186, 1198, 1175, 1176, 1119, 1131, 1108, 1109
887, 1182, 1193, 1202, 1201, 1115, 1126, 1135, 1134
888, 1170, 1183, 1203, 1169, 1103, 1116, 1136, 1102
889, 1188, 1190, 1193, 1182, 1121, 1123, 1126, 1115
890, 1204, 1166, 1167, 1168, 1137, 1099, 1100, 1101
891, 1202, 1183, 1170, 1171, 1135, 1116, 1103, 1104
892, 1188, 1182, 1181, 1173, 1121, 1115, 1114, 1106
893, 1176, 1177, 1178, 1197, 1109, 1110, 1111, 1130
894, 1187, 1197, 1178, 1179, 1120, 1130, 1111, 1112
895, 1177, 1176, 1145, 1144, 1110, 1109, 1078, 1077
896, 1185, 1192, 1200, 1165, 1118, 1125, 1133, 1098
897, 1165, 1158, 1157, 1166, 1098, 1091, 1090, 1099
898, 1164, 1159, 1158, 1165, 1097, 1092, 1091, 1098
899, 1179, 1178, 1143, 1142, 1112, 1111, 1076, 1075
900, 1166, 1157, 1156, 1167, 1099, 1090, 1089, 1100
901, 1156, 1155, 1168, 1167, 1089, 1088, 1101, 1100
902, 1168, 1155, 1154, 1169, 1101, 1088, 1087, 1102
903, 1169, 1154, 1153, 1170, 1102, 1087, 1086, 1103
904, 1153, 1152, 1171, 1170, 1086, 1085, 1104, 1103
905, 1172, 1151, 1150, 1181, 1105, 1084, 1083, 1114
906, 1181, 1150, 1161, 1173, 1114, 1083, 1094, 1106
907, 1149, 1148, 1195, 1194, 1082, 1081, 1128, 1127
908, 1147, 1146, 1175, 1174, 1080, 1079, 1108, 1107
909, 1174, 1189, 1194, 1195, 1107, 1122, 1127, 1128
910, 1146, 1145, 1176, 1175, 1079, 1078, 1109, 1108
911, 1178, 1177, 1144, 1143, 1111, 1110, 1077, 1076
912, 1197, 1187, 1199, 1191, 1130, 1120, 1132, 1124
913, 1179, 1180, 1196, 1187, 1112, 1113, 1129, 1120
914, 1196, 1180, 1163, 1184, 1129, 1113, 1096, 1117
915, 1180, 1179, 1142, 1141, 1113, 1112, 1075, 1074
916, 1192, 1190, 1191, 1199, 1125, 1123, 1124, 1132
917, 1162, 1164, 1165, 1200, 1095, 1097, 1098, 1133
918, 1173, 1161, 1149, 1194, 1106, 1094, 1082, 1127
919, 1204, 1185, 1165, 1166, 1137, 1118, 1098, 1099
920, 1203, 1183, 1206, 1205, 1136, 1116, 1139, 1138
921, 1184, 1163, 1162, 1200, 1117, 1096, 1095, 1133
922, 1205, 1206, 1192, 1185, 1138, 1139, 1125, 1118
923, 1190, 1188, 1189, 1198, 1123, 1121, 1122, 1131
924, 1181, 1182, 1201, 1172, 1114, 1115, 1134, 1105
925, 1198, 1189, 1174, 1175, 1131, 1122, 1107, 1108
926, 1197, 1191, 1186, 1176, 1130, 1124, 1119, 1109
927, 1202, 1193, 1206, 1183, 1135, 1126, 1139, 1116
928, 1192, 1199, 1184, 1200, 1125, 1132, 1117, 1133
929, 1193, 1190, 1192, 1206, 1126, 1123, 1125, 1139
930, 1195, 1148, 1147, 1174, 1128, 1081, 1080, 1107
931, 1196, 1184, 1199, 1187, 1129, 1117, 1132, 1120
932, 1186, 1191, 1190, 1198, 1119, 1124, 1123, 1131
933, 1171, 1172, 1201, 1202, 1104, 1105, 1134, 1135
934, 1185, 1204, 1203, 1205, 1118, 1137, 1136, 1138
935, 1168, 1169, 1203, 1204, 1101, 1102, 1136, 1137