      1, -0.0281732548, 0.0959492996,           0.
      2, -0.0540640801, 0.0841253549,           0.
      3, -0.0755749568, 0.0654860735,           0.
      4, -0.0909631997, 0.0415415019,           0.
      5, -0.0989821479, 0.0142314835,           0.
      6, -0.0989821479, -0.0142314835,           0.
      7, -0.0909631997, -0.0415415019,           0.
      8, -0.0755749568, -0.0654860735,           0.
      9, -0.0540640801, -0.0841253549,           0.
     10, -0.0281732548, -0.0959492996,           0.
     11, 0.0281732548, -0.0959492996,           0.
     12, 0.0540640801, -0.0841253549,           0.
     13, 0.0755749568, -0.0654860735,           0.
     14, 0.0909631997, -0.0415415019,           0.
     15, 0.0989821479, -0.0142314835,           0.
     16, 0.0989821479, 0.0142314835,           0.
     17, 0.0909631997, 0.0415415019,           0.
     18, 0.0755749568, 0.0654860735,           0.
     19, 0.0540640801, 0.0841253549,           0.
     20, 0.0281732548, 0.0959492996,           0.
     21,           0.,  0.100000001,           0.
     22,           0., -0.100000001,           0.
     23, 0.00194778771, 0.0721839964,           0.
     24, -0.0194655713, 0.0693034977,           0.
     25, 0.0209703911, 0.0738150999,           0.
     26, 0.0349391885, 0.0534154251,           0.
     27, 0.0598011427, 0.0433732048,           0.
     28, 0.0762497336, 0.0336331241,           0.
     29, 0.0765062124, 0.0143875154,           0.
     30, 0.0744545311, -0.00821883138,           0.
     31, 0.0677391142, -0.0299345404,           0.
     32, 0.0566181056, -0.0488748997,           0.
     33, 0.0408093445, -0.063801825,           0.
     34, -0.00265819184, -0.0732851774,           0.
     35, -0.0528952144, -0.0538951755,           0.
     36, -0.0617228299, -0.0323822387,           0.
     37, -0.0666794628, -0.00677063875,           0.
     38, -0.0781555176, 0.0123666916,           0.
     39, -0.0684037209, 0.0291711465,           0.
     40, -0.0557436161,  0.047138717,           0.
     41, -0.0397465602, 0.0618361346,           0.
     42, 0.0199975129, -0.0712355226,           0.
     43, 0.0149892224, -0.0486711748,           0.
     44, 0.0466618165, -0.0193563122,           0.
     45, -0.0141255194, 0.0451425314,           0.
     46,   0.03334314,  0.022078095,           0.
     47, -0.0430175141, -0.0112515036,           0.
     48, -0.0382972956, 0.0315394215,           0.
     49, -0.00654723682, -0.0475235432,           0.
     50, -0.0294926129, -0.0496794842,           0.
     51, -0.00916519761, -0.0173441507,           0.
     52, -0.0299927369, 0.00230071321,           0.
     53, 0.00775322225, 0.0129118729,           0.
     54, 0.0171667114, -0.0261557885,           0.
     55, -0.0256893858, -0.0725329071,           0.
     56, -0.0447283424, -0.070664905,           0.
     57, -0.0303991735, 0.0457258038,           0.
     58, -0.0505043641, 0.0147231789,           0.
     59, -0.036068365, -0.0280021168,           0.
     60, -0.0182682704, 0.0218532383,           0.
     61, 0.00747018307, 0.0458712578,           0.
     62, 0.0313836038, -0.0489487424,           0.
     63, 0.0383933634, -0.0354408249,           0.
     64, 0.0534011684, -0.00147729833,           0.
     65, 0.0554450229, 0.0196319912,           0.
     66, 0.0373396687, 0.00388854486,           0.
     67, 0.0265550073, -0.00734627061,           0.
     68, -0.0281732548, 0.0959492996, 0.0294117648
     69, -0.0540640801, 0.0841253549, 0.0294117648
     70, -0.0755749568, 0.0654860735, 0.0294117648
     71, -0.0909631997, 0.0415415019, 0.0294117648
     72, -0.0989821479, 0.0142314835, 0.0294117648
     73, -0.0989821479, -0.0142314835, 0.0294117648
     74, -0.0909631997, -0.0415415019, 0.0294117648
     75, -0.0755749568, -0.0654860735, 0.0294117648
     76, -0.0540640801, -0.0841253549, 0.0294117648
     77, -0.0281732548, -0.0959492996, 0.0294117648
     78, 0.0281732548, -0.0959492996, 0.0294117648
     79, 0.0540640801, -0.0841253549, 0.0294117648
     80, 0.0755749568, -0.0654860735, 0.0294117648
     81, 0.0909631997, -0.0415415019, 0.0294117648
     82, 0.0989821479, -0.0142314835, 0.0294117648
     83, 0.0989821479, 0.0142314835, 0.0294117648
     84, 0.0909631997, 0.0415415019, 0.0294117648
     85, 0.0755749568, 0.0654860735, 0.0294117648
     86, 0.0540640801, 0.0841253549, 0.0294117648
     87, 0.0281732548, 0.0959492996, 0.0294117648
     88,           0.,  0.100000001, 0.0294117648
     89,           0., -0.100000001, 0.0294117648
     90, 0.00194778771, 0.0721839964, 0.0294117648
     91, -0.0194655713, 0.0693034977, 0.0294117648
     92, 0.0209703911, 0.0738150999, 0.0294117648
     93, 0.0349391885, 0.0534154251, 0.0294117648
     94, 0.0598011427, 0.0433732048, 0.0294117648
     95, 0.0762497336, 0.0336331241, 0.0294117648
     96, 0.0765062124, 0.0143875154, 0.0294117648
     97, 0.0744545311, -0.00821883138, 0.0294117648
     98, 0.0677391142, -0.0299345404, 0.0294117648
     99, 0.0566181056, -0.0488748997, 0.0294117648
    100, 0.0408093445, -0.063801825, 0.0294117648
    101, -0.00265819184, -0.0732851774, 0.0294117648
    102, -0.0528952144, -0.0538951755, 0.0294117648
    103, -0.0617228299, -0.0323822387, 0.0294117648
    104, -0.0666794628, -0.00677063875, 0.0294117648
    105, -0.0781555176, 0.0123666916, 0.0294117648
    106, -0.0684037209, 0.0291711465, 0.0294117648
    107, -0.0557436161,  0.047138717, 0.0294117648
    108, -0.0397465602, 0.0618361346, 0.0294117648
    109, 0.0199975129, -0.0712355226, 0.0294117648
    110, 0.0149892224, -0.0486711748, 0.0294117648
    111, 0.0466618165, -0.0193563122, 0.0294117648
    112, -0.0141255194, 0.0451425314, 0.0294117648
    113,   0.03334314,  0.022078095, 0.0294117648
    114, -0.0430175141, -0.0112515036, 0.0294117648
    115, -0.0382972956, 0.0315394215, 0.0294117648
    116, -0.00654723682, -0.0475235432, 0.0294117648
    117, -0.0294926129, -0.0496794842, 0.0294117648
    118, -0.00916519761, -0.0173441507, 0.0294117648
    119, -0.0299927369, 0.00230071321, 0.0294117648
    120, 0.00775322225, 0.0129118729, 0.0294117648
    121, 0.0171667114, -0.0261557885, 0.0294117648
    122, -0.0256893858, -0.0725329071, 0.0294117648
    123, -0.0447283424, -0.070664905, 0.0294117648
    124, -0.0303991735, 0.0457258038, 0.0294117648
    125, -0.0505043641, 0.0147231789, 0.0294117648
    126, -0.036068365, -0.0280021168, 0.0294117648
    127, -0.0182682704, 0.0218532383, 0.0294117648
    128, 0.00747018307, 0.0458712578, 0.0294117648
    129, 0.0313836038, -0.0489487424, 0.0294117648
    130, 0.0383933634, -0.0354408249, 0.0294117648
    131, 0.0534011684, -0.00147729833, 0.0294117648
    132, 0.0554450229, 0.0196319912, 0.0294117648
    133, 0.0373396687, 0.00388854486, 0.0294117648
    134, 0.0265550073, -0.00734627061, 0.0294117648
    135, -0.0281732548, 0.0959492996, 0.0588235296
    136, -0.0540640801, 0.0841253549, 0.0588235296
    137, -0.0755749568, 0.0654860735, 0.0588235296
    138, -0.0909631997, 0.0415415019, 0.0588235296
    139, -0.0989821479, 0.0142314835, 0.0588235296
    140, -0.0989821479, -0.0142314835, 0.0588235296
    141, -0.0909631997, -0.0415415019, 0.0588235296
    142, -0.0755749568, -0.0654860735, 0.0588235296
    143, -0.0540640801, -0.0841253549, 0.0588235296
    144, -0.0281732548, -0.0959492996, 0.0588235296
    145, 0.0281732548, -0.0959492996, 0.0588235296
    146, 0.0540640801, -0.0841253549, 0.0588235296
    147, 0.0755749568, -0.0654860735, 0.0588235296
    148, 0.0909631997, -0.0415415019, 0.0588235296
    149, 0.0989821479, -0.0142314835, 0.0588235296
    150, 0.0989821479, 0.0142314835, 0.0588235296
    151, 0.0909631997, 0.0415415019, 0.0588235296
    152, 0.0755749568, 0.0654860735, 0.0588235296
    153, 0.0540640801, 0.0841253549, 0.0588235296
    154, 0.0281732548, 0.0959492996, 0.0588235296
    155,           0.,  0.100000001, 0.0588235296
    156,           0., -0.100000001, 0.0588235296
    157, 0.00194778771, 0.0721839964, 0.0588235296
    158, -0.0194655713, 0.0693034977, 0.0588235296
    159, 0.0209703911, 0.0738150999, 0.0588235296
    160, 0.0349391885, 0.0534154251, 0.0588235296
    161, 0.0598011427, 0.0433732048, 0.0588235296
    162, 0.0762497336, 0.0336331241, 0.0588235296
    163, 0.0765062124, 0.0143875154, 0.0588235296
    164, 0.0744545311, -0.00821883138, 0.0588235296
    165, 0.0677391142, -0.0299345404, 0.0588235296
    166, 0.0566181056, -0.0488748997, 0.0588235296
    167, 0.0408093445, -0.063801825, 0.0588235296
    168, -0.00265819184, -0.0732851774, 0.0588235296
    169, -0.0528952144, -0.0538951755, 0.0588235296
    170, -0.0617228299, -0.0323822387, 0.0588235296
    171, -0.0666794628, -0.00677063875, 0.0588235296
    172, -0.0781555176, 0.0123666916, 0.0588235296
    173, -0.0684037209, 0.0291711465, 0.0588235296
    174, -0.0557436161,  0.047138717, 0.0588235296
    175, -0.0397465602, 0.0618361346, 0.0588235296
    176, 0.0199975129, -0.0712355226, 0.0588235296
    177, 0.0149892224, -0.0486711748, 0.0588235296
    178, 0.0466618165, -0.0193563122, 0.0588235296
    179, -0.0141255194, 0.0451425314, 0.0588235296
    180,   0.03334314,  0.022078095, 0.0588235296
    181, -0.0430175141, -0.0112515036, 0.0588235296
    182, -0.0382972956, 0.0315394215, 0.0588235296
    183, -0.00654723682, -0.0475235432, 0.0588235296
    184, -0.0294926129, -0.0496794842, 0.0588235296
    185, -0.00916519761, -0.0173441507, 0.0588235296
    186, -0.0299927369, 0.00230071321, 0.0588235296
    187, 0.00775322225, 0.0129118729, 0.0588235296
    188, 0.0171667114, -0.0261557885, 0.0588235296
    189, -0.0256893858, -0.0725329071, 0.0588235296
    190, -0.0447283424, -0.070664905, 0.0588235296
    191, -0.0303991735, 0.0457258038, 0.0588235296
    192, -0.0505043641, 0.0147231789, 0.0588235296
    193, -0.036068365, -0.0280021168, 0.0588235296
    194, -0.0182682704, 0.0218532383, 0.0588235296
    195, 0.00747018307, 0.0458712578, 0.0588235296
    196, 0.0313836038, -0.0489487424, 0.0588235296
    197, 0.0383933634, -0.0354408249, 0.0588235296
    198, 0.0534011684, -0.00147729833, 0.0588235296
    199, 0.0554450229, 0.0196319912, 0.0588235296
    200, 0.0373396687, 0.00388854486, 0.0588235296
    201, 0.0265550073, -0.00734627061, 0.0588235296
    202, -0.0281732548, 0.0959492996, 0.0882352963
    203, -0.0540640801, 0.0841253549, 0.0882352963
    204, -0.0755749568, 0.0654860735, 0.0882352963
    205, -0.0909631997, 0.0415415019, 0.0882352963
    206, -0.0989821479, 0.0142314835, 0.0882352963
    207, -0.0989821479, -0.0142314835, 0.0882352963
    208, -0.0909631997, -0.0415415019, 0.0882352963
    209, -0.0755749568, -0.0654860735, 0.0882352963
    210, -0.0540640801, -0.0841253549, 0.0882352963
    211, -0.0281732548, -0.0959492996, 0.0882352963
    212, 0.0281732548, -0.0959492996, 0.0882352963
    213, 0.0540640801, -0.0841253549, 0.0882352963
    214, 0.0755749568, -0.0654860735, 0.0882352963
    215, 0.0909631997, -0.0415415019, 0.0882352963
    216, 0.0989821479, -0.0142314835, 0.0882352963
    217, 0.0989821479, 0.0142314835, 0.0882352963
    218, 0.0909631997, 0.0415415019, 0.0882352963
    219, 0.0755749568, 0.0654860735, 0.0882352963
    220, 0.0540640801, 0.0841253549, 0.0882352963
    221, 0.0281732548, 0.0959492996, 0.0882352963
    222,           0.,  0.100000001, 0.0882352963
    223,           0., -0.100000001, 0.0882352963
    224, 0.00194778771, 0.0721839964, 0.0882352963
    225, -0.0194655713, 0.0693034977, 0.0882352963
    226, 0.0209703911, 0.0738150999, 0.0882352963
    227, 0.0349391885, 0.0534154251, 0.0882352963
    228, 0.0598011427, 0.0433732048, 0.0882352963
    229, 0.0762497336, 0.0336331241, 0.0882352963
    230, 0.0765062124, 0.0143875154, 0.0882352963
    231, 0.0744545311, -0.00821883138, 0.0882352963
    232, 0.0677391142, -0.0299345404, 0.0882352963
    233, 0.0566181056, -0.0488748997, 0.0882352963
    234, 0.0408093445, -0.063801825, 0.0882352963
    235, -0.00265819184, -0.0732851774, 0.0882352963
    236, -0.0528952144, -0.0538951755, 0.0882352963
    237, -0.0617228299, -0.0323822387, 0.0882352963
    238, -0.0666794628, -0.00677063875, 0.0882352963
    239, -0.0781555176, 0.0123666916, 0.0882352963
    240, -0.0684037209, 0.0291711465, 0.0882352963
    241, -0.0557436161,  0.047138717, 0.0882352963
    242, -0.0397465602, 0.0618361346, 0.0882352963
    243, 0.0199975129, -0.0712355226, 0.0882352963
    244, 0.0149892224, -0.0486711748, 0.0882352963
    245, 0.0466618165, -0.0193563122, 0.0882352963
    246, -0.0141255194, 0.0451425314, 0.0882352963
    247,   0.03334314,  0.022078095, 0.0882352963
    248, -0.0430175141, -0.0112515036, 0.0882352963
    249, -0.0382972956, 0.0315394215, 0.0882352963
    250, -0.00654723682, -0.0475235432, 0.0882352963
    251, -0.0294926129, -0.0496794842, 0.0882352963
    252, -0.00916519761, -0.0173441507, 0.0882352963
    253, -0.0299927369, 0.00230071321, 0.0882352963
    254, 0.00775322225, 0.0129118729, 0.0882352963
    255, 0.0171667114, -0.0261557885, 0.0882352963
    256, -0.0256893858, -0.0725329071, 0.0882352963
    257, -0.0447283424, -0.070664905, 0.0882352963
    258, -0.0303991735, 0.0457258038, 0.0882352963
    259, -0.0505043641, 0.0147231789, 0.0882352963
    260, -0.036068365, -0.0280021168, 0.0882352963
    261, -0.0182682704, 0.0218532383, 0.0882352963
    262, 0.00747018307, 0.0458712578, 0.0882352963
    263, 0.0313836038, -0.0489487424, 0.0882352963
    264, 0.0383933634, -0.0354408249, 0.0882352963
    265, 0.0534011684, -0.00147729833, 0.0882352963
    266, 0.0554450229, 0.0196319912, 0.0882352963
    267, 0.0373396687, 0.00388854486, 0.0882352963
    268, 0.0265550073, -0.00734627061, 0.0882352963
    269, -0.0281732548, 0.0959492996,  0.117647059
    270, -0.0540640801, 0.0841253549,  0.117647059
    271, -0.0755749568, 0.0654860735,  0.117647059
    272, -0.0909631997, 0.0415415019,  0.117647059
    273, -0.0989821479, 0.0142314835,  0.117647059
    274, -0.0989821479, -0.0142314835,  0.117647059
    275, -0.0909631997, -0.0415415019,  0.117647059
    276, -0.0755749568, -0.0654860735,  0.117647059
    277, -0.0540640801, -0.0841253549,  0.117647059
    278, -0.0281732548, -0.0959492996,  0.117647059
    279, 0.0281732548, -0.0959492996,  0.117647059
    280, 0.0540640801, -0.0841253549,  0.117647059
    281, 0.0755749568, -0.0654860735,  0.117647059
    282, 0.0909631997, -0.0415415019,  0.117647059
    283, 0.0989821479, -0.0142314835,  0.117647059
    284, 0.0989821479, 0.0142314835,  0.117647059
    285, 0.0909631997, 0.0415415019,  0.117647059
    286, 0.0755749568, 0.0654860735,  0.117647059
    287, 0.0540640801, 0.0841253549,  0.117647059
    288, 0.0281732548, 0.0959492996,  0.117647059
    289,           0.,  0.100000001,  0.117647059
    290,           0., -0.100000001,  0.117647059
    291, 0.00194778771, 0.0721839964,  0.117647059
    292, -0.0194655713, 0.0693034977,  0.117647059
    293, 0.0209703911, 0.0738150999,  0.117647059
    294, 0.0349391885, 0.0534154251,  0.117647059
    295, 0.0598011427, 0.0433732048,  0.117647059
    296, 0.0762497336, 0.0336331241,  0.117647059
    297, 0.0765062124, 0.0143875154,  0.117647059
    298, 0.0744545311, -0.00821883138,  0.117647059
    299, 0.0677391142, -0.0299345404,  0.117647059
    300, 0.0566181056, -0.0488748997,  0.117647059
    301, 0.0408093445, -0.063801825,  0.117647059
    302, -0.00265819184, -0.0732851774,  0.117647059
    303, -0.0528952144, -0.0538951755,  0.117647059
    304, -0.0617228299, -0.0323822387,  0.117647059
    305, -0.0666794628, -0.00677063875,  0.117647059
    306, -0.0781555176, 0.0123666916,  0.117647059
    307, -0.0684037209, 0.0291711465,  0.117647059
    308, -0.0557436161,  0.047138717,  0.117647059
    309, -0.0397465602, 0.0618361346,  0.117647059
    310, 0.0199975129, -0.0712355226,  0.117647059
    311, 0.0149892224, -0.0486711748,  0.117647059
    312, 0.0466618165, -0.0193563122,  0.117647059
    313, -0.0141255194, 0.0451425314,  0.117647059
    314,   0.03334314,  0.022078095,  0.117647059
    315, -0.0430175141, -0.0112515036,  0.117647059
    316, -0.0382972956, 0.0315394215,  0.117647059
    317, -0.00654723682, -0.0475235432,  0.117647059
    318, -0.0294926129, -0.0496794842,  0.117647059
    319, -0.00916519761, -0.0173441507,  0.117647059
    320, -0.0299927369, 0.00230071321,  0.117647059
    321, 0.00775322225, 0.0129118729,  0.117647059
    322, 0.0171667114, -0.0261557885,  0.117647059
    323, -0.0256893858, -0.0725329071,  0.117647059
    324, -0.0447283424, -0.070664905,  0.117647059
    325, -0.0303991735, 0.0457258038,  0.117647059
    326, -0.0505043641, 0.0147231789,  0.117647059
    327, -0.036068365, -0.0280021168,  0.117647059
    328, -0.0182682704, 0.0218532383,  0.117647059
    329, 0.00747018307, 0.0458712578,  0.117647059
    330, 0.0313836038, -0.0489487424,  0.117647059
    331, 0.0383933634, -0.0354408249,  0.117647059
    332, 0.0534011684, -0.00147729833,  0.117647059
    333, 0.0554450229, 0.0196319912,  0.117647059
    334, 0.0373396687, 0.00388854486,  0.117647059
    335, 0.0265550073, -0.00734627061,  0.117647059
    336, -0.0281732548, 0.0959492996,   0.14705883
    337, -0.0540640801, 0.0841253549,   0.14705883
    338, -0.0755749568, 0.0654860735,   0.14705883
    339, -0.0909631997, 0.0415415019,   0.14705883
    340, -0.0989821479, 0.0142314835,   0.14705883
    341, -0.0989821479, -0.0142314835,   0.14705883
    342, -0.0909631997, -0.0415415019,   0.14705883
    343, -0.0755749568, -0.0654860735,   0.14705883
    344, -0.0540640801, -0.0841253549,   0.14705883
    345, -0.0281732548, -0.0959492996,   0.14705883
    346, 0.0281732548, -0.0959492996,   0.14705883
    347, 0.0540640801, -0.0841253549,   0.14705883
    348, 0.0755749568, -0.0654860735,   0.14705883
    349, 0.0909631997, -0.0415415019,   0.14705883
    350, 0.0989821479, -0.0142314835,   0.14705883
    351, 0.0989821479, 0.0142314835,   0.14705883
    352, 0.0909631997, 0.0415415019,   0.14705883
    353, 0.0755749568, 0.0654860735,   0.14705883
    354, 0.0540640801, 0.0841253549,   0.14705883
    355, 0.0281732548, 0.0959492996,   0.14705883
    356,           0.,  0.100000001,   0.14705883
    357,           0., -0.100000001,   0.14705883
    358, 0.00194778771, 0.0721839964,   0.14705883
    359, -0.0194655713, 0.0693034977,   0.14705883
    360, 0.0209703911, 0.0738150999,   0.14705883
    361, 0.0349391885, 0.0534154251,   0.14705883
    362, 0.0598011427, 0.0433732048,   0.14705883
    363, 0.0762497336, 0.0336331241,   0.14705883
    364, 0.0765062124, 0.0143875154,   0.14705883
    365, 0.0744545311, -0.00821883138,   0.14705883
    366, 0.0677391142, -0.0299345404,   0.14705883
    367, 0.0566181056, -0.0488748997,   0.14705883
    368, 0.0408093445, -0.063801825,   0.14705883
    369, -0.00265819184, -0.0732851774,   0.14705883
    370, -0.0528952144, -0.0538951755,   0.14705883
    371, -0.0617228299, -0.0323822387,   0.14705883
    372, -0.0666794628, -0.00677063875,   0.14705883
    373, -0.0781555176, 0.0123666916,   0.14705883
    374, -0.0684037209, 0.0291711465,   0.14705883
    375, -0.0557436161,  0.047138717,   0.14705883
    376, -0.0397465602, 0.0618361346,   0.14705883
    377, 0.0199975129, -0.0712355226,   0.14705883
    378, 0.0149892224, -0.0486711748,   0.14705883
    379, 0.0466618165, -0.0193563122,   0.14705883
    380, -0.0141255194, 0.0451425314,   0.14705883
    381,   0.03334314,  0.022078095,   0.14705883
    382, -0.0430175141, -0.0112515036,   0.14705883
    383, -0.0382972956, 0.0315394215,   0.14705883
    384, -0.00654723682, -0.0475235432,   0.14705883
    385, -0.0294926129, -0.0496794842,   0.14705883
    386, -0.00916519761, -0.0173441507,   0.14705883
    387, -0.0299927369, 0.00230071321,   0.14705883
    388, 0.00775322225, 0.0129118729,   0.14705883
    389, 0.0171667114, -0.0261557885,   0.14705883
    390, -0.0256893858, -0.0725329071,   0.14705883
    391, -0.0447283424, -0.070664905,   0.14705883
    392, -0.0303991735, 0.0457258038,   0.14705883
    393, -0.0505043641, 0.0147231789,   0.14705883
    394, -0.036068365, -0.0280021168,   0.14705883
    395, -0.0182682704, 0.0218532383,   0.14705883
    396, 0.00747018307, 0.0458712578,   0.14705883
    397, 0.0313836038, -0.0489487424,   0.14705883
    398, 0.0383933634, -0.0354408249,   0.14705883
    399, 0.0534011684, -0.00147729833,   0.14705883
    400, 0.0554450229, 0.0196319912,   0.14705883
    401, 0.0373396687, 0.00388854486,   0.14705883
    402, 0.0265550073, -0.00734627061,   0.14705883
    403, -0.0281732548, 0.0959492996,  0.176470593
    404, -0.0540640801, 0.0841253549,  0.176470593
    405, -0.0755749568, 0.0654860735,  0.176470593
    406, -0.0909631997, 0.0415415019,  0.176470593
    407, -0.0989821479, 0.0142314835,  0.176470593
    408, -0.0989821479, -0.0142314835,  0.176470593
    409, -0.0909631997, -0.0415415019,  0.176470593
    410, -0.0755749568, -0.0654860735,  0.176470593
    411, -0.0540640801, -0.0841253549,  0.176470593
    412, -0.0281732548, -0.0959492996,  0.176470593
    413, 0.0281732548, -0.0959492996,  0.176470593
    414, 0.0540640801, -0.0841253549,  0.176470593
    415, 0.0755749568, -0.0654860735,  0.176470593
    416, 0.0909631997, -0.0415415019,  0.176470593
    417, 0.0989821479, -0.0142314835,  0.176470593
    418, 0.0989821479, 0.0142314835,  0.176470593
    419, 0.0909631997, 0.0415415019,  0.176470593
    420, 0.0755749568, 0.0654860735,  0.176470593
    421, 0.0540640801, 0.0841253549,  0.176470593
    422, 0.0281732548, 0.0959492996,  0.176470593
    423,           0.,  0.100000001,  0.176470593
    424,           0., -0.100000001,  0.176470593
    425, 0.00194778771, 0.0721839964,  0.176470593
    426, -0.0194655713, 0.0693034977,  0.176470593
    427, 0.0209703911, 0.0738150999,  0.176470593
    428, 0.0349391885, 0.0534154251,  0.176470593
    429, 0.0598011427, 0.0433732048,  0.176470593
    430, 0.0762497336, 0.0336331241,  0.176470593
    431, 0.0765062124, 0.0143875154,  0.176470593
    432, 0.0744545311, -0.00821883138,  0.176470593
    433, 0.0677391142, -0.0299345404,  0.176470593
    434, 0.0566181056, -0.0488748997,  0.176470593
    435, 0.0408093445, -0.063801825,  0.176470593
    436, -0.00265819184, -0.0732851774,  0.176470593
    437, -0.0528952144, -0.0538951755,  0.176470593
    438, -0.0617228299, -0.0323822387,  0.176470593
    439, -0.0666794628, -0.00677063875,  0.176470593
    440, -0.0781555176, 0.0123666916,  0.176470593
    441, -0.0684037209, 0.0291711465,  0.176470593
    442, -0.0557436161,  0.047138717,  0.176470593
    443, -0.0397465602, 0.0618361346,  0.176470593
    444, 0.0199975129, -0.0712355226,  0.176470593
    445, 0.0149892224, -0.0486711748,  0.176470593
    446, 0.0466618165, -0.0193563122,  0.176470593
    447, -0.0141255194, 0.0451425314,  0.176470593
    448,   0.03334314,  0.022078095,  0.176470593
    449, -0.0430175141, -0.0112515036,  0.176470593
    450, -0.0382972956, 0.0315394215,  0.176470593
    451, -0.00654723682, -0.0475235432,  0.176470593
    452, -0.0294926129, -0.0496794842,  0.176470593
    453, -0.00916519761, -0.0173441507,  0.176470593
    454, -0.0299927369, 0.00230071321,  0.176470593
    455, 0.00775322225, 0.0129118729,  0.176470593
    456, 0.0171667114, -0.0261557885,  0.176470593
    457, -0.0256893858, -0.0725329071,  0.176470593
    458, -0.0447283424, -0.070664905,  0.176470593
    459, -0.0303991735, 0.0457258038,  0.176470593
    460, -0.0505043641, 0.0147231789,  0.176470593
    461, -0.036068365, -0.0280021168,  0.176470593
    462, -0.0182682704, 0.0218532383,  0.176470593
    463, 0.00747018307, 0.0458712578,  0.176470593
    464, 0.0313836038, -0.0489487424,  0.176470593
    465, 0.0383933634, -0.0354408249,  0.176470593
    466, 0.0534011684, -0.00147729833,  0.176470593
    467, 0.0554450229, 0.0196319912,  0.176470593
    468, 0.0373396687, 0.00388854486,  0.176470593
    469, 0.0265550073, -0.00734627061,  0.176470593
    470, -0.0281732548, 0.0959492996,  0.205882356
    471, -0.0540640801, 0.0841253549,  0.205882356
    472, -0.0755749568, 0.0654860735,  0.205882356
    473, -0.0909631997, 0.0415415019,  0.205882356
    474, -0.0989821479, 0.0142314835,  0.205882356
    475, -0.0989821479, -0.0142314835,  0.205882356
    476, -0.0909631997, -0.0415415019,  0.205882356
    477, -0.0755749568, -0.0654860735,  0.205882356
    478, -0.0540640801, -0.0841253549,  0.205882356
    479, -0.0281732548, -0.0959492996,  0.205882356
    480, 0.0281732548, -0.0959492996,  0.205882356
    481, 0.0540640801, -0.0841253549,  0.205882356
    482, 0.0755749568, -0.0654860735,  0.205882356
    483, 0.0909631997, -0.0415415019,  0.205882356
    484, 0.0989821479, -0.0142314835,  0.205882356
    485, 0.0989821479, 0.0142314835,  0.205882356
    486, 0.0909631997, 0.0415415019,  0.205882356
    487, 0.0755749568, 0.0654860735,  0.205882356
    488, 0.0540640801, 0.0841253549,  0.205882356
    489, 0.0281732548, 0.0959492996,  0.205882356
    490,           0.,  0.100000001,  0.205882356
    491,           0., -0.100000001,  0.205882356
    492, 0.00194778771, 0.0721839964,  0.205882356
    493, -0.0194655713, 0.0693034977,  0.205882356
    494, 0.0209703911, 0.0738150999,  0.205882356
    495, 0.0349391885, 0.0534154251,  0.205882356
    496, 0.0598011427, 0.0433732048,  0.205882356
    497, 0.0762497336, 0.0336331241,  0.205882356
    498, 0.0765062124, 0.0143875154,  0.205882356
    499, 0.0744545311, -0.00821883138,  0.205882356
    500, 0.0677391142, -0.0299345404,  0.205882356
    501, 0.0566181056, -0.0488748997,  0.205882356
    502, 0.0408093445, -0.063801825,  0.205882356
    503, -0.00265819184, -0.0732851774,  0.205882356
    504, -0.0528952144, -0.0538951755,  0.205882356
    505, -0.0617228299, -0.0323822387,  0.205882356
    506, -0.0666794628, -0.00677063875,  0.205882356
    507, -0.0781555176, 0.0123666916,  0.205882356
    508, -0.0684037209, 0.0291711465,  0.205882356
    509, -0.0557436161,  0.047138717,  0.205882356
    510, -0.0397465602, 0.0618361346,  0.205882356
    511, 0.0199975129, -0.0712355226,  0.205882356
    512, 0.0149892224, -0.0486711748,  0.205882356
    513, 0.0466618165, -0.0193563122,  0.205882356
    514, -0.0141255194, 0.0451425314,  0.205882356
    515,   0.03334314,  0.022078095,  0.205882356
    516, -0.0430175141, -0.0112515036,  0.205882356
    517, -0.0382972956, 0.0315394215,  0.205882356
    518, -0.00654723682, -0.0475235432,  0.205882356
    519, -0.0294926129, -0.0496794842,  0.205882356
    520, -0.00916519761, -0.0173441507,  0.205882356
    521, -0.0299927369, 0.00230071321,  0.205882356
    522, 0.00775322225, 0.0129118729,  0.205882356
    523, 0.0171667114, -0.0261557885,  0.205882356
    524, -0.0256893858, -0.0725329071,  0.205882356
    525, -0.0447283424, -0.070664905,  0.205882356
    526, -0.0303991735, 0.0457258038,  0.205882356
    527, -0.0505043641, 0.0147231789,  0.205882356
    528, -0.036068365, -0.0280021168,  0.205882356
    529, -0.0182682704, 0.0218532383,  0.205882356
    530, 0.00747018307, 0.0458712578,  0.205882356
    531, 0.0313836038, -0.0489487424,  0.205882356
    532, 0.0383933634, -0.0354408249,  0.205882356
    533, 0.0534011684, -0.00147729833,  0.205882356
    534, 0.0554450229, 0.0196319912,  0.205882356
    535, 0.0373396687, 0.00388854486,  0.205882356
    536, 0.0265550073, -0.00734627061,  0.205882356
    537, -0.0281732548, 0.0959492996,  0.235294119
    538, -0.0540640801, 0.0841253549,  0.235294119
    539, -0.0755749568, 0.0654860735,  0.235294119
    540, -0.0909631997, 0.0415415019,  0.235294119
    541, -0.0989821479, 0.0142314835,  0.235294119
    542, -0.0989821479, -0.0142314835,  0.235294119
    543, -0.0909631997, -0.0415415019,  0.235294119
    544, -0.0755749568, -0.0654860735,  0.235294119
    545, -0.0540640801, -0.0841253549,  0.235294119
    546, -0.0281732548, -0.0959492996,  0.235294119
    547, 0.0281732548, -0.0959492996,  0.235294119
    548, 0.0540640801, -0.0841253549,  0.235294119
    549, 0.0755749568, -0.0654860735,  0.235294119
    550, 0.0909631997, -0.0415415019,  0.235294119
    551, 0.0989821479, -0.0142314835,  0.235294119
    552, 0.0989821479, 0.0142314835,  0.235294119
    553, 0.0909631997, 0.0415415019,  0.235294119
    554, 0.0755749568, 0.0654860735,  0.235294119
    555, 0.0540640801, 0.0841253549,  0.235294119
    556, 0.0281732548, 0.0959492996,  0.235294119
    557,           0.,  0.100000001,  0.235294119
    558,           0., -0.100000001,  0.235294119
    559, 0.00194778771, 0.0721839964,  0.235294119
    560, -0.0194655713, 0.0693034977,  0.235294119
    561, 0.0209703911, 0.0738150999,  0.235294119
    562, 0.0349391885, 0.0534154251,  0.235294119
    563, 0.0598011427, 0.0433732048,  0.235294119
    564, 0.0762497336, 0.0336331241,  0.235294119
    565, 0.0765062124, 0.0143875154,  0.235294119
    566, 0.0744545311, -0.00821883138,  0.235294119
    567, 0.0677391142, -0.0299345404,  0.235294119
    568, 0.0566181056, -0.0488748997,  0.235294119
    569, 0.0408093445, -0.063801825,  0.235294119
    570, -0.00265819184, -0.0732851774,  0.235294119
    571, -0.0528952144, -0.0538951755,  0.235294119
    572, -0.0617228299, -0.0323822387,  0.235294119
    573, -0.0666794628, -0.00677063875,  0.235294119
    574, -0.0781555176, 0.0123666916,  0.235294119
    575, -0.0684037209, 0.0291711465,  0.235294119
    576, -0.0557436161,  0.047138717,  0.235294119
    577, -0.0397465602, 0.0618361346,  0.235294119
    578, 0.0199975129, -0.0712355226,  0.235294119
    579, 0.0149892224, -0.0486711748,  0.235294119
    580, 0.0466618165, -0.0193563122,  0.235294119
    581, -0.0141255194, 0.0451425314,  0.235294119
    582,   0.03334314,  0.022078095,  0.235294119
    583, -0.0430175141, -0.0112515036,  0.235294119
    584, -0.0382972956, 0.0315394215,  0.235294119
    585, -0.00654723682, -0.0475235432,  0.235294119
    586, -0.0294926129, -0.0496794842,  0.235294119
    587, -0.00916519761, -0.0173441507,  0.235294119
    588, -0.0299927369, 0.00230071321,  0.235294119
    589, 0.00775322225, 0.0129118729,  0.235294119
    590, 0.0171667114, -0.0261557885,  0.235294119
    591, -0.0256893858, -0.0725329071,  0.235294119
    592, -0.0447283424, -0.070664905,  0.235294119
    593, -0.0303991735, 0.0457258038,  0.235294119
    594, -0.0505043641, 0.0147231789,  0.235294119
    595, -0.036068365, -0.0280021168,  0.235294119
    596, -0.0182682704, 0.0218532383,  0.235294119
    597, 0.00747018307, 0.0458712578,  0.235294119
    598, 0.0313836038, -0.0489487424,  0.235294119
    599, 0.0383933634, -0.0354408249,  0.235294119
    600, 0.0534011684, -0.00147729833,  0.235294119
    601, 0.0554450229, 0.0196319912,  0.235294119
    602, 0.0373396687, 0.00388854486,  0.235294119
    603, 0.0265550073, -0.00734627061,  0.235294119
    604, -0.0281732548, 0.0959492996,  0.264705896
    605, -0.0540640801, 0.0841253549,  0.264705896
    606, -0.0755749568, 0.0654860735,  0.264705896
    607, -0.0909631997, 0.0415415019,  0.264705896
    608, -0.0989821479, 0.0142314835,  0.264705896
    609, -0.0989821479, -0.0142314835,  0.264705896
    610, -0.0909631997, -0.0415415019,  0.264705896
    611, -0.0755749568, -0.0654860735,  0.264705896
    612, -0.0540640801, -0.0841253549,  0.264705896
    613, -0.0281732548, -0.0959492996,  0.264705896
    614, 0.0281732548, -0.0959492996,  0.264705896
    615, 0.0540640801, -0.0841253549,  0.264705896
    616, 0.0755749568, -0.0654860735,  0.264705896
    617, 0.0909631997, -0.0415415019,  0.264705896
    618, 0.0989821479, -0.0142314835,  0.264705896
    619, 0.0989821479, 0.0142314835,  0.264705896
    620, 0.0909631997, 0.0415415019,  0.264705896
    621, 0.0755749568, 0.0654860735,  0.264705896
    622, 0.0540640801, 0.0841253549,  0.264705896
    623, 0.0281732548, 0.0959492996,  0.264705896
    624,           0.,  0.100000001,  0.264705896
    625,           0., -0.100000001,  0.264705896
    626, 0.00194778771, 0.0721839964,  0.264705896
    627, -0.0194655713, 0.0693034977,  0.264705896
    628, 0.0209703911, 0.0738150999,  0.264705896
    629, 0.0349391885, 0.0534154251,  0.264705896
    630, 0.0598011427, 0.0433732048,  0.264705896
    631, 0.0762497336, 0.0336331241,  0.264705896
    632, 0.0765062124, 0.0143875154,  0.264705896
    633, 0.0744545311, -0.00821883138,  0.264705896
    634, 0.0677391142, -0.0299345404,  0.264705896
    635, 0.0566181056, -0.0488748997,  0.264705896
    636, 0.0408093445, -0.063801825,  0.264705896
    637, -0.00265819184, -0.0732851774,  0.264705896
    638, -0.0528952144, -0.0538951755,  0.264705896
    639, -0.0617228299, -0.0323822387,  0.264705896
    640, -0.0666794628, -0.00677063875,  0.264705896
    641, -0.0781555176, 0.0123666916,  0.264705896
    642, -0.0684037209, 0.0291711465,  0.264705896
    643, -0.0557436161,  0.047138717,  0.264705896
    644, -0.0397465602, 0.0618361346,  0.264705896
    645, 0.0199975129, -0.0712355226,  0.264705896
    646, 0.0149892224, -0.0486711748,  0.264705896
    647, 0.0466618165, -0.0193563122,  0.264705896
    648, -0.0141255194, 0.0451425314,  0.264705896
    649,   0.03334314,  0.022078095,  0.264705896
    650, -0.0430175141, -0.0112515036,  0.264705896
    651, -0.0382972956, 0.0315394215,  0.264705896
    652, -0.00654723682, -0.0475235432,  0.264705896
    653, -0.0294926129, -0.0496794842,  0.264705896
    654, -0.00916519761, -0.0173441507,  0.264705896
    655, -0.0299927369, 0.00230071321,  0.264705896
    656, 0.00775322225, 0.0129118729,  0.264705896
    657, 0.0171667114, -0.0261557885,  0.264705896
    658, -0.0256893858, -0.0725329071,  0.264705896
    659, -0.0447283424, -0.070664905,  0.264705896
    660, -0.0303991735, 0.0457258038,  0.264705896
    661, -0.0505043641, 0.0147231789,  0.264705896
    662, -0.036068365, -0.0280021168,  0.264705896
    663, -0.0182682704, 0.0218532383,  0.264705896
    664, 0.00747018307, 0.0458712578,  0.264705896
    665, 0.0313836038, -0.0489487424,  0.264705896
    666, 0.0383933634, -0.0354408249,  0.264705896
    667, 0.0534011684, -0.00147729833,  0.264705896
    668, 0.0554450229, 0.0196319912,  0.264705896
    669, 0.0373396687, 0.00388854486,  0.264705896
    670, 0.0265550073, -0.00734627061,  0.264705896
    671, -0.0281732548, 0.0959492996,  0.294117659
    672, -0.0540640801, 0.0841253549,  0.294117659
    673, -0.0755749568, 0.0654860735,  0.294117659
    674, -0.0909631997, 0.0415415019,  0.294117659
    675, -0.0989821479, 0.0142314835,  0.294117659
    676, -0.0989821479, -0.0142314835,  0.294117659
    677, -0.0909631997, -0.0415415019,  0.294117659
    678, -0.0755749568, -0.0654860735,  0.294117659
    679, -0.0540640801, -0.0841253549,  0.294117659
    680, -0.0281732548, -0.0959492996,  0.294117659
    681, 0.0281732548, -0.0959492996,  0.294117659
    682, 0.0540640801, -0.0841253549,  0.294117659
    683, 0.0755749568, -0.0654860735,  0.294117659
    684, 0.0909631997, -0.0415415019,  0.294117659
    685, 0.0989821479, -0.0142314835,  0.294117659
    686, 0.0989821479, 0.0142314835,  0.294117659
    687, 0.0909631997, 0.0415415019,  0.294117659
    688, 0.0755749568, 0.0654860735,  0.294117659
    689, 0.0540640801, 0.0841253549,  0.294117659
    690, 0.0281732548, 0.0959492996,  0.294117659
    691,           0.,  0.100000001,  0.294117659
    692,           0., -0.100000001,  0.294117659
    693, 0.00194778771, 0.0721839964,  0.294117659
    694, -0.0194655713, 0.0693034977,  0.294117659
    695, 0.0209703911, 0.0738150999,  0.294117659
    696, 0.0349391885, 0.0534154251,  0.294117659
    697, 0.0598011427, 0.0433732048,  0.294117659
    698, 0.0762497336, 0.0336331241,  0.294117659
    699, 0.0765062124, 0.0143875154,  0.294117659
    700, 0.0744545311, -0.00821883138,  0.294117659
    701, 0.0677391142, -0.0299345404,  0.294117659
    702, 0.0566181056, -0.0488748997,  0.294117659
    703, 0.0408093445, -0.063801825,  0.294117659
    704, -0.00265819184, -0.0732851774,  0.294117659
    705, -0.0528952144, -0.0538951755,  0.294117659
    706, -0.0617228299, -0.0323822387,  0.294117659
    707, -0.0666794628, -0.00677063875,  0.294117659
    708, -0.0781555176, 0.0123666916,  0.294117659
    709, -0.0684037209, 0.0291711465,  0.294117659
    710, -0.0557436161,  0.047138717,  0.294117659
    711, -0.0397465602, 0.0618361346,  0.294117659
    712, 0.0199975129, -0.0712355226,  0.294117659
    713, 0.0149892224, -0.0486711748,  0.294117659
    714, 0.0466618165, -0.0193563122,  0.294117659
    715, -0.0141255194, 0.0451425314,  0.294117659
    716,   0.03334314,  0.022078095,  0.294117659
    717, -0.0430175141, -0.0112515036,  0.294117659
    718, -0.0382972956, 0.0315394215,  0.294117659
    719, -0.00654723682, -0.0475235432,  0.294117659
    720, -0.0294926129, -0.0496794842,  0.294117659
    721, -0.00916519761, -0.0173441507,  0.294117659
    722, -0.0299927369, 0.00230071321,  0.294117659
    723, 0.00775322225, 0.0129118729,  0.294117659
    724, 0.0171667114, -0.0261557885,  0.294117659
    725, -0.0256893858, -0.0725329071,  0.294117659
    726, -0.0447283424, -0.070664905,  0.294117659
    727, -0.0303991735, 0.0457258038,  0.294117659
    728, -0.0505043641, 0.0147231789,  0.294117659
    729, -0.036068365, -0.0280021168,  0.294117659
    730, -0.0182682704, 0.0218532383,  0.294117659
    731, 0.00747018307, 0.0458712578,  0.294117659
    732, 0.0313836038, -0.0489487424,  0.294117659
    733, 0.0383933634, -0.0354408249,  0.294117659
    734, 0.0534011684, -0.00147729833,  0.294117659
    735, 0.0554450229, 0.0196319912,  0.294117659
    736, 0.0373396687, 0.00388854486,  0.294117659
    737, 0.0265550073, -0.00734627061,  0.294117659
    738, -0.0281732548, 0.0959492996,  0.323529422
    739, -0.0540640801, 0.0841253549,  0.323529422
    740, -0.0755749568, 0.0654860735,  0.323529422
    741, -0.0909631997, 0.0415415019,  0.323529422
    742, -0.0989821479, 0.0142314835,  0.323529422
    743, -0.0989821479, -0.0142314835,  0.323529422
    744, -0.0909631997, -0.0415415019,  0.323529422
    745, -0.0755749568, -0.0654860735,  0.323529422
    746, -0.0540640801, -0.0841253549,  0.323529422
    747, -0.0281732548, -0.0959492996,  0.323529422
    748, 0.0281732548, -0.0959492996,  0.323529422
    749, 0.0540640801, -0.0841253549,  0.323529422
    750, 0.0755749568, -0.0654860735,  0.323529422
    751, 0.0909631997, -0.0415415019,  0.323529422
    752, 0.0989821479, -0.0142314835,  0.323529422
    753, 0.0989821479, 0.0142314835,  0.323529422
    754, 0.0909631997, 0.0415415019,  0.323529422
    755, 0.0755749568, 0.0654860735,  0.323529422
    756, 0.0540640801, 0.0841253549,  0.323529422
    757, 0.0281732548, 0.0959492996,  0.323529422
    758,           0.,  0.100000001,  0.323529422
    759,           0., -0.100000001,  0.323529422
    760, 0.00194778771, 0.0721839964,  0.323529422
    761, -0.0194655713, 0.0693034977,  0.323529422
    762, 0.0209703911, 0.0738150999,  0.323529422
    763, 0.0349391885, 0.0534154251,  0.323529422
    764, 0.0598011427, 0.0433732048,  0.323529422
    765, 0.0762497336, 0.0336331241,  0.323529422
    766, 0.0765062124, 0.0143875154,  0.323529422
    767, 0.0744545311, -0.00821883138,  0.323529422
    768, 0.0677391142, -0.0299345404,  0.323529422
    769, 0.0566181056, -0.0488748997,  0.323529422
    770, 0.0408093445, -0.063801825,  0.323529422
    771, -0.00265819184, -0.0732851774,  0.323529422
    772, -0.0528952144, -0.0538951755,  0.323529422
    773, -0.0617228299, -0.0323822387,  0.323529422
    774, -0.0666794628, -0.00677063875,  0.323529422
    775, -0.0781555176, 0.0123666916,  0.323529422
    776, -0.0684037209, 0.0291711465,  0.323529422
    777, -0.0557436161,  0.047138717,  0.323529422
    778, -0.0397465602, 0.0618361346,  0.323529422
    779, 0.0199975129, -0.0712355226,  0.323529422
    780, 0.0149892224, -0.0486711748,  0.323529422
    781, 0.0466618165, -0.0193563122,  0.323529422
    782, -0.0141255194, 0.0451425314,  0.323529422
    783,   0.03334314,  0.022078095,  0.323529422
    784, -0.0430175141, -0.0112515036,  0.323529422
    785, -0.0382972956, 0.0315394215,  0.323529422
    786, -0.00654723682, -0.0475235432,  0.323529422
    787, -0.0294926129, -0.0496794842,  0.323529422
    788, -0.00916519761, -0.0173441507,  0.323529422
    789, -0.0299927369, 0.00230071321,  0.323529422
    790, 0.00775322225, 0.0129118729,  0.323529422
    791, 0.0171667114, -0.0261557885,  0.323529422
    792, -0.0256893858, -0.0725329071,  0.323529422
    793, -0.0447283424, -0.070664905,  0.323529422
    794, -0.0303991735, 0.0457258038,  0.323529422
    795, -0.0505043641, 0.0147231789,  0.323529422
    796, -0.036068365, -0.0280021168,  0.323529422
    797, -0.0182682704, 0.0218532383,  0.323529422
    798, 0.00747018307, 0.0458712578,  0.323529422
    799, 0.0313836038, -0.0489487424,  0.323529422
    800, 0.0383933634, -0.0354408249,  0.323529422
    801, 0.0534011684, -0.00147729833,  0.323529422
    802, 0.0554450229, 0.0196319912,  0.323529422
    803, 0.0373396687, 0.00388854486,  0.323529422
    804, 0.0265550073, -0.00734627061,  0.323529422
    805, -0.0281732548, 0.0959492996,  0.352941185
    806, -0.0540640801, 0.0841253549,  0.352941185
    807, -0.0755749568, 0.0654860735,  0.352941185
    808, -0.0909631997, 0.0415415019,  0.352941185
    809, -0.0989821479, 0.0142314835,  0.352941185
    810, -0.0989821479, -0.0142314835,  0.352941185
    811, -0.0909631997, -0.0415415019,  0.352941185
    812, -0.0755749568, -0.0654860735,  0.352941185
    813, -0.0540640801, -0.0841253549,  0.352941185
    814, -0.0281732548, -0.0959492996,  0.352941185
    815, 0.0281732548, -0.0959492996,  0.352941185
    816, 0.0540640801, -0.0841253549,  0.352941185
    817, 0.0755749568, -0.0654860735,  0.352941185
    818, 0.0909631997, -0.0415415019,  0.352941185
    819, 0.0989821479, -0.0142314835,  0.352941185
    820, 0.0989821479, 0.0142314835,  0.352941185
    821, 0.0909631997, 0.0415415019,  0.352941185
    822, 0.0755749568, 0.0654860735,  0.352941185
    823, 0.0540640801, 0.0841253549,  0.352941185
    824, 0.0281732548, 0.0959492996,  0.352941185
    825,           0.,  0.100000001,  0.352941185
    826,           0., -0.100000001,  0.352941185
    827, 0.00194778771, 0.0721839964,  0.352941185
    828, -0.0194655713, 0.0693034977,  0.352941185
    829, 0.0209703911, 0.0738150999,  0.352941185
    830, 0.0349391885, 0.0534154251,  0.352941185
    831, 0.0598011427, 0.0433732048,  0.352941185
    832, 0.0762497336, 0.0336331241,  0.352941185
    833, 0.0765062124, 0.0143875154,  0.352941185
    834, 0.0744545311, -0.00821883138,  0.352941185
    835, 0.0677391142, -0.0299345404,  0.352941185
    836, 0.0566181056, -0.0488748997,  0.352941185
    837, 0.0408093445, -0.063801825,  0.352941185
    838, -0.00265819184, -0.0732851774,  0.352941185
    839, -0.0528952144, -0.0538951755,  0.352941185
    840, -0.0617228299, -0.0323822387,  0.352941185
    841, -0.0666794628, -0.00677063875,  0.352941185
    842, -0.0781555176, 0.0123666916,  0.352941185
    843, -0.0684037209, 0.0291711465,  0.352941185
    844, -0.0557436161,  0.047138717,  0.352941185
    845, -0.0397465602, 0.0618361346,  0.352941185
    846, 0.0199975129, -0.0712355226,  0.352941185
    847, 0.0149892224, -0.0486711748,  0.352941185
    848, 0.0466618165, -0.0193563122,  0.352941185
    849, -0.0141255194, 0.0451425314,  0.352941185
    850,   0.03334314,  0.022078095,  0.352941185
    851, -0.0430175141, -0.0112515036,  0.352941185
    852, -0.0382972956, 0.0315394215,  0.352941185
    853, -0.00654723682, -0.0475235432,  0.352941185
    854, -0.0294926129, -0.0496794842,  0.352941185
    855, -0.00916519761, -0.0173441507,  0.352941185
    856, -0.0299927369, 0.00230071321,  0.352941185
    857, 0.00775322225, 0.0129118729,  0.352941185
    858, 0.0171667114, -0.0261557885,  0.352941185
    859, -0.0256893858, -0.0725329071,  0.352941185
    860, -0.0447283424, -0.070664905,  0.352941185
    861, -0.0303991735, 0.0457258038,  0.352941185
    862, -0.0505043641, 0.0147231789,  0.352941185
    863, -0.036068365, -0.0280021168,  0.352941185
    864, -0.0182682704, 0.0218532383,  0.352941185
    865, 0.00747018307, 0.0458712578,  0.352941185
    866, 0.0313836038, -0.0489487424,  0.352941185
    867, 0.0383933634, -0.0354408249,  0.352941185
    868, 0.0534011684, -0.00147729833,  0.352941185
    869, 0.0554450229, 0.0196319912,  0.352941185
    870, 0.0373396687, 0.00388854486,  0.352941185
    871, 0.0265550073, -0.00734627061,  0.352941185
    872, -0.0281732548, 0.0959492996,  0.382352948
    873, -0.0540640801, 0.0841253549,  0.382352948
    874, -0.0755749568, 0.0654860735,  0.382352948
    875, -0.0909631997, 0.0415415019,  0.382352948
    876, -0.0989821479, 0.0142314835,  0.382352948
    877, -0.0989821479, -0.0142314835,  0.382352948
    878, -0.0909631997, -0.0415415019,  0.382352948
    879, -0.0755749568, -0.0654860735,  0.382352948
    880, -0.0540640801, -0.0841253549,  0.382352948
    881, -0.0281732548, -0.0959492996,  0.382352948
    882, 0.0281732548, -0.0959492996,  0.382352948
    883, 0.0540640801, -0.0841253549,  0.382352948
    884, 0.0755749568, -0.0654860735,  0.382352948
    885, 0.0909631997, -0.0415415019,  0.382352948
    886, 0.0989821479, -0.0142314835,  0.382352948
    887, 0.0989821479, 0.0142314835,  0.382352948
    888, 0.0909631997, 0.0415415019,  0.382352948
    889, 0.0755749568, 0.0654860735,  0.382352948
    890, 0.0540640801, 0.0841253549,  0.382352948
    891, 0.0281732548, 0.0959492996,  0.382352948
    892,           0.,  0.100000001,  0.382352948
    893,           0., -0.100000001,  0.382352948
    894, 0.00194778771, 0.0721839964,  0.382352948
    895, -0.0194655713, 0.0693034977,  0.382352948
    896, 0.0209703911, 0.0738150999,  0.382352948
    897, 0.0349391885, 0.0534154251,  0.382352948
    898, 0.0598011427, 0.0433732048,  0.382352948
    899, 0.0762497336, 0.0336331241,  0.382352948
    900, 0.0765062124, 0.0143875154,  0.382352948
    901, 0.0744545311, -0.00821883138,  0.382352948
    902, 0.0677391142, -0.0299345404,  0.382352948
    903, 0.0566181056, -0.0488748997,  0.382352948
    904, 0.0408093445, -0.063801825,  0.382352948
    905, -0.00265819184, -0.0732851774,  0.382352948
    906, -0.0528952144, -0.0538951755,  0.382352948
    907, -0.0617228299, -0.0323822387,  0.382352948
    908, -0.0666794628, -0.00677063875,  0.382352948
    909, -0.0781555176, 0.0123666916,  0.382352948
    910, -0.0684037209, 0.0291711465,  0.382352948
    911, -0.0557436161,  0.047138717,  0.382352948
    912, -0.0397465602, 0.0618361346,  0.382352948
    913, 0.0199975129, -0.0712355226,  0.382352948
    914, 0.0149892224, -0.0486711748,  0.382352948
    915, 0.0466618165, -0.0193563122,  0.382352948
    916, -0.0141255194, 0.0451425314,  0.382352948
    917,   0.03334314,  0.022078095,  0.382352948
    918, -0.0430175141, -0.0112515036,  0.382352948
    919, -0.0382972956, 0.0315394215,  0.382352948
    920, -0.00654723682, -0.0475235432,  0.382352948
    921, -0.0294926129, -0.0496794842,  0.382352948
    922, -0.00916519761, -0.0173441507,  0.382352948
    923, -0.0299927369, 0.00230071321,  0.382352948
    924, 0.00775322225, 0.0129118729,  0.382352948
    925, 0.0171667114, -0.0261557885,  0.382352948
    926, -0.0256893858, -0.0725329071,  0.382352948
    927, -0.0447283424, -0.070664905,  0.382352948
    928, -0.0303991735, 0.0457258038,  0.382352948
    929, -0.0505043641, 0.0147231789,  0.382352948
    930, -0.036068365, -0.0280021168,  0.382352948
    931, -0.0182682704, 0.0218532383,  0.382352948
    932, 0.00747018307, 0.0458712578,  0.382352948
    933, 0.0313836038, -0.0489487424,  0.382352948
    934, 0.0383933634, -0.0354408249,  0.382352948
    935, 0.0534011684, -0.00147729833,  0.382352948
    936, 0.0554450229, 0.0196319912,  0.382352948
    937, 0.0373396687, 0.00388854486,  0.382352948
    938, 0.0265550073, -0.00734627061,  0.382352948
    939, -0.0281732548, 0.0959492996,  0.411764711
    940, -0.0540640801, 0.0841253549,  0.411764711
    941, -0.0755749568, 0.0654860735,  0.411764711
    942, -0.0909631997, 0.0415415019,  0.411764711
    943, -0.0989821479, 0.0142314835,  0.411764711
    944, -0.0989821479, -0.0142314835,  0.411764711
    945, -0.0909631997, -0.0415415019,  0.411764711
    946, -0.0755749568, -0.0654860735,  0.411764711
    947, -0.0540640801, -0.0841253549,  0.411764711
    948, -0.0281732548, -0.0959492996,  0.411764711
    949, 0.0281732548, -0.0959492996,  0.411764711
    950, 0.0540640801, -0.0841253549,  0.411764711
    951, 0.0755749568, -0.0654860735,  0.411764711
    952, 0.0909631997, -0.0415415019,  0.411764711
    953, 0.0989821479, -0.0142314835,  0.411764711
    954, 0.0989821479, 0.0142314835,  0.411764711
    955, 0.0909631997, 0.0415415019,  0.411764711
    956, 0.0755749568, 0.0654860735,  0.411764711
    957, 0.0540640801, 0.0841253549,  0.411764711
    958, 0.0281732548, 0.0959492996,  0.411764711
    959,           0.,  0.100000001,  0.411764711
    960,           0., -0.100000001,  0.411764711
    961, 0.00194778771, 0.0721839964,  0.411764711
    962, -0.0194655713, 0.0693034977,  0.411764711
    963, 0.0209703911, 0.0738150999,  0.411764711
    964, 0.0349391885, 0.0534154251,  0.411764711
    965, 0.0598011427, 0.0433732048,  0.411764711
    966, 0.0762497336, 0.0336331241,  0.411764711
    967, 0.0765062124, 0.0143875154,  0.411764711
    968, 0.0744545311, -0.00821883138,  0.411764711
    969, 0.0677391142, -0.0299345404,  0.411764711
    970, 0.0566181056, -0.0488748997,  0.411764711
    971, 0.0408093445, -0.063801825,  0.411764711
    972, -0.00265819184, -0.0732851774,  0.411764711
    973, -0.0528952144, -0.0538951755,  0.411764711
    974, -0.0617228299, -0.0323822387,  0.411764711
    975, -0.0666794628, -0.00677063875,  0.411764711
    976, -0.0781555176, 0.0123666916,  0.411764711
    977, -0.0684037209, 0.0291711465,  0.411764711
    978, -0.0557436161,  0.047138717,  0.411764711
    979, -0.0397465602, 0.0618361346,  0.411764711
    980, 0.0199975129, -0.0712355226,  0.411764711
    981, 0.0149892224, -0.0486711748,  0.411764711
    982, 0.0466618165, -0.0193563122,  0.411764711
    983, -0.0141255194, 0.0451425314,  0.411764711
    984,   0.03334314,  0.022078095,  0.411764711
    985, -0.0430175141, -0.0112515036,  0.411764711
    986, -0.0382972956, 0.0315394215,  0.411764711
    987, -0.00654723682, -0.0475235432,  0.411764711
    988, -0.0294926129, -0.0496794842,  0.411764711
    989, -0.00916519761, -0.0173441507,  0.411764711
    990, -0.0299927369, 0.00230071321,  0.411764711
    991, 0.00775322225, 0.0129118729,  0.411764711
    992, 0.0171667114, -0.0261557885,  0.411764711
    993, -0.0256893858, -0.0725329071,  0.411764711
    994, -0.0447283424, -0.070664905,  0.411764711
    995, -0.0303991735, 0.0457258038,  0.411764711
    996, -0.0505043641, 0.0147231789,  0.411764711
    997, -0.036068365, -0.0280021168,  0.411764711
    998, -0.0182682704, 0.0218532383,  0.411764711
    999, 0.00747018307, 0.0458712578,  0.411764711
   1000, 0.0313836038, -0.0489487424,  0.411764711
   1001, 0.0383933634, -0.0354408249,  0.411764711
   1002, 0.0534011684, -0.00147729833,  0.411764711
   1003, 0.0554450229, 0.0196319912,  0.411764711
   1004, 0.0373396687, 0.00388854486,  0.411764711
   1005, 0.0265550073, -0.00734627061,  0.411764711
   1006, -0.0281732548, 0.0959492996,  0.441176474
   1007, -0.0540640801, 0.0841253549,  0.441176474
   1008, -0.0755749568, 0.0654860735,  0.441176474
   1009, -0.0909631997, 0.0415415019,  0.441176474
   1010, -0.0989821479, 0.0142314835,  0.441176474
   1011, -0.0989821479, -0.0142314835,  0.441176474
   1012, -0.0909631997, -0.0415415019,  0.441176474
   1013, -0.0755749568, -0.0654860735,  0.441176474
   1014, -0.0540640801, -0.0841253549,  0.441176474
   1015, -0.0281732548, -0.0959492996,  0.441176474
   1016, 0.0281732548, -0.0959492996,  0.441176474
   1017, 0.0540640801, -0.0841253549,  0.441176474
   1018, 0.0755749568, -0.0654860735,  0.441176474
   1019, 0.0909631997, -0.0415415019,  0.441176474
   1020, 0.0989821479, -0.0142314835,  0.441176474
   1021, 0.0989821479, 0.0142314835,  0.441176474
   1022, 0.0909631997, 0.0415415019,  0.441176474
   1023, 0.0755749568, 0.0654860735,  0.441176474
   1024, 0.0540640801, 0.0841253549,  0.441176474
   1025, 0.0281732548, 0.0959492996,  0.441176474
   1026,           0.,  0.100000001,  0.441176474
   1027,           0., -0.100000001,  0.441176474
   1028, 0.00194778771, 0.0721839964,  0.441176474
   1029, -0.0194655713, 0.0693034977,  0.441176474
   1030, 0.0209703911, 0.0738150999,  0.441176474
   1031, 0.0349391885, 0.0534154251,  0.441176474
   1032, 0.0598011427, 0.0433732048,  0.441176474
   1033, 0.0762497336, 0.0336331241,  0.441176474
   1034, 0.0765062124, 0.0143875154,  0.441176474
   1035, 0.0744545311, -0.00821883138,  0.441176474
   1036, 0.0677391142, -0.0299345404,  0.441176474
   1037, 0.0566181056, -0.0488748997,  0.441176474
   1038, 0.0408093445, -0.063801825,  0.441176474
   1039, -0.00265819184, -0.0732851774,  0.441176474
   1040, -0.0528952144, -0.0538951755,  0.441176474
   1041, -0.0617228299, -0.0323822387,  0.441176474
   1042, -0.0666794628, -0.00677063875,  0.441176474
   1043, -0.0781555176, 0.0123666916,  0.441176474
   1044, -0.0684037209, 0.0291711465,  0.441176474
   1045, -0.0557436161,  0.047138717,  0.441176474
   1046, -0.0397465602, 0.0618361346,  0.441176474
   1047, 0.0199975129, -0.0712355226,  0.441176474
   1048, 0.0149892224, -0.0486711748,  0.441176474
   1049, 0.0466618165, -0.0193563122,  0.441176474
   1050, -0.0141255194, 0.0451425314,  0.441176474
   1051,   0.03334314,  0.022078095,  0.441176474
   1052, -0.0430175141, -0.0112515036,  0.441176474
   1053, -0.0382972956, 0.0315394215,  0.441176474
   1054, -0.00654723682, -0.0475235432,  0.441176474
   1055, -0.0294926129, -0.0496794842,  0.441176474
   1056, -0.00916519761, -0.0173441507,  0.441176474
   1057, -0.0299927369, 0.00230071321,  0.441176474
   1058, 0.00775322225, 0.0129118729,  0.441176474
   1059, 0.0171667114, -0.0261557885,  0.441176474
   1060, -0.0256893858, -0.0725329071,  0.441176474
   1061, -0.0447283424, -0.070664905,  0.441176474
   1062, -0.0303991735, 0.0457258038,  0.441176474
   1063, -0.0505043641, 0.0147231789,  0.441176474
   1064, -0.036068365, -0.0280021168,  0.441176474
   1065, -0.0182682704, 0.0218532383,  0.441176474
   1066, 0.00747018307, 0.0458712578,  0.441176474
   1067, 0.0313836038, -0.0489487424,  0.441176474
   1068, 0.0383933634, -0.0354408249,  0.441176474
   1069, 0.0534011684, -0.00147729833,  0.441176474
   1070, 0.0554450229, 0.0196319912,  0.441176474
   1071, 0.0373396687, 0.00388854486,  0.441176474
   1072, 0.0265550073, -0.00734627061,  0.441176474
   1073, -0.0281732548, 0.0959492996,  0.470588237
   1074, -0.0540640801, 0.0841253549,  0.470588237
   1075, -0.0755749568, 0.0654860735,  0.470588237
   1076, -0.0909631997, 0.0415415019,  0.470588237
   1077, -0.0989821479, 0.0142314835,  0.470588237
   1078, -0.0989821479, -0.0142314835,  0.470588237
   1079, -0.0909631997, -0.0415415019,  0.470588237
   1080, -0.0755749568, -0.0654860735,  0.470588237
   1081, -0.0540640801, -0.0841253549,  0.470588237
   1082, -0.0281732548, -0.0959492996,  0.470588237
   1083, 0.0281732548, -0.0959492996,  0.470588237
   1084, 0.0540640801, -0.0841253549,  0.470588237
   1085, 0.0755749568, -0.0654860735,  0.470588237
   1086, 0.0909631997, -0.0415415019,  0.470588237
   1087, 0.0989821479, -0.0142314835,  0.470588237
   1088, 0.0989821479, 0.0142314835,  0.470588237
   1089, 0.0909631997, 0.0415415019,  0.470588237
   1090, 0.0755749568, 0.0654860735,  0.470588237
   1091, 0.0540640801, 0.0841253549,  0.470588237
   1092, 0.0281732548, 0.0959492996,  0.470588237
   1093,           0.,  0.100000001,  0.470588237
   1094,           0., -0.100000001,  0.470588237
   1095, 0.00194778771, 0.0721839964,  0.470588237
   1096, -0.0194655713, 0.0693034977,  0.470588237
   1097, 0.0209703911, 0.0738150999,  0.470588237
   1098, 0.0349391885, 0.0534154251,  0.470588237
   1099, 0.0598011427, 0.0433732048,  0.470588237
   1100, 0.0762497336, 0.0336331241,  0.470588237
   1101, 0.0765062124, 0.0143875154,  0.470588237
   1102, 0.0744545311, -0.00821883138,  0.470588237
   1103, 0.0677391142, -0.0299345404,  0.470588237
   1104, 0.0566181056, -0.0488748997,  0.470588237
   1105, 0.0408093445, -0.063801825,  0.470588237
   1106, -0.00265819184, -0.0732851774,  0.470588237
   1107, -0.0528952144, -0.0538951755,  0.470588237
   1108, -0.0617228299, -0.0323822387,  0.470588237
   1109, -0.0666794628, -0.00677063875,  0.470588237
   1110, -0.0781555176, 0.0123666916,  0.470588237
   1111, -0.0684037209, 0.0291711465,  0.470588237
   1112, -0.0557436161,  0.047138717,  0.470588237
   1113, -0.0397465602, 0.0618361346,  0.470588237
   1114, 0.0199975129, -0.0712355226,  0.470588237
   1115, 0.0149892224, -0.0486711748,  0.470588237
   1116, 0.0466618165, -0.0193563122,  0.470588237
   1117, -0.0141255194, 0.0451425314,  0.470588237
   1118,   0.03334314,  0.022078095,  0.470588237
   1119, -0.0430175141, -0.0112515036,  0.470588237
   1120, -0.0382972956, 0.0315394215,  0.470588237
   1121, -0.00654723682, -0.0475235432,  0.470588237
   1122, -0.0294926129, -0.0496794842,  0.470588237
   1123, -0.00916519761, -0.0173441507,  0.470588237
   1124, -0.0299927369, 0.00230071321,  0.470588237
   1125, 0.00775322225, 0.0129118729,  0.470588237
   1126, 0.0171667114, -0.0261557885,  0.470588237
   1127, -0.0256893858, -0.0725329071,  0.470588237
   1128, -0.0447283424, -0.070664905,  0.470588237
   1129, -0.0303991735, 0.0457258038,  0.470588237
   1130, -0.0505043641, 0.0147231789,  0.470588237
   1131, -0.036068365, -0.0280021168,  0.470588237
   1132, -0.0182682704, 0.0218532383,  0.470588237
   1133, 0.00747018307, 0.0458712578,  0.470588237
   1134, 0.0313836038, -0.0489487424,  0.470588237
   1135, 0.0383933634, -0.0354408249,  0.470588237
   1136, 0.0534011684, -0.00147729833,  0.470588237
   1137, 0.0554450229, 0.0196319912,  0.470588237
   1138, 0.0373396687, 0.00388854486,  0.470588237
   1139, 0.0265550073, -0.00734627061,  0.470588237
   1140, -0.0281732548, 0.0959492996,          0.5
   1141, -0.0540640801, 0.0841253549,          0.5
   1142, -0.0755749568, 0.0654860735,          0.5
   1143, -0.0909631997, 0.0415415019,          0.5
   1144, -0.0989821479, 0.0142314835,          0.5
   1145, -0.0989821479, -0.0142314835,          0.5
   1146, -0.0909631997, -0.0415415019,          0.5
   1147, -0.0755749568, -0.0654860735,          0.5
   1148, -0.0540640801, -0.0841253549,          0.5
   1149, -0.0281732548, -0.0959492996,          0.5
   1150, 0.0281732548, -0.0959492996,          0.5
   1151, 0.0540640801, -0.0841253549,          0.5
   1152, 0.0755749568, -0.0654860735,          0.5
   1153, 0.0909631997, -0.0415415019,          0.5
   1154, 0.0989821479, -0.0142314835,          0.5
   1155, 0.0989821479, 0.0142314835,          0.5
   1156, 0.0909631997, 0.0415415019,          0.5
   1157, 0.0755749568, 0.0654860735,          0.5
   1158, 0.0540640801, 0.0841253549,          0.5
   1159, 0.0281732548, 0.0959492996,          0.5
   1160,           0.,  0.100000001,          0.5
   1161,           0., -0.100000001,          0.5
   1162, 0.00194778771, 0.0721839964,          0.5
   1163, -0.0194655713, 0.0693034977,          0.5
   1164, 0.0209703911, 0.0738150999,          0.5
   1165, 0.0349391885, 0.0534154251,          0.5
   1166, 0.0598011427, 0.0433732048,          0.5
   1167, 0.0762497336, 0.0336331241,          0.5
   1168, 0.0765062124, 0.0143875154,          0.5
   1169, 0.0744545311, -0.00821883138,          0.5
   1170, 0.0677391142, -0.0299345404,          0.5
   1171, 0.0566181056, -0.0488748997,          0.5
   1172, 0.0408093445, -0.063801825,          0.5
   1173, -0.00265819184, -0.0732851774,          0.5
   1174, -0.0528952144, -0.0538951755,          0.5
   1175, -0.0617228299, -0.0323822387,          0.5
   1176, -0.0666794628, -0.00677063875,          0.5
   1177, -0.0781555176, 0.0123666916,          0.5
   1178, -0.0684037209, 0.0291711465,          0.5
   1179, -0.0557436161,  0.047138717,          0.5
   1180, -0.0397465602, 0.0618361346,          0.5
   1181, 0.0199975129, -0.0712355226,          0.5
   1182, 0.0149892224, -0.0486711748,          0.5
   1183, 0.0466618165, -0.0193563122,          0.5
   1184, -0.0141255194, 0.0451425314,          0.5
   1185,   0.03334314,  0.022078095,          0.5
   1186, -0.0430175141, -0.0112515036,          0.5
   1187, -0.0382972956, 0.0315394215,          0.5
   1188, -0.00654723682, -0.0475235432,          0.5
   1189, -0.0294926129, -0.0496794842,          0.5
   1190, -0.00916519761, -0.0173441507,          0.5
   1191, -0.0299927369, 0.00230071321,          0.5
   1192, 0.00775322225, 0.0129118729,          0.5
   1193, 0.0171667114, -0.0261557885,          0.5
   1194, -0.0256893858, -0.0725329071,          0.5
   1195, -0.0447283424, -0.070664905,          0.5
   1196, -0.0303991735, 0.0457258038,          0.5
   1197, -0.0505043641, 0.0147231789,          0.5
   1198, -0.036068365, -0.0280021168,          0.5
   1199, -0.0182682704, 0.0218532383,          0.5
   1200, 0.00747018307, 0.0458712578,          0.5
   1201, 0.0313836038, -0.0489487424,          0.5
   1202, 0.0383933634, -0.0354408249,          0.5
   1203, 0.0534011684, -0.00147729833,          0.5
   1204, 0.0554450229, 0.0196319912,          0.5
   1205, 0.0373396687, 0.00388854486,          0.5
   1206, 0.0265550073, -0.00734627061,          0.5