  -1.6776968e-05
   9.9584220e-06
  -3.7533462e-06
  -1.3500366e-05
   9.9528970e-06
  -2.7251619e-06
  -1.0155403e-05
   9.9336204e-06
  -1.7562991e-06
  -6.7580297e-06
   9.9005157e-06
  -8.4601606e-07
  -3.3512794e-06
   9.8614955e-06
   3.9016429e-08
   2.2814254e-08
   9.8275045e-06
   9.3789179e-07
   3.3380377e-06
   9.8079416e-06
   1.8824420e-06
   6.5930719e-06
   9.8048009e-06
   2.8857230e-06
   9.8159261e-06
   9.8085919e-06
   3.9306455e-06
  -1.6798674e-05
   4.7785786e-06
  -4.8484222e-06
  -1.3792485e-05
   4.7806564e-06
  -3.8804617e-06
  -1.0701993e-05
   4.7645245e-06
  -2.9270930e-06
  -7.5636165e-06
   4.7373016e-06
  -1.9937181e-06
  -4.4155429e-06
   4.7102718e-06
  -1.0736053e-06
  -1.2939026e-06
   4.6906802e-06
  -1.5413127e-07
   1.7757244e-06
   4.6806746e-06
   7.7733024e-07
   4.7843747e-06
   4.6777143e-06
   1.7280575e-06
   7.7442499e-06
   4.6782281e-06
   2.6928886e-06
  -1.6939702e-05
  -3.2329313e-07
  -5.9362716e-06
  -1.4171351e-05
  -2.8867750e-07
  -5.0198579e-06
  -1.1306288e-05
  -2.7064325e-07
  -4.1000046e-06
  -8.3986576e-06
  -2.7374455e-07
  -3.1793706e-06
  -5.4858879e-06
  -2.9505928e-07
  -2.2607105e-06
  -2.5995466e-06
  -3.2802900e-07
  -1.3451985e-06
   2.3591398e-07
  -3.6489941e-07
  -4.3305565e-07
   3.0055885e-06
  -3.9702303e-07
   4.7538628e-07
   5.7046252e-06
  -4.1288327e-07
   1.3794172e-06
  -1.7309444e-05
  -5.5368644e-06
  -7.0028936e-06
  -1.4704097e-05
  -5.4751514e-06
  -6.1383749e-06
  -1.2012585e-05
  -5.4375989e-06
  -5.2672033e-06
  -9.2850169e-06
  -5.4277160e-06
  -4.3896131e-06
  -6.5594170e-06
  -5.4448659e-06
  -3.5101694e-06
  -3.8666547e-06
  -5.4834183e-06
  -2.6343135e-06
  -1.2313084e-06
  -5.5336210e-06
  -1.7668440e-06
   1.3283171e-06
  -5.5821748e-06
  -9.1065509e-07
   3.7987714e-06
  -5.6124320e-06
  -6.4452365e-08
  -1.7932438e-05
  -1.1060287e-05
  -8.0619491e-06
  -1.5431609e-05
  -1.0977822e-05
  -7.2511250e-06
  -1.2856067e-05
  -1.0926520e-05
  -6.4342832e-06
  -1.0253089e-05
  -1.0909214e-05
  -5.6130806e-06
  -7.6596256e-06
  -1.0924132e-05
  -4.7916706e-06
  -5.1068875e-06
  -1.0964961e-05
  -3.9753180e-06
  -2.6205487e-06
  -1.1021292e-05
  -3.1689113e-06
  -2.2126783e-07
  -1.1079219e-05
  -2.3755054e-06
   2.0731083e-06
  -1.1121575e-05
  -1.5948714e-06
  -1.8801307e-05
  -1.7067199e-05
  -9.1450940e-06
  -1.6370043e-05
  -1.6970515e-05
  -8.3823597e-06
  -1.3866057e-05
  -1.6909818e-05
  -7.6146952e-06
  -1.1339193e-05
  -1.6887639e-05
  -6.8458990e-06
  -8.8275888e-06
  -1.6901504e-05
  -6.0800582e-06
  -6.3637090e-06
  -1.6944442e-05
  -5.3217160e-06
  -3.9751535e-06
  -1.7005649e-05
  -4.5750011e-06
  -1.6847418e-06
  -1.7070887e-05
  -3.8427830e-06
   4.8587779e-07
  -1.7122511e-05
  -3.1261035e-06
  -1.9920981e-05
  -2.3759328e-05
  -1.0271234e-05
  -1.7534763e-05
  -2.3652595e-05
  -9.5464820e-06
  -1.5071137e-05
  -2.3585391e-05
  -8.8164051e-06
  -1.2584437e-05
  -2.3560449e-05
  -8.0871766e-06
  -1.0116094e-05
  -2.3574607e-05
  -7.3633599e-06
  -7.7005230e-06
  -2.3620102e-05
  -6.6493804e-06
  -5.3671893e-06
  -2.3685815e-05
  -5.9490653e-06
  -3.1428964e-06
  -2.3757553e-05
  -5.2653224e-06
  -1.0530565e-06
  -2.3816579e-05
  -4.6014892e-06
  -2.1346122e-05
  -3.1438921e-05
  -1.1438705e-05
  -1.8977933e-05
  -3.1321551e-05
  -1.0742077e-05
  -1.6524461e-05
  -3.1248801e-05
  -1.0037865e-05
  -1.4046712e-05
  -3.1222615e-05
  -9.3347139e-06
  -1.1590675e-05
  -3.1239204e-05
  -8.6383037e-06
  -9.1937926e-06
  -3.1289422e-05
  -7.9536473e-06
  -6.8860791e-06
  -3.1360040e-05
  -7.2847058e-06
  -4.6926841e-06
  -3.1435238e-05
  -6.6342996e-06
  -2.6469802e-06
  -3.1496406e-05
  -6.0056912e-06
  -2.3231790e-05
  -4.0645153e-05
  -1.2617179e-05
  -2.0831760e-05
  -4.0513468e-05
  -1.1947595e-05
  -1.8349881e-05
  -4.0428412e-05
  -1.1265034e-05
  -1.5843124e-05
  -4.0392722e-05
  -1.0581172e-05
  -1.3359752e-05
  -4.0404264e-05
  -9.9033156e-06
  -1.0942720e-05
  -4.0455576e-05
  -9.2381509e-06
  -8.6294141e-06
  -4.0533840e-05
  -8.5915951e-06
  -6.4476687e-06
  -4.0621248e-05
  -7.9684785e-06
  -4.4058370e-06
  -4.0697918e-05
  -7.3753419e-06
  -2.5842667e-05
  -5.2474016e-05
  -1.3731903e-05
  -2.3369083e-05
  -5.2317340e-05
  -1.3120525e-05
  -2.0828698e-05
  -5.2207235e-05
  -1.2486313e-05
  -1.8266285e-05
  -5.2141340e-05
  -1.1842710e-05
  -1.5719346e-05
  -5.2116628e-05
  -1.1197438e-05
  -1.3224823e-05
  -5.2128082e-05
  -1.0557145e-05
  -1.0824649e-05
  -5.2166996e-05
  -9.9284125e-06
  -8.5723891e-06
  -5.2217786e-05
  -9.3181796e-06
  -6.5436966e-06
  -5.2251935e-05
  -8.7345336e-06
  -2.9428071e-05
  -6.8879720e-05
  -1.4647733e-05
  -2.6876740e-05
  -6.8747472e-05
  -1.4166710e-05
  -2.4339284e-05
  -6.8654438e-05
  -1.3652929e-05
  -2.1811591e-05
  -6.8595517e-05
  -1.3122989e-05
  -1.9289980e-05
  -6.8570626e-05
  -1.2585547e-05
  -1.6770969e-05
  -6.8583499e-05
  -1.2047067e-05
  -1.4250999e-05
  -6.8641974e-05
  -1.1514744e-05
  -1.1726145e-05
  -6.8759551e-05
  -1.1000044e-05
  -9.1917821e-06
  -6.8959198e-05
  -1.0527170e-05
  -3.2715233e-05
  -9.3219157e-05
  -1.5522939e-05
  -2.8139312e-05
  -9.3087623e-05
  -1.4966483e-05
  -2.3664446e-05
  -9.2998450e-05
  -1.4391853e-05
  -1.9234217e-05
  -9.2951184e-05
  -1.3810524e-05
  -1.4802708e-05
  -9.2943365e-05
  -1.3229956e-05
  -1.0326121e-05
  -9.2969495e-05
  -1.2657053e-05
  -5.7565286e-06
  -9.3019233e-05
  -1.2098834e-05
  -1.0348704e-06
  -9.3073832e-05
  -1.1562539e-05
   3.9198822e-06
  -9.3099179e-05
  -1.1055324e-05
  -3.4686800e-05
  -1.2124436e-04
  -1.6250745e-05
  -2.8230271e-05
  -1.2115598e-04
  -1.5681517e-05
  -2.1873171e-05
  -1.2110278e-04
  -1.5103514e-05
  -1.5557498e-05
  -1.2109017e-04
  -1.4525937e-05
  -9.2340101e-06
  -1.2111702e-04
  -1.3955552e-05
  -2.8595866e-06
  -1.2117588e-04
  -1.3398679e-05
   3.6018258e-06
  -1.2125336e-04
  -1.2860675e-05
   1.0174294e-05
  -1.2133100e-04
  -1.2345226e-05
   1.6858187e-05
  -1.2138916e-04
  -1.1855842e-05
  -3.5846612e-05
  -1.5097284e-04
  -1.6986986e-05
  -2.7614811e-05
  -1.5090903e-04
  -1.6416048e-05
  -1.9474118e-05
  -1.5087429e-04
  -1.5841411e-05
  -1.1369581e-05
  -1.5087215e-04
  -1.5268964e-05
  -3.2604965e-06
  -1.5089998e-04
  -1.4703367e-05
   4.8853808e-06
  -1.5094975e-04
  -1.4148665e-05
   1.3092455e-05
  -1.5100963e-04
  -1.3607818e-05
   2.1379816e-05
  -1.5106585e-04
  -1.3082640e-05
   2.9775306e-05
  -1.5110254e-04
  -1.2574468e-05
  -3.6552652e-05
  -1.8146102e-04
  -1.7775468e-05
  -2.6630060e-05
  -1.8141416e-04
  -1.7190616e-05
  -1.6781469e-05
  -1.8138835e-04
  -1.6603988e-05
  -6.9641932e-06
  -1.8138748e-04
  -1.6019627e-05
   2.8538720e-06
  -1.8140975e-04
  -1.5440808e-05
   1.2698722e-05
  -1.8144939e-04
  -1.4870460e-05
   2.2591872e-05
  -1.8149801e-04
  -1.4310930e-05
   3.2552390e-05
  -1.8154492e-04
  -1.3763909e-05
   4.2596533e-05
  -1.8157588e-04
  -1.3231267e-05
  -3.7006346e-05
  -2.1232304e-04
  -1.8619305e-05
  -2.5436929e-05
  -2.1228779e-04
  -1.8005997e-05
  -1.3928306e-05
  -2.1226885e-04
  -1.7392001e-05
  -2.4458016e-06
  -2.1226920e-04
  -1.6780022e-05
   9.0363210e-06
  -2.1228769e-04
  -1.6172416e-05
   2.0539466e-05
  -2.1231988e-04
  -1.5571315e-05
   3.2081085e-05
  -2.1235871e-04
  -1.4978416e-05
   4.3674272e-05
  -2.1239520e-04
  -1.4394853e-05
   5.5331286e-05
  -2.1241808e-04
  -1.3821199e-05
  -3.7303113e-05
  -2.4338347e-04
  -1.9506541e-05
  -2.4114957e-05
  -2.4335748e-04
  -1.8853692e-05
  -1.0977492e-05
  -2.4334358e-04
  -1.8200520e-05
   2.1377533e-06
  -2.4334415e-04
  -1.7548866e-05
   1.5252108e-05
  -2.4335825e-04
  -1.6900330e-05
   2.8382986e-05
  -2.4338242e-04
  -1.6256371e-05
   4.1543716e-05
  -2.4341130e-04
  -1.5618149e-05
   5.4744294e-05
  -2.4343797e-04
  -1.4986386e-05
   6.7992033e-05
  -2.4345490e-04
  -1.4361217e-05
  -3.7491783e-05
  -2.7455074e-04
  -2.0425844e-05
  -2.2706494e-05
  -2.7453270e-04
  -1.9726013e-05
  -7.9652634e-06
  -2.7452269e-04
  -1.9025776e-05
   6.7568768e-06
  -2.7452250e-04
  -1.8326166e-05
   2.1478442e-05
  -2.7453141e-04
  -1.7628179e-05
   3.6214345e-05
  -2.7454671e-04
  -1.6932634e-05
   5.0975830e-05
  -2.7456461e-04
  -1.6240091e-05
   6.5768501e-05
  -2.7458189e-04
  -1.5550859e-05
   8.0597061e-05
  -2.7459066e-04
  -1.4866106e-05
  -3.7598122e-05
  -3.0576682e-04
  -2.1370202e-05
  -2.1236623e-05
  -3.0575668e-04
  -2.0618901e-05
  -4.9128505e-06
  -3.0575157e-04
  -1.9866531e-05
   1.1395098e-05
  -3.0575358e-04
  -1.9113895e-05
   2.7703113e-05
  -3.0576148e-04
  -1.8361461e-05
   4.4025288e-05
  -3.0577198e-04
  -1.7609470e-05
   6.0373728e-05
  -3.0578094e-04
  -1.6857788e-05
   7.6760055e-05
  -3.0578407e-04
  -1.6105916e-05
   9.3172778e-05
  -3.0579562e-04
  -1.5349794e-05
  -3.7639995e-05
  -3.3698101e-04
  -2.2339404e-05
  -1.9720809e-05
  -3.3698014e-04
  -2.1531214e-05
  -1.8283189e-06
  -3.3698595e-04
  -2.0722750e-05
   1.6050268e-05
  -3.3700038e-04
  -1.9914616e-05
   3.3929087e-05
  -3.3702238e-04
  -1.9106568e-05
   5.1822783e-05
  -3.3704923e-04
  -1.8297723e-05
   6.9745742e-05
  -3.3707558e-04
  -1.7487696e-05
   8.7709967e-05
  -3.3709141e-04
  -1.6677473e-05
   1.0579530e-04
  -3.3705066e-04
  -1.5863078e-05
  -3.7647407e-05
  -3.6815703e-04
  -2.3329416e-05
  -1.8173801e-05
  -3.6815810e-04
  -2.2456681e-05
   1.2821433e-06
  -3.6816836e-04
  -2.1589523e-05
   2.0726880e-05
  -3.6819816e-04
  -2.0728749e-05
   4.0175843e-05
  -3.6825425e-04
  -1.9871487e-05
   5.9647715e-05
  -3.6834258e-04
  -1.9014770e-05
   7.9164775e-05
  -3.6847443e-04
  -1.8157039e-05
   9.8766904e-05
  -3.6868035e-04
  -1.7307311e-05
   1.1847306e-04
  -3.6902865e-04
  -1.6576639e-05
  -1.6097380e-05
   8.9077212e-06
  -3.7452446e-06
  -1.2832777e-05
   8.9072887e-06
  -2.7045832e-06
  -9.5252133e-06
   8.9044669e-06
  -1.7382640e-06
  -6.1849316e-06
   8.8854269e-06
  -8.3244906e-07
  -2.8441643e-06
   8.8477040e-06
   4.6071293e-08
   4.6682270e-07
   8.8016992e-06
   9.3604665e-07
   3.7320083e-06
   8.7633447e-06
   1.8710300e-06
   6.9566411e-06
   8.7453205e-06
   2.8694874e-06
   1.0164861e-05
   8.7452857e-06
   3.9255832e-06
  -1.6130903e-05
   3.7219280e-06
  -4.8356837e-06
  -1.3137091e-05
   3.7301029e-06
  -3.8611970e-06
  -1.0079516e-05
   3.7251907e-06
  -2.9090977e-06
  -6.9852303e-06
   3.7087892e-06
  -1.9815381e-06
  -3.8875012e-06
   3.6862073e-06
  -1.0686472e-06
  -8.1609812e-07
   3.6626304e-06
  -1.5554045e-07
   2.2093322e-06
   3.6422900e-06
   7.7254614e-07
   5.1840682e-06
   3.6282355e-06
   1.7252908e-06
   8.1215894e-06
   3.6208316e-06
   2.7003409e-06
  -1.6285049e-05
  -1.4049459e-06
  -5.8909427e-06
  -1.3524499e-05
  -1.3676018e-06
  -4.9874161e-06
  -1.0686119e-05
  -1.3473319e-06
  -4.0784622e-06
  -7.8119312e-06
  -1.3473286e-06
  -3.1675223e-06
  -4.9362853e-06
  -1.3648945e-06
  -2.2572571e-06
  -2.0874307e-06
  -1.3945163e-06
  -1.3483532e-06
   7.1333292e-07
  -1.4293540e-06
  -4.4050203e-07
   3.4533402e-06
  -1.4616083e-06
   4.6632365e-07
   6.1300916e-06
  -1.4820106e-06
   1.3711324e-06
  -1.6668708e-05
  -6.6519862e-06
  -6.9088734e-06
  -1.4066528e-05
  -6.5891311e-06
  -6.0746555e-06
  -1.1395384e-05
  -6.5516515e-06
  -5.2284453e-06
  -8.6929717e-06
  -6.5408344e-06
  -4.3723951e-06
  -5.9940588e-06
  -6.5543745e-06
  -3.5115926e-06
  -3.3274071e-06
  -6.5867230e-06
  -2.6516752e-06
  -7.1600710e-07
  -6.6296535e-06
  -1.7977060e-06
   1.8229757e-06
  -6.6727290e-06
  -9.5331417e-07
   4.2787083e-06
  -6.7032470e-06
  -1.1878510e-07
  -1.7303128e-05
  -1.2219936e-05
  -7.9196622e-06
  -1.4801213e-05
  -1.2137737e-05
  -7.1504737e-06
  -1.2243026e-05
  -1.2086682e-05
  -6.3721111e-06
  -9.6617664e-06
  -1.2067533e-05
  -5.5861797e-06
  -7.0904953e-06
  -1.2077174e-05
  -4.7971376e-06
  -4.5583652e-06
  -1.2109308e-05
  -4.0102572e-06
  -2.0896205e-06
  -1.2154955e-05
  -3.2305682e-06
   2.9656743e-07
  -1.2203115e-05
  -2.4618133e-06
   2.5871298e-06
  -1.2241339e-05
  -1.7045914e-06
  -1.8181814e-05
  -1.8294835e-05
  -8.9574101e-06
  -1.5744962e-05
  -1.8198588e-05
  -8.2451131e-06
  -1.3258737e-05
  -1.8137026e-05
  -7.5280856e-06
  -1.0755297e-05
  -1.8110673e-05
  -6.8078721e-06
  -8.2675282e-06
  -1.8116288e-05
  -6.0881958e-06
  -5.8251997e-06
  -1.8147238e-05
  -5.3731568e-06
  -3.4538450e-06
  -1.8194136e-05
  -4.6666136e-06
  -1.1733594e-06
  -1.8245578e-05
  -3.9715194e-06
   1.0028895e-06
  -1.8289896e-05
  -3.2883759e-06
  -1.9316904e-05
  -2.5094136e-05
  -1.0035634e-05
  -1.6919449e-05
  -2.4986795e-05
  -9.3709304e-06
  -1.4475093e-05
  -2.4917078e-05
  -8.7042564e-06
  -1.2016110e-05
  -2.4885323e-05
  -8.0372027e-06
  -9.5765719e-06
  -2.4887810e-05
  -7.3734123e-06
  -7.1870729e-06
  -2.4917455e-05
  -6.7164760e-06
  -4.8740552e-06
  -2.4964879e-05
  -6.0695711e-06
  -2.6600256e-06
  -2.5019148e-05
  -5.4351731e-06
  -5.5740564e-07
  -2.5068865e-05
  -4.8136912e-06
  -2.0771078e-05
  -3.2936807e-05
  -1.1141248e-05
  -1.8384663e-05
  -3.2817084e-05
  -1.0518157e-05
  -1.5950646e-05
  -3.2739994e-05
  -9.8935888e-06
  -1.3504526e-05
  -3.2704589e-05
  -9.2691608e-06
  -1.1082528e-05
  -3.2706301e-05
  -8.6490203e-06
  -8.7166482e-06
  -3.2736844e-05
  -8.0370820e-06
  -6.4322167e-06
  -3.2785333e-05
  -7.4365773e-06
  -4.2480138e-06
  -3.2840487e-05
  -6.8497146e-06
  -2.1847730e-06
  -3.2892599e-05
  -6.2760218e-06
  -2.2699483e-05
  -4.2373087e-05
  -1.2233142e-05
  -2.0275886e-05
  -4.2237000e-05
  -1.1656216e-05
  -1.7810000e-05
  -4.2146615e-05
  -1.1076616e-05
  -1.5334893e-05
  -4.2101315e-05
  -1.0495146e-05
  -1.2888117e-05
  -4.2097449e-05
  -9.9165046e-06
  -1.0506130e-05
  -4.2127904e-05
  -9.3454695e-06
  -8.2200709e-06
  -4.2182054e-05
  -8.7861104e-06
  -6.0480946e-06
  -4.2246943e-05
  -8.2412588e-06
  -3.9777250e-06
  -4.2313158e-05
  -7.7105227e-06
  -2.5332020e-05
  -5.4460459e-05
  -1.3237890e-05
  -2.2839892e-05
  -5.4302874e-05
  -1.2735973e-05
  -2.0308736e-05
  -5.4192151e-05
  -1.2228251e-05
  -1.7768817e-05
  -5.4123992e-05
  -1.1714220e-05
  -1.5250319e-05
  -5.4094152e-05
  -1.1198308e-05
  -1.2785679e-05
  -5.4097810e-05
  -1.0685633e-05
  -1.0412711e-05
  -5.4128026e-05
  -1.0180679e-05
  -8.1789357e-06
  -5.4172690e-05
  -9.6858955e-06
  -6.1480017e-06
  -5.4208331e-05
  -9.1985338e-06
  -2.8801623e-05
  -7.0989698e-05
  -1.4135752e-05
  -2.6258043e-05
  -7.0859408e-05
  -1.3763886e-05
  -2.3721535e-05
  -7.0769830e-05
  -1.3384839e-05
  -2.1190987e-05
  -7.0714904e-05
  -1.2997720e-05
  -1.8664710e-05
  -7.0693694e-05
  -1.2606207e-05
  -1.6140812e-05
  -7.0709964e-05
  -1.2215295e-05
  -1.3617431e-05
  -7.0772820e-05
  -1.1830276e-05
  -1.1092941e-05
  -7.0898625e-05
  -1.1455489e-05
  -8.5662284e-06
  -7.1114986e-05
  -1.1089875e-05
  -3.1995235e-05
  -9.5032715e-05
  -1.5104362e-05
  -2.7450564e-05
  -9.4899193e-05
  -1.4639376e-05
  -2.2967030e-05
  -9.4807235e-05
  -1.4169571e-05
  -1.8509591e-05
  -9.4754021e-05
  -1.3695304e-05
  -1.4043392e-05
  -9.4735821e-05
  -1.3221040e-05
  -9.5317316e-06
  -9.4747501e-05
  -1.2751920e-05
  -4.9331425e-06
  -9.4781058e-05
  -1.2292622e-05
  -1.9720494e-07
  -9.4822600e-05
  -1.1846162e-05
   4.7418636e-06
  -9.4846121e-05
  -1.1411499e-05
  -3.4006822e-05
  -1.2273142e-04
  -1.5983198e-05
  -2.7577608e-05
  -1.2263891e-04
  -1.5477647e-05
  -2.1204648e-05
  -1.2257999e-04
  -1.4970332e-05
  -1.4856267e-05
  -1.2255663e-04
  -1.4462989e-05
  -8.4951790e-06
  -1.2256648e-04
  -1.3959932e-05
  -2.0854784e-06
  -1.2260280e-04
  -1.3465394e-05
   4.4022945e-06
  -1.2265472e-04
  -1.2982812e-05
   1.0982632e-05
  -1.2270884e-04
  -1.2514321e-05
   1.7636054e-05
  -1.2275566e-04
  -1.2059535e-05
  -3.5206872e-05
  -1.5222131e-04
  -1.6818125e-05
  -2.6993311e-05
  -1.5215605e-04
  -1.6287672e-05
  -1.8834799e-05
  -1.5211733e-04
  -1.5757281e-05
  -1.0700895e-05
  -1.5210634e-04
  -1.5228852e-05
  -2.5603359e-06
  -1.5212007e-04
  -1.4705541e-05
   5.6138682e-06
  -1.5215153e-04
  -1.4190199e-05
   1.3841719e-05
  -1.5219109e-04
  -1.3685004e-05
   2.2136513e-05
  -1.5222896e-04
  -1.3191274e-05
   3.0514807e-05
  -1.5225712e-04
  -1.2708879e-05
  -3.5934699e-05
  -1.8255946e-04
  -1.7667066e-05
  -2.6022401e-05
  -1.8251248e-04
  -1.7108088e-05
  -1.6157642e-05
  -1.8248430e-04
  -1.6549995e-05
  -6.3168471e-06
  -1.8247713e-04
  -1.5994262e-05
   3.5256329e-06
  -1.8248915e-04
  -1.5443059e-05
   1.3392402e-05
  -1.8251538e-04
  -1.4898317e-05
   2.3302302e-05
  -1.8254886e-04
  -1.4361557e-05
   3.3270681e-05
  -1.8258141e-04
  -1.3833812e-05
   4.3302930e-05
  -1.8260454e-04
  -1.3315167e-05
  -3.6396767e-05
  -2.1333019e-04
  -1.8548043e-05
  -2.4832660e-05
  -2.1329551e-04
  -1.7951690e-05
  -1.3310597e-05
  -2.1327515e-04
  -1.7356396e-05
  -1.8101822e-06
  -2.1327115e-04
  -1.6763307e-05
   9.6901001e-06
  -2.1328245e-04
  -1.6173907e-05
   2.1209427e-05
  -2.1330518e-04
  -1.5589512e-05
   3.2763446e-05
  -2.1333325e-04
  -1.5011143e-05
   4.4362727e-05
  -2.1335929e-04
  -1.4439408e-05
   5.6012380e-05
  -2.1337638e-04
  -1.3874157e-05
  -3.6694641e-05
  -2.4433491e-04
  -1.9460312e-05
  -2.3508921e-05
  -2.4430975e-04
  -1.8818332e-05
  -1.0360733e-05
  -2.4429515e-04
  -1.8177263e-05
   2.7678776e-06
  -2.4429296e-04
  -1.7537908e-05
   1.5895448e-05
  -2.4430241e-04
  -1.6901215e-05
   2.9037884e-05
  -2.4432041e-04
  -1.6268021e-05
   4.2207413e-05
  -2.4434223e-04
  -1.5638941e-05
   5.5412491e-05
  -2.4436210e-04
  -1.5014256e-05
   6.8656339e-05
  -2.4437468e-04
  -1.4394008e-05
  -3.6880542e-05
  -2.7546693e-04
  -2.0397840e-05
  -2.2096092e-05
  -2.7544997e-04
  -1.9704185e-05
  -7.3462305e-06
  -2.7543996e-04
  -1.9011057e-05
   7.3860748e-06
  -2.7543848e-04
  -1.8318885e-05
   2.2117491e-05
  -2.7544497e-04
  -1.7628161e-05
   3.6861921e-05
  -2.7545704e-04
  -1.6939311e-05
   5.1629723e-05
  -2.7547138e-04
  -1.6252633e-05
   6.6426247e-05
  -2.7548472e-04
  -1.5568461e-05
   8.1252765e-05
  -2.7549265e-04
  -1.4886287e-05
  -3.6981797e-05
  -3.0665970e-04
  -2.1356249e-05
  -2.0620120e-05
  -3.0665099e-04
  -2.0606664e-05
  -4.2892680e-06
  -3.0664649e-04
  -1.9857208e-05
   1.2026871e-05
  -3.0664823e-04
  -1.9107959e-05
   2.8343083e-05
  -3.0665525e-04
  -1.8359071e-05
   4.4672741e-05
  -3.0666460e-04
  -1.7610605e-05
   6.1027486e-05
  -3.0667245e-04
  -1.6862530e-05
   7.7416192e-05
  -3.0667637e-04
  -1.6114195e-05
   9.3835380e-05
  -3.0668281e-04
  -1.5367354e-05
  -3.7018662e-05
  -3.3786004e-04
  -2.2334245e-05
  -1.9098517e-05
  -3.3785991e-04
  -2.1524530e-05
  -1.2002123e-06
  -3.3786539e-04
  -2.0715438e-05
   1.6686069e-05
  -3.3787891e-04
  -1.9907021e-05
   3.4573604e-05
  -3.3789999e-04
  -1.9098877e-05
   5.2476534e-05
  -3.3792593e-04
  -1.8290605e-05
   7.0409640e-05
  -3.3795149e-04
  -1.7482889e-05
   8.8393922e-05
  -3.3796813e-04
  -1.6679387e-05
   1.0647231e-04
  -3.3796273e-04
  -1.5882230e-05
  -3.7024425e-05
  -3.6903210e-04
  -2.3328618e-05
  -1.7549559e-05
  -3.6903300e-04
  -2.2453413e-05
   1.9117296e-06
  -3.6904162e-04
  -2.1582454e-05
   2.1364856e-05
  -3.6906923e-04
  -2.0715321e-05
   4.0823865e-05
  -3.6912300e-04
  -1.9849762e-05
   6.0305811e-05
  -3.6920701e-04
  -1.8982939e-05
   7.9831177e-05
  -3.6932349e-04
  -1.8113251e-05
   9.9427660e-05
  -3.6946607e-04
  -1.7249806e-05
   1.1912617e-04
  -3.6961378e-04
  -1.6458183e-05
  -1.5396656e-05
   7.8018570e-06
  -3.7058610e-06
  -1.2158590e-05
   7.7829466e-06
  -2.6444108e-06
  -8.8943328e-06
   7.7607775e-06
  -1.6918213e-06
  -5.6106097e-06
   7.7286169e-06
  -8.0816121e-07
  -2.3334110e-06
   7.6854848e-06
   4.4052902e-08
   9.1418069e-07
   7.6419220e-06
   9.0578749e-07
   4.1229309e-06
   7.6141586e-06
   1.8156077e-06
   7.3030341e-06
   7.6131845e-06
   2.8034066e-06
   1.0480375e-05
   7.6302488e-06
   3.8873607e-06
  -1.5447201e-05
   2.6461762e-06
  -4.8233962e-06
  -1.2474962e-05
   2.6558287e-06
  -3.8376632e-06
  -9.4514813e-06
   2.6511043e-06
  -2.8871021e-06
  -6.4000921e-06
   2.6348413e-06
  -1.9668670e-06
  -3.3506787e-06
   2.6120266e-06
  -1.0630284e-06
  -3.2980413e-07
   2.5876165e-06
  -1.5792409e-07
   2.6461149e-06
   2.5660857e-06
   7.6608334e-07
   5.5752835e-06
   2.5505750e-06
   1.7227982e-06
   8.4742444e-06
   2.5389048e-06
   2.7193722e-06
  -1.5614416e-05
  -2.4641445e-06
  -5.8520064e-06
  -1.2866164e-05
  -2.4196472e-06
  -4.9629289e-06
  -1.0054611e-05
  -2.3930080e-06
  -4.0632753e-06
  -7.2157324e-06
  -2.3876635e-06
  -3.1599355e-06
  -4.3801849e-06
  -2.4010709e-06
  -2.2555827e-06
  -1.5739178e-06
  -2.4282835e-06
  -1.3501677e-06
   1.1838136e-06
  -2.4633840e-06
  -4.4272203e-07
   3.8826474e-06
  -2.4996351e-06
   4.6700419e-07
   6.5233766e-06
  -2.5286247e-06
   1.3767029e-06
  -1.6018565e-05
  -7.7135520e-06
  -6.8168261e-06
  -1.3418502e-05
  -7.6435597e-06
  -6.0170284e-06
  -1.0764786e-05
  -7.5990208e-06
  -5.1955676e-06
  -8.0890846e-06
  -7.5816375e-06
  -4.3599432e-06
  -5.4216191e-06
  -7.5892828e-06
  -3.5164105e-06
  -2.7883767e-06
  -7.6169052e-06
  -2.6707205e-06
  -2.1016938e-07
  -7.6573530e-06
  -1.8281322e-06
   2.2981250e-06
  -7.7015033e-06
  -9.9362638e-07
   4.7283610e-06
  -7.7373518e-06
  -1.7296802e-07
  -1.6683074e-05
  -1.3304487e-05
  -7.7720919e-06
  -1.4173944e-05
  -1.3217079e-05
  -7.0503995e-06
  -1.1623407e-05
  -1.3160262e-05
  -6.3117005e-06
  -9.0592172e-06
  -1.3134995e-05
  -5.5616116e-06
  -6.5094612e-06
  -1.3138293e-05
  -4.8053429e-06
  -3.9999737e-06
  -1.3164393e-05
  -4.0482421e-06
  -1.5523719e-06
  -1.3205343e-05
  -3.2955972e-06
   8.1675590e-07
  -1.3251522e-05
  -2.5524796e-06
   3.0964616e-06
  -1.3291316e-05
  -1.8244837e-06
  -1.7597686e-05
  -1.9425606e-05
  -8.7597183e-06
  -1.5145095e-05
  -1.9325377e-05
  -8.1048650e-06
  -1.2657851e-05
  -1.9259009e-05
  -7.4403554e-06
  -1.0163086e-05
  -1.9226987e-05
  -6.7701537e-06
  -7.6882498e-06
  -1.9226098e-05
  -6.0979115e-06
  -5.2592157e-06
  -1.9250262e-05
  -5.4274469e-06
  -2.8983205e-06
  -1.9291178e-05
  -4.7625340e-06
  -6.2236017e-07
  -1.9338961e-05
  -4.1067646e-06
   1.5571928e-06
  -1.9382896e-05
  -3.4640871e-06
  -1.8772552e-05
  -2.6299040e-05
  -9.7883572e-06
  -1.6351559e-05
  -2.6187654e-05
  -9.1919718e-06
  -1.3898433e-05
  -2.6112970e-05
  -8.5903804e-06
  -1.1441097e-05
  -2.6075437e-05
  -7.9869863e-06
  -9.0077637e-06
  -2.6071271e-05
  -7.3846412e-06
  -6.6244212e-06
  -2.6093924e-05
  -6.7862288e-06
  -4.3136454e-06
  -2.6135198e-05
  -6.1944447e-06
  -2.0944108e-06
  -2.6185825e-05
  -5.6116815e-06
   2.2401142e-08
  -2.6235062e-05
  -5.0406720e-06
  -2.0266540e-05
  -3.4248400e-05
  -1.0837925e-05
  -1.7850979e-05
  -3.4123563e-05
  -1.0297153e-05
  -1.5401207e-05
  -3.4040671e-05
  -9.7520824e-06
  -1.2950077e-05
  -3.3999286e-05
  -9.2063674e-06
  -1.0528224e-05
  -3.3994810e-05
  -8.6627805e-06
  -8.1626389e-06
  -3.4019333e-05
  -8.1240438e-06
  -5.8741816e-06
  -3.4062943e-05
  -7.5925431e-06
  -3.6777585e-06
  -3.4115766e-05
  -7.0701707e-06
  -1.5929309e-06
  -3.4168458e-05
  -6.5590488e-06
  -2.2214950e-05
  -4.3816274e-05
  -1.1866043e-05
  -1.9763181e-05
  -4.3674616e-05
  -1.1388376e-05
  -1.7278527e-05
  -4.3578004e-05
  -1.0904500e-05
  -1.4793182e-05
  -4.3527703e-05
  -1.0418739e-05
  -1.2340952e-05
  -4.3520510e-05
  -9.9340310e-06
  -9.9543097e-06
  -4.3549544e-05
  -9.4532685e-06
  -7.6604724e-06
  -4.3604446e-05
  -8.9790266e-06
  -5.4739380e-06
  -4.3672374e-05
  -8.5134442e-06
  -3.3808514e-06
  -4.3742407e-05
  -8.0593348e-06
  -2.4796408e-05
  -5.6018931e-05
  -1.2826938e-05
  -2.2291843e-05
  -5.5854709e-05
  -1.2435710e-05
  -1.9748451e-05
  -5.5737751e-05
  -1.2035183e-05
  -1.7198804e-05
  -5.5666144e-05
  -1.1630256e-05
  -1.4672801e-05
  -5.5636459e-05
  -1.1223925e-05
  -1.2201817e-05
  -5.5644118e-05
  -1.0818949e-05
  -9.8225269e-06
  -5.5681943e-05
  -1.0417750e-05
  -7.5817235e-06
  -5.5736682e-05
  -1.0022442e-05
  -5.5437797e-06
  -5.5781872e-05
  -9.6362888e-06
  -2.8152834e-05
  -7.2547222e-05
  -1.3748737e-05
  -2.5616547e-05
  -7.2410364e-05
  -1.3472672e-05
  -2.3086739e-05
  -7.2314793e-05
  -1.3187739e-05
  -2.0562112e-05
  -7.2256829e-05
  -1.2898223e-05
  -1.8041224e-05
  -7.2236664e-05
  -1.2606534e-05
  -1.5522588e-05
  -7.2258659e-05
  -1.2314781e-05
  -1.3004713e-05
  -7.2332123e-05
  -1.2024956e-05
  -1.0486116e-05
  -7.2472807e-05
  -1.1739091e-05
  -7.9653232e-06
  -7.2705398e-05
  -1.1460926e-05
  -3.1252562e-05
  -9.6486934e-05
  -1.4753185e-05
  -2.6734184e-05
  -9.6346788e-05
  -1.4382756e-05
  -2.2274383e-05
  -9.6248663e-05
  -1.4004270e-05
  -1.7835967e-05
  -9.6191598e-05
  -1.3622437e-05
  -1.3385398e-05
  -9.6172589e-05
  -1.3240358e-05
  -8.8881471e-06
  -9.6186887e-05
  -1.2860925e-05
  -4.3047766e-06
  -9.6226522e-05
  -1.2486765e-05
   4.1400282e-07
  -9.6276777e-05
  -1.2120303e-05
   5.3351972e-06
  -9.6308883e-05
  -1.1764962e-05
  -3.3244680e-05
  -1.2401835e-04
  -1.5719205e-05
  -2.6849964e-05
  -1.2392084e-04
  -1.5284815e-05
  -2.0500983e-05
  -1.2385649e-04
  -1.4845835e-05
  -1.4166988e-05
  -1.2382838e-04
  -1.4406241e-05
  -7.8149492e-06
  -1.2383447e-04
  -1.3968818e-05
  -1.4133809e-06
  -1.2386833e-04
  -1.3536137e-05
   5.0630664e-06
  -1.2391952e-04
  -1.3110380e-05
   1.1625416e-05
  -1.2397499e-04
  -1.2693258e-05
   1.8253575e-05
  -1.2402425e-04
  -1.2286701e-05
  -3.4480841e-05
  -1.5336447e-04
  -1.6637465e-05
  -2.6297007e-05
  -1.5329552e-04
  -1.6155601e-05
  -1.8155484e-05
  -1.5325264e-04
  -1.5672154e-05
  -1.0028323e-05
  -1.5323685e-04
  -1.5189888e-05
  -1.8896246e-06
  -1.5324508e-04
  -1.4710871e-05
   6.2828465e-06
  -1.5327069e-04
  -1.4236948e-05
   1.4504970e-05
  -1.5330501e-04
  -1.3769602e-05
   2.2786627e-05
  -1.5333963e-04
  -1.3309909e-05
   3.1143582e-05
  -1.5336721e-04
  -1.2858987e-05
  -3.5247928e-05
  -1.8360075e-04
  -1.7545912e-05
  -2.5357571e-05
  -1.8355183e-04
  -1.7019279e-05
  -1.5502353e-05
  -1.8352096e-04
  -1.6492630e-05
  -5.6624594e-06
  -1.8350998e-04
  -1.5967793e-05
   4.1826858e-06
  -1.8351695e-04
  -1.5446146e-05
   1.4051736e-05
  -1.8353735e-04
  -1.4928896e-05
   2.3960299e-05
  -1.8356525e-04
  -1.4416986e-05
   3.3920893e-05
  -1.8359390e-04
  -1.3911056e-05
   4.3938024e-05
  -1.8361564e-04
  -1.3411714e-05
  -3.5737948e-05
  -2.1430571e-04
  -1.8467853e-05
  -2.4188786e-05
  -2.1427019e-04
  -1.7892766e-05
  -1.2671124e-05
  -2.1424833e-04
  -1.7318352e-05
  -1.1684548e-06
  -2.1424163e-04
  -1.6745738e-05
   1.0336506e-05
  -2.1424894e-04
  -1.6175799e-05
   2.1859972e-05
  -2.1426681e-04
  -1.5609290e-05
   3.3415226e-05
  -2.1428997e-04
  -1.5046770e-05
   4.5010618e-05
  -2.1431223e-04
  -1.4488573e-05
   5.6650231e-05
  -2.1432761e-04
  -1.3934974e-05
  -3.6051984e-05
  -2.4526893e-04
  -1.9408709e-05
  -2.2876214e-05
  -2.4524366e-04
  -1.8780324e-05
  -9.7294153e-06
  -2.4522837e-04
  -1.8152740e-05
   3.4027139e-06
  -2.4522445e-04
  -1.7526602e-05
   1.6535372e-05
  -2.4523107e-04
  -1.6902426e-05
   2.9682335e-05
  -2.4524549e-04
  -1.6280639e-05
   4.2854206e-05
  -2.4526356e-04
  -1.5661535e-05
   5.6057910e-05
  -2.4528038e-04
  -1.5045272e-05
   6.9295729e-05
  -2.4529158e-04
  -1.4431938e-05
  -3.6245706e-05
  -2.7637450e-04
  -2.0366840e-05
  -2.1467897e-05
  -2.7635789e-04
  -1.9681098e-05
  -6.7177600e-06
  -2.7634777e-04
  -1.8995964e-05
   8.0184301e-06
  -2.7634537e-04
  -1.8311730e-05
   2.2754747e-05
  -2.7635012e-04
  -1.7628619e-05
   3.7503575e-05
  -2.7635989e-04
  -1.6946809e-05
   5.2274231e-05
  -2.7637174e-04
  -1.6266444e-05
   6.7071226e-05
  -2.7638311e-04
  -1.5587569e-05
   8.1895967e-05
  -2.7638988e-04
  -1.4910516e-05
  -3.6350425e-05
  -3.0755016e-04
  -2.1339967e-05
  -1.9992842e-05
  -3.0754203e-04
  -2.0593716e-05
  -3.6605840e-06
  -3.0753771e-04
  -1.9847869e-05
   1.2659645e-05
  -3.0753893e-04
  -1.9102466e-05
   2.8980814e-05
  -3.0754483e-04
  -1.8357503e-05
   4.5315321e-05
  -3.0755279e-04
  -1.7613017e-05
   6.1673987e-05
  -3.0755962e-04
  -1.6869085e-05
   7.8065313e-05
  -3.0756302e-04
  -1.6126269e-05
   9.4483437e-05
  -3.0757100e-04
  -1.5385648e-05
  -3.6389924e-05
  -3.3874065e-04
  -2.2326746e-05
  -1.8471195e-05
  -3.3874097e-04
  -2.1517002e-05
  -5.7063334e-07
  -3.3874628e-04
  -2.0708112e-05
   1.7319997e-05
  -3.3875884e-04
  -1.9899847e-05
   3.5212751e-05
  -3.3877817e-04
  -1.9091895e-05
   5.3121003e-05
  -3.3880153e-04
  -1.8284187e-05
   7.1058948e-05
  -3.3882368e-04
  -1.7477683e-05
   8.9041794e-05
  -3.3883772e-04
  -1.6674668e-05
   1.0710511e-04
  -3.3882783e-04
  -1.5880663e-05
  -3.6397846e-05
  -3.6991036e-04
  -2.3325527e-05
  -1.6922574e-05
  -3.6991249e-04
  -2.2448640e-05
   2.5417467e-06
  -3.6992210e-04
  -2.1574824e-05
   2.1999795e-05
  -3.6994921e-04
  -2.0703034e-05
   4.1464302e-05
  -3.6999994e-04
  -1.9831769e-05
   6.0950915e-05
  -3.7007639e-04
  -1.8959585e-05
   8.0477602e-05
  -3.7017710e-04
  -1.8087554e-05
   1.0007066e-04
  -3.7029858e-04
  -1.7227042e-05
   1.1973948e-04
  -3.7045810e-04
  -1.6382933e-05
  -1.4630491e-05
   6.6341278e-06
  -3.6010047e-06
  -1.1440404e-05
   6.5882112e-06
  -2.5199150e-06
  -8.2364535e-06
   6.5393097e-06
  -1.5957881e-06
  -5.0245630e-06
   6.4861588e-06
  -7.6261947e-07
  -1.8275523e-06
   6.4320280e-06
   2.9680318e-08
   1.3362860e-06
   6.3894394e-06
   8.3051197e-07
   4.4631603e-06
   6.3749699e-06
   1.6899635e-06
   7.5694712e-06
   6.3973607e-06
   2.6573965e-06
   1.0688526e-05
   6.4417066e-06
   3.7794541e-06
  -1.4701367e-05
   1.5462764e-06
  -4.8088157e-06
  -1.1770084e-05
   1.5574874e-06
  -3.8092990e-06
  -8.7943418e-06
   1.5516931e-06
  -2.8590213e-06
  -5.7988369e-06
   1.5330919e-06
  -1.9477411e-06
  -2.8122885e-06
   1.5085060e-06
  -1.0559296e-06
   1.4072915e-07
   1.4832241e-06
  -1.6117911e-07
   3.0462603e-06
   1.4613002e-06
   7.5902134e-07
   5.9052684e-06
   1.4439786e-06
   1.7250351e-06
   8.7390992e-06
   1.4265606e-06
   2.7540894e-06
  -1.4882227e-05
  -3.5011746e-06
  -5.8306377e-06
  -1.2163376e-05
  -3.4446670e-06
  -4.9548525e-06
  -9.3902261e-06
  -3.4084440e-06
  -4.0610264e-06
  -6.5985015e-06
  -3.3955685e-06
  -3.1600253e-06
  -3.8169839e-06
  -3.4037465e-06
  -2.2554327e-06
  -1.0695340e-06
  -3.4283856e-06
  -1.3464939e-06
   1.6266521e-06
  -3.4645873e-06
  -4.3133332e-07
   4.2634235e-06
  -3.5071275e-06
   4.9009466e-07
   6.8433976e-06
  -3.5489475e-06
   1.4143891e-06
  -1.5320099e-05
  -8.7189889e-06
  -6.7350970e-06
  -1.2733562e-05
  -8.6375431e-06
  -5.9696357e-06
  -1.0105134e-05
  -8.5833732e-06
  -5.1724326e-06
  -7.4639677e-06
  -8.5574562e-06
  -4.3550958e-06
  -4.8374321e-06
  -8.5579453e-06
  -3.5257697e-06
  -2.2490035e-06
  -8.5804371e-06
  -2.6906457e-06
   2.8272897e-07
  -8.6186893e-06
  -1.8554223e-06
   2.7449990e-06
  -8.6648392e-06
  -1.0269842e-06
   5.1313292e-06
  -8.7088369e-06
  -2.1517795e-07
  -1.6031442e-05
  -1.4309819e-05
  -7.6240346e-06
  -1.3522875e-05
  -1.4214390e-05
  -6.9506002e-06
  -1.0983369e-05
  -1.4150548e-05
  -6.2533875e-06
  -8.4383132e-06
  -1.4118475e-05
  -5.5403102e-06
  -5.9129696e-06
  -1.4115410e-05
  -4.8175731e-06
  -3.4305349e-06
  -1.4136134e-05
  -4.0908222e-06
  -1.0103739e-06
  -1.4173480e-05
  -3.3658485e-06
   1.3328104e-06
  -1.4218809e-05
  -2.6493578e-06
   3.5893478e-06
  -1.4262155e-05
  -1.9500905e-06
  -1.6990911e-05
  -2.0453955e-05
  -8.5561703e-06
  -1.4530341e-05
  -2.0348560e-05
  -7.9600711e-06
  -1.2042888e-05
  -2.0277454e-05
  -7.3507741e-06
  -9.5542010e-06
  -2.0240516e-05
  -6.7328778e-06
  -7.0894332e-06
  -2.0234690e-05
  -6.1102599e-06
  -4.6719895e-06
  -2.0254326e-05
  -5.4865781e-06
  -2.3220629e-06
  -2.0291762e-05
  -4.8656823e-06
  -5.4895732e-08
  -2.0337858e-05
  -4.2520338e-06
   2.1187339e-06
  -2.0383049e-05
  -3.6512074e-06
  -1.8202842e-05
  -2.7369329e-05
  -9.5369518e-06
  -1.5768363e-05
  -2.7254111e-05
  -9.0094057e-06
  -1.3307275e-05
  -2.7176025e-05
  -8.4751971e-06
  -1.0846710e-05
  -2.7134932e-05
  -7.9373155e-06
  -8.4131874e-06
  -2.7127183e-05
  -7.3982783e-06
  -6.0305407e-06
  -2.7146544e-05
  -6.8603676e-06
  -3.7194207e-06
  -2.7185267e-05
  -6.3258876e-06
  -1.4975971e-06
  -2.7234546e-05
  -5.7974190e-06
   6.2442800e-07
  -2.7284437e-05
  -5.2780580e-06
  -1.9721647e-05
  -3.5376897e-05
  -1.0543959e-05
  -1.7290304e-05
  -3.5248648e-05
  -1.0081973e-05
  -1.4828114e-05
  -3.5163124e-05
  -9.6158636e-06
  -1.2367701e-05
  -3.5119338e-05
  -9.1479800e-06
  -9.9387961e-06
  -3.5112839e-05
  -8.6803791e-06
  -7.5668717e-06
  -3.5135873e-05
  -8.2148007e-06
  -5.2712990e-06
  -3.5178662e-05
  -7.7528766e-06
  -3.0660496e-06
  -3.5231437e-05
  -7.2962932e-06
  -9.7062487e-07
  -3.5285433e-05
  -6.8467145e-06
  -2.1667360e-05
  -4.5008663e-05
  -1.1544863e-05
  -1.9203254e-05
  -4.4863563e-05
  -1.1152522e-05
  -1.6706754e-05
  -4.4765089e-05
  -1.0756076e-05
  -1.4210429e-05
  -4.4713867e-05
  -1.0357560e-05
  -1.1748224e-05
  -4.4706842e-05
  -9.9589977e-06
  -9.3522580e-06
  -4.4737114e-05
  -9.5620648e-06
  -7.0492482e-06
  -4.4794083e-05
  -9.1683021e-06
  -4.8533368e-06
  -4.4864520e-05
  -8.7792889e-06
  -2.7501432e-06
  -4.4937799e-05
  -8.3964772e-06
  -2.4207221e-05
  -5.7249226e-05
  -1.2516022e-05
  -2.1700168e-05
  -5.7080951e-05
  -1.2205082e-05
  -1.9152327e-05
  -5.6962592e-05
  -1.1889304e-05
  -1.6597193e-05
  -5.6891208e-05
  -1.1570400e-05
  -1.4065470e-05
  -5.6863328e-05
  -1.1250302e-05
  -1.1589109e-05
  -5.6874294e-05
  -1.0930635e-05
  -9.2052714e-06
  -5.6916670e-05
  -1.0612858e-05
  -6.9613759e-06
  -5.6976941e-05
  -1.0298305e-05
  -4.9228686e-06
  -5.7029141e-05
  -9.9875567e-06
  -2.7512445e-05
  -7.3762993e-05
  -1.3480967e-05
  -2.4979838e-05
  -7.3623084e-05
  -1.3261106e-05
  -2.2453637e-05
  -7.3526665e-05
  -1.3038227e-05
  -1.9932574e-05
  -7.3469069e-05
  -1.2812856e-05
  -1.7415178e-05
  -7.3450386e-05
  -1.2586082e-05
  -1.4899926e-05
  -7.3474957e-05
  -1.2359002e-05
  -1.2385298e-05
  -7.3551942e-05
  -1.2132752e-05
  -9.8698177e-06
  -7.3696966e-05
  -1.1908594e-05
  -7.3521095e-06
  -7.3935617e-05
  -1.1687476e-05
  -3.0569111e-05
  -9.7662794e-05
  -1.4487047e-05
  -2.6060888e-05
  -9.7518678e-05
  -1.4185580e-05
  -2.1612800e-05
  -9.7419086e-05
  -1.3879947e-05
  -1.7186848e-05
  -9.7362159e-05
  -1.3571847e-05
  -1.2748683e-05
  -9.7344815e-05
  -1.3263176e-05
  -8.2632269e-06
  -9.7362198e-05
  -1.2955579e-05
  -3.6905788e-06
  -9.7406073e-05
  -1.2650552e-05
   1.0191321e-06
  -9.7461449e-05
  -1.2349461e-05
   5.9337437e-06
  -9.7499958e-05
  -1.2052987e-05
  -3.2535866e-05
  -1.2512510e-04
  -1.5483896e-05
  -2.6157842e-05
  -1.2502467e-04
  -1.5111975e-05
  -1.9824910e-05
  -1.2495873e-04
  -1.4737207e-05
  -1.3505896e-05
  -1.2492987e-04
  -1.4361387e-05
  -7.1675968e-06
  -1.2493609e-04
  -1.3986268e-05
  -7.7888155e-07
  -1.2497092e-04
  -1.3613281e-05
   5.6851461e-06
  -1.2502370e-04
  -1.3243669e-05
   1.2235287e-05
  -1.2508102e-04
  -1.2878588e-05
   1.8851099e-05
  -1.2513252e-04
  -1.2518974e-05
  -3.3779813e-05
  -1.5439777e-04
  -1.6454521e-05
  -2.5612894e-05
  -1.5432663e-04
  -1.6021473e-05
  -1.7485472e-05
  -1.5428207e-04
  -1.5587071e-05
  -9.3696393e-06
  -1.5426469e-04
  -1.5152851e-05
  -1.2402261e-06
  -1.5427145e-04
  -1.4720104e-05
   6.9236827e-06
  -1.5429582e-04
  -1.4289839e-05
   1.5136713e-05
  -1.5432924e-04
  -1.3862891e-05
   2.3408062e-05
  -1.5436339e-04
  -1.3440002e-05
   3.1753567e-05
  -1.5439124e-04
  -1.3021754e-05
  -3.4569427e-05
  -1.8457704e-04
  -1.7414651e-05
  -2.4692580e-05
  -1.8452668e-04
  -1.6923210e-05
  -1.4847150e-05
  -1.8449443e-04
  -1.6431423e-05
  -5.0137292e-06
  -1.8448176e-04
  -1.5940403e-05
   4.8269925e-06
  -1.8448673e-04
  -1.5450989e-05
   1.4691998e-05
  -1.8450502e-04
  -1.4963807e-05
   2.4595469e-05
  -1.8453102e-04
  -1.4479347e-05
   3.4549185e-05
  -1.8455826e-04
  -1.3998034e-05
   4.4557643e-05
  -1.8457940e-04
  -1.3520240e-05
  -3.5079590e-05
  -2.1524312e-04
  -1.8378384e-05
  -2.3540125e-05
  -2.1520688e-04
  -1.7827471e-05
  -1.2028345e-05
  -2.1518413e-04
  -1.7276742e-05
  -5.2841683e-07
  -2.1517606e-04
  -1.6726911e-05
   1.0975515e-05
  -2.1518154e-04
  -1.6178475e-05
   2.2498067e-05
  -2.1519730e-04
  -1.5631793e-05
   3.4051232e-05
  -2.1521844e-04
  -1.5087129e-05
   4.5642652e-05
  -2.1523910e-04
  -1.4544703e-05
   5.7276444e-05
  -2.1525364e-04
  -1.4004704e-05
  -3.5406949e-05
  -2.4618117e-04
  -1.9350684e-05
  -2.2237839e-05
  -2.4615567e-04
  -1.8738148e-05
  -9.0942219e-06
  -2.4613991e-04
  -1.8125978e-05
   4.0374204e-06
  -2.4613505e-04
  -1.7514580e-05
   1.7170920e-05
  -2.4614023e-04
  -1.6904217e-05
   3.0318711e-05
  -2.4615289e-04
  -1.6295072e-05
   4.3490371e-05
  -2.4616918e-04
  -1.5687268e-05
   5.6692252e-05
  -2.4618458e-04
  -1.5080897e-05
   6.9926717e-05
  -2.4619499e-04
  -1.4476085e-05
  -3.5608183e-05
  -2.7727050e-04
  -2.0331652e-05
  -2.0834876e-05
  -2.7725397e-04
  -1.9655507e-05
  -6.0861884e-06
  -2.7724371e-04
  -1.8979682e-05
   8.6507745e-06
  -2.7724073e-04
  -1.8304375e-05
   2.3388876e-05
  -2.7724448e-04
  -1.7629687e-05
   3.8139462e-05
  -2.7725298e-04
  -1.6955684e-05
   5.2911125e-05
  -2.7726355e-04
  -1.6282419e-05
   6.7707996e-05
  -2.7727388e-04
  -1.5609994e-05
   8.2531049e-05
  -2.7728023e-04
  -1.4938621e-05
  -3.5717147e-05
  -3.0843570e-04
  -2.1320403e-05
  -1.9362323e-05
  -3.0842782e-04
  -2.0579010e-05
  -3.0302873e-06
  -3.0842349e-04
  -1.9837866e-05
   1.3291468e-05
  -3.0842428e-04
  -1.9097033e-05
   2.9614954e-05
  -3.0842935e-04
  -1.8356498e-05
   4.5951744e-05
  -3.0843626e-04
  -1.7616273e-05
   6.2311900e-05
  -3.0844203e-04
  -1.6876497e-05
   7.8702859e-05
  -3.0844485e-04
  -1.6137537e-05
   9.5118412e-05
  -3.0845277e-04
  -1.5400340e-05
  -3.5759578e-05
  -3.3962054e-04
  -2.2316210e-05
  -1.7841936e-05
  -3.3962116e-04
  -2.1507986e-05
   5.9278339e-08
  -3.3962635e-04
  -2.0700311e-05
   1.7951913e-05
  -3.3963823e-04
  -1.9892996e-05
   3.5847255e-05
  -3.3965621e-04
  -1.9085883e-05
   5.3757869e-05
  -3.3967757e-04
  -1.8279042e-05
   7.1696584e-05
  -3.3969757e-04
  -1.7473093e-05
   8.9677021e-05
  -3.3970999e-04
  -1.6669752e-05
   1.0773319e-04
  -3.3970201e-04
  -1.5869351e-05
  -3.5769571e-05
  -3.7078898e-04
  -2.3318436e-05
  -1.6294179e-05
  -3.7079206e-04
  -2.2441507e-05
   3.1714624e-06
  -3.7080222e-04
  -2.1566168e-05
   2.2631897e-05
  -3.7082876e-04
  -2.0691732e-05
   4.2099031e-05
  -3.7087696e-04
  -1.9817462e-05
   6.1587431e-05
  -3.7094848e-04
  -1.8943033e-05
   8.1113870e-05
  -3.7104345e-04
  -1.8070128e-05
   1.0070236e-04
  -3.7116488e-04
  -1.7200968e-05
   1.2036459e-04
  -3.7131777e-04
  -1.6336242e-05
  -1.3749481e-05
   5.4084540e-06
  -3.4006164e-06
  -1.0633157e-05
   5.3237438e-06
  -2.3049386e-06
  -7.5201252e-06
   5.2419218e-06
  -1.4324143e-06
  -4.4146697e-06
   5.1634673e-06
  -6.8562352e-07
  -1.3367791e-06
   5.0930367e-06
   5.8451119e-09
   1.6995713e-06
   5.0434186e-06
   7.0480418e-07
   4.6967888e-06
   5.0358375e-06
   1.4773157e-06
   7.6800797e-06
   5.0831345e-06
   2.4021881e-06
   1.0697163e-05
   5.1645894e-06
   3.5665122e-06
  -1.3846510e-05
   4.2284806e-07
  -4.8022010e-06
  -1.0980217e-05
   4.4410371e-07
  -3.7857135e-06
  -8.0776757e-06
   4.4251914e-07
  -2.8318927e-06
  -5.1661226e-06
   4.2548477e-07
  -1.9275984e-06
  -2.2746026e-06
   3.9986521e-07
  -1.0462516e-06
   5.7444708e-07
   3.7166061e-07
  -1.5982482e-07
   3.3697308e-06
   3.4453394e-07
   7.6077681e-07
   6.1155152e-06
   3.1893773e-07
   1.7446754e-06
   8.8391496e-06
   2.8732172e-07
   2.8182062e-06
  -1.4049366e-05
  -4.5161042e-06
  -5.8384390e-06
  -1.1379962e-05
  -4.4397774e-06
  -4.9729694e-06
  -8.6658337e-06
  -4.3873618e-06
  -4.0786489e-06
  -5.9445288e-06
  -4.3628310e-06
  -3.1720615e-06
  -3.2431541e-06
  -4.3633266e-06
  -2.2588772e-06
  -5.8364029e-07
  -4.3844276e-06
  -1.3372246e-06
   2.0189430e-06
  -4.4220058e-06
  -4.0328317e-07
   4.5587283e-06
  -4.4732454e-06
   5.4372139e-07
   7.0402836e-06
  -4.5331100e-06
   1.4971257e-06
  -1.4551318e-05
  -9.6728878e-06
  -6.6655698e-06
  -1.1990196e-05
  -9.5754674e-06
  -5.9312503e-06
  -9.4000841e-06
  -9.5089311e-06
  -5.1569094e-06
  -6.8068649e-06
  -9.4724621e-06
  -4.3570220e-06
  -4.2359215e-06
  -9.4643270e-06
  -3.5407233e-06
  -1.7089044e-06
  -9.4806025e-06
  -2.7145061e-06
   7.5723599e-07
  -9.5157958e-06
  -1.8840384e-06
   3.1514615e-06
  -9.5635529e-06
  -1.0566995e-06
   5.4696420e-06
  -9.6170269e-06
  -2.4516987e-07
  -1.5334142e-05
  -1.5241969e-05
  -7.4763207e-06
  -1.2834777e-05
  -1.5137042e-05
  -6.8483194e-06
  -1.0313386e-05
  -1.5065277e-05
  -6.1936408e-06
  -7.7932410e-06
  -1.5026120e-05
  -5.5200033e-06
  -5.2977867e-06
  -1.5016636e-05
  -4.8335433e-06
  -2.8488057e-06
  -1.5031965e-05
  -4.1397654e-06
  -4.6436542e-07
  -1.5065643e-05
  -3.4445558e-06
   1.8421733e-06
  -1.5110278e-05
  -2.7552220e-06
   4.0627901e-06
  -1.5157840e-05
  -2.0817953e-06
  -1.6344594e-05
  -2.1385068e-05
  -8.3504707e-06
  -1.3884690e-05
  -2.1274518e-05
  -7.8112082e-06
  -1.1402833e-05
  -2.1199100e-05
  -7.2581383e-06
  -8.9235765e-06
  -2.1158125e-05
  -6.6949175e-06
  -6.4710458e-06
  -2.1148432e-05
  -6.1247205e-06
  -4.0675889e-06
  -2.1164578e-05
  -5.5506848e-06
  -1.7324120e-06
  -2.1199364e-05
  -4.9763237e-06
   5.2014039e-07
  -2.1244488e-05
  -4.4060364e-06
   2.6802298e-06
  -2.1291680e-05
  -3.8457182e-06
  -1.7585537e-05
  -2.8310844e-05
  -9.2861639e-06
  -1.5147664e-05
  -2.8192910e-05
  -8.8254154e-06
  -1.2685831e-05
  -2.8112598e-05
  -8.3587737e-06
  -1.0226599e-05
  -2.8069459e-05
  -7.8877401e-06
  -7.7958433e-06
  -2.8059730e-05
  -7.4137031e-06
  -5.4167226e-06
  -2.8077291e-05
  -6.9380815e-06
  -3.1092186e-06
  -2.8114632e-05
  -6.4624838e-06
  -8.9052026e-07
  -2.8163403e-05
  -5.9888808e-06
   1.2294094e-06
  -2.8214318e-05
  -5.5198282e-06
  -1.9118293e-05
  -3.6335980e-05
  -1.0260195e-05
  -1.6682125e-05
  -3.6206019e-05
  -9.8729766e-06
  -1.4216313e-05
  -3.6119248e-05
  -9.4836941e-06
  -1.1753259e-05
  -3.6074547e-05
  -9.0928648e-06
  -9.3224086e-06
  -3.6067316e-05
  -8.7009843e-06
  -6.9489194e-06
  -3.6089809e-05
  -8.3085686e-06
  -4.6518229e-06
  -3.6132321e-05
  -7.9161989e-06
  -2.4447748e-06
  -3.6185303e-05
  -7.5245733e-06
  -3.4703795e-07
  -3.6240207e-05
  -7.1345627e-06
  -2.1063030e-05
  -4.5986188e-05
  -1.1253611e-05
  -1.8595415e-05
  -4.5839706e-05
  -1.0937733e-05
  -1.6095364e-05
  -4.5740426e-05
  -1.0621269e-05
  -1.3595612e-05
  -4.5689014e-05
  -1.0304368e-05
  -1.1130159e-05
  -4.5682194e-05
  -9.9871739e-06
  -8.7311661e-06
  -4.5712987e-05
  -9.6698359e-06
  -6.4253449e-06
  -4.5770771e-05
  -9.3525212e-06
  -4.2267448e-06
  -4.5842411e-05
  -9.0354261e-06
  -2.1207610e-06
  -4.5917226e-05
  -8.7187886e-06
  -2.3589328e-05
  -5.8235291e-05
  -1.2255051e-05
  -2.1081764e-05
  -5.8065555e-05
  -1.2009671e-05
  -1.8532818e-05
  -5.7946428e-05
  -1.1764159e-05
  -1.5976266e-05
  -5.7875129e-05
  -1.1518547e-05
  -1.3443016e-05
  -5.7847944e-05
  -1.1272872e-05
  -1.0965212e-05
  -5.7860102e-05
  -1.1027167e-05
  -8.5802278e-06
  -5.7904172e-05
  -1.0781472e-05
  -6.3357271e-06
  -5.7966684e-05
  -1.0535828e-05
  -4.2973116e-06
  -5.8021217e-05
  -1.0290286e-05
  -2.6880223e-05
  -7.4743977e-05
  -1.3259249e-05
  -2.4348796e-05
  -7.4603115e-05
  -1.3084056e-05
  -2.1823773e-05
  -7.4505930e-05
  -1.2908841e-05
  -1.9303863e-05
  -7.4448136e-05
  -1.2733611e-05
  -1.6787594e-05
  -7.4429717e-05
  -1.2558372e-05
  -1.4273450e-05
  -7.4454918e-05
  -1.2383130e-05
  -1.1759917e-05
  -7.4532934e-05
  -1.2207892e-05
  -9.2455143e-06
  -7.4679530e-05
  -1.2032666e-05
  -6.7288333e-06
  -7.4920092e-05
  -1.1857461e-05
  -2.9924730e-05
  -9.8631853e-05
  -1.4264148e-05
  -2.5419573e-05
  -9.8486373e-05
  -1.4018881e-05
  -2.0975082e-05
  -9.8386092e-05
  -1.3773604e-05
  -1.6552957e-05
  -9.8329279e-05
  -1.3528320e-05
  -1.2118656e-05
  -9.8312637e-05
  -1.3283034e-05
  -7.6369012e-06
  -9.8331199e-05
  -1.3037752e-05
  -3.0675899e-06
  -9.8376716e-05
  -1.2792478e-05
   1.6393650e-06
  -9.8434208e-05
  -1.2547213e-05
   6.5519616e-06
  -9.8474849e-05
  -1.2301959e-05
  -3.1882090e-05
  -1.2607523e-04
  -1.5269067e-05
  -2.5509240e-05
  -1.2597379e-04
  -1.4953732e-05
  -1.9181619e-05
  -1.2590732e-04
  -1.4638393e-05
  -1.2867832e-05
  -1.2587843e-04
  -1.4323050e-05
  -6.5345746e-06
  -1.2588496e-04
  -1.4007707e-05
  -1.5061822e-07
  -1.2592033e-04
  -1.3692366e-05
   6.3089815e-06
  -1.2597384e-04
  -1.3377028e-05
   1.2854985e-05
  -1.2603212e-04
  -1.3061692e-05
   1.9466832e-05
  -1.2608470e-04
  -1.2746359e-05
  -3.3126189e-05
  -1.5532561e-04
  -1.6274009e-05
  -2.4964950e-05
  -1.5525373e-04
  -1.5888606e-05
  -1.6842609e-05
  -1.5520867e-04
  -1.5503200e-05
  -8.7312822e-06
  -1.5519099e-04
  -1.5117793e-05
  -6.0592571e-07
  -1.5519753e-04
  -1.4732385e-05
   7.5542125e-06
  -1.5522174e-04
  -1.4346978e-05
   1.5763572e-05
  -1.5525508e-04
  -1.3961573e-05
   2.4031198e-05
  -1.5528929e-04
  -1.3576169e-05
   3.2372891e-05
  -1.5531739e-04
  -1.3190769e-05
  -3.3922445e-05
  -1.8548654e-04
  -1.7278967e-05
  -2.4050296e-05
  -1.8543565e-04
  -1.6823494e-05
  -1.4208596e-05
  -1.8540299e-04
  -1.6368018e-05
  -4.3780725e-06
  -1.8538988e-04
  -1.5912542e-05
   5.4603022e-06
  -1.8539436e-04
  -1.5457066e-05
   1.5323167e-05
  -1.8541214e-04
  -1.5001590e-05
   2.5224389e-05
  -1.8543767e-04
  -1.4546115e-05
   3.5175551e-05
  -1.8546459e-04
  -1.4090642e-05
   4.5181068e-05
  -1.8548564e-04
  -1.3635169e-05
  -3.4439621e-05
  -2.1613981e-04
  -1.8283934e-05
  -2.2903589e-05
  -2.1610327e-04
  -1.7758388e-05
  -1.1394164e-05
  -2.1608023e-04
  -1.7232842e-05
   1.0427664e-07
  -2.1607177e-04
  -1.6707295e-05
   1.1607240e-05
  -2.1607673e-04
  -1.6181748e-05
   2.3128934e-05
  -2.1609191e-04
  -1.5656201e-05
   3.4681007e-05
  -2.1611248e-04
  -1.5130655e-05
   4.6270908e-05
  -2.1613269e-04
  -1.4605109e-05
   5.7902723e-05
  -2.1614701e-04
  -1.4079564e-05
  -3.4771914e-05
  -2.4706943e-04
  -1.9288904e-05
  -2.1605184e-05
  -2.4704381e-04
  -1.8693285e-05
  -8.4629133e-06
  -2.4702790e-04
  -1.8097667e-05
   4.6681794e-06
  -2.4702274e-04
  -1.7502048e-05
   1.7801572e-05
  -2.4702749e-04
  -1.6906429e-05
   3.0949313e-05
  -2.4703963e-04
  -1.6310810e-05
   4.4120676e-05
  -2.4705540e-04
  -1.5715192e-05
   5.7321862e-05
  -2.4707038e-04
  -1.5119574e-05
   7.0555171e-05
  -2.4708055e-04
  -1.4523956e-05
  -3.4976091e-05
  -2.7815328e-04
  -2.0293875e-05
  -2.0204394e-05
  -2.7813675e-04
  -1.9628184e-05
  -5.4563812e-06
  -2.7812643e-04
  -1.8962493e-05
   9.2805953e-06
  -2.7812327e-04
  -1.8296802e-05
   2.4019073e-05
  -2.7812670e-04
  -1.7631111e-05
   3.8770071e-05
  -2.7813479e-04
  -1.6965420e-05
   5.3541929e-05
  -2.7814495e-04
  -1.6299729e-05
   6.8338581e-05
  -2.7815495e-04
  -1.5634038e-05
   8.3160951e-05
  -2.7816115e-04
  -1.4968347e-05
  -3.5086803e-05
  -3.0931498e-04
  -2.1298847e-05
  -1.8732961e-05
  -3.0930716e-04
  -2.0563083e-05
  -2.4011266e-06
  -3.0930281e-04
  -1.9827320e-05
   1.3920984e-05
  -3.0930343e-04
  -1.9091556e-05
   3.0245106e-05
  -3.0930821e-04
  -1.8355792e-05
   4.6582514e-05
  -3.0931472e-04
  -1.7620028e-05
   6.2942944e-05
  -3.0932011e-04
  -1.6884265e-05
   7.9333636e-05
  -3.0932263e-04
  -1.6148501e-05
   9.5748125e-05
  -3.0933073e-04
  -1.5412738e-05
  -3.5130416e-05
  -3.4049798e-04
  -2.2303819e-05
  -1.7213171e-05
  -3.4049869e-04
  -2.1497983e-05
   6.8816378e-07
  -3.4050384e-04
  -2.0692146e-05
   1.8581354e-05
  -3.4051546e-04
  -1.9886310e-05
   3.6477442e-05
  -3.4053295e-04
  -1.9080473e-05
   5.4388636e-05
  -3.4055362e-04
  -1.8274637e-05
   7.2327420e-05
  -3.4057295e-04
  -1.7468801e-05
   9.0306806e-05
  -3.4058549e-04
  -1.6662964e-05
   1.0836113e-04
  -3.4057748e-04
  -1.5857128e-05
  -3.5141206e-05
  -3.7166600e-04
  -2.3308791e-05
  -1.5665799e-05
  -3.7166941e-04
  -2.2432882e-05
   3.8002045e-06
  -3.7167971e-04
  -2.1556973e-05
   2.3261331e-05
  -3.7170599e-04
  -2.0681064e-05
   4.2729217e-05
  -3.7175326e-04
  -1.9805155e-05
   6.2218066e-05
  -3.7182330e-04
  -1.8929246e-05
   8.1744194e-05
  -3.7191745e-04
  -1.8053337e-05
   1.0133148e-04
  -3.7203792e-04
  -1.7177428e-05
   1.2099179e-04
  -3.7219031e-04
  -1.6301519e-05
  -1.2667640e-05
   4.1114742e-06
  -3.0616968e-06
  -9.6577012e-06
   3.9781470e-06
  -1.9540977e-06
  -6.6908705e-06
   3.8569395e-06
  -1.1756860e-06
  -3.7561131e-06
   3.7603650e-06
  -5.6728327e-07
  -8.6986164e-07
   3.6719728e-06
  -2.1205427e-08
   1.9602169e-06
   3.5991340e-06
   5.2881690e-07
   4.7431681e-06
   3.5780918e-06
   1.1592857e-06
   7.5179577e-06
   3.6432002e-06
   1.9943400e-06
   1.0354235e-05
   3.7716157e-06
   3.2030278e-06
  -1.2801110e-05
  -7.2455708e-07
  -4.8370722e-06
  -1.0035608e-05
  -6.7395548e-07
  -3.7951831e-06
  -7.2478018e-06
  -6.5056682e-07
  -2.8279148e-06
  -4.4728350e-06
  -6.5534703e-07
  -1.9170782e-06
  -1.7359709e-06
  -6.7779155e-07
  -1.0334265e-06
   9.4437671e-07
  -7.1283411e-07
  -1.4234154e-07
   3.5602776e-06
  -7.5521557e-07
   7.9242130e-07
   6.1190348e-06
  -8.0491641e-07
   1.8098535e-06
   8.6560092e-06
  -8.6857449e-07
   2.9479748e-06
  -1.3071231e-05
  -5.5094086e-06
  -5.8835842e-06
  -1.0472203e-05
  -5.3983996e-06
  -5.0236161e-06
  -7.8475529e-06
  -5.3208147e-06
  -4.1188798e-06
  -5.2322903e-06
  -5.2774053e-06
  -3.1983922e-06
  -2.6509607e-06
  -5.2667849e-06
  -2.2685100e-06
  -1.2290942e-07
  -5.2841256e-06
  -1.3262412e-06
   2.3380679e-06
  -5.3242123e-06
  -3.6398616e-07
   4.7277580e-06
  -5.3849594e-06
   6.2462145e-07
   7.0532474e-06
  -5.4686660e-06
   1.6305640e-06
  -1.3704931e-05
  -1.0583086e-05
  -6.5963007e-06
  -1.1181105e-05
  -1.0466579e-05
  -5.8879634e-06
  -8.6428879e-06
  -1.0384158e-05
  -5.1381849e-06
  -6.1117503e-06
  -1.0334654e-05
  -4.3594399e-06
  -3.6112213e-06
  -1.0316500e-05
  -3.5606289e-06
  -1.1626799e-06
  -1.0326176e-05
  -2.7477399e-06
   1.2170475e-06
  -1.0358316e-05
  -1.9256051e-06
   3.5175715e-06
  -1.0407106e-05
  -1.0999947e-06
   5.7375060e-06
  -1.0468643e-05
  -2.8199295e-07
  -1.4599067e-05
  -1.6111024e-05
  -7.3217327e-06
  -1.2117139e-05
  -1.5996023e-05
  -6.7363782e-06
  -9.6189673e-06
  -1.5916132e-05
  -6.1258838e-06
  -7.1264590e-06
  -1.5870050e-05
  -5.4959777e-06
  -4.6627478e-06
  -1.5854625e-05
  -4.8511659e-06
  -2.2497065e-06
  -1.5865059e-05
  -4.1959524e-06
   9.4417926e-08
  -1.5895388e-05
  -3.5353742e-06
   2.3564883e-06
  -1.5939413e-05
  -2.8759995e-06
   4.5295972e-06
  -1.5991263e-05
  -2.2276399e-06
  -1.5658868e-05
  -2.2225756e-05
  -8.1433546e-06
  -1.3209244e-05
  -2.2111674e-05
  -7.6584687e-06
  -1.0739123e-05
  -2.2033243e-05
  -7.1617502e-06
  -8.2728382e-06
  -2.1989566e-05
  -6.6548384e-06
  -5.8345529e-06
  -2.1977414e-05
  -6.1395134e-06
  -3.4468344e-06
  -2.1991384e-05
  -5.6178011e-06
  -1.1289746e-06
  -2.2024504e-05
  -5.0922470e-06
   1.1049315e-06
  -2.2069035e-05
  -4.5662319e-06
   3.2457116e-06
  -2.2117997e-05
  -4.0446647e-06
  -1.6917105e-05
  -2.9129291e-05
  -9.0356705e-06
  -1.4486688e-05
  -2.9010436e-05
  -8.6402887e-06
  -1.2032467e-05
  -2.8929360e-05
  -8.2409893e-06
  -9.5807761e-06
  -2.8885549e-05
  -7.8373626e-06
  -7.1576222e-06
  -2.8875242e-05
  -7.4292762e-06
  -4.7864162e-06
  -2.8892305e-05
  -7.0169621e-06
  -2.4873483e-06
  -2.8929302e-05
  -6.6009618e-06
  -2.7758546e-07
  -2.8978028e-05
  -6.1821386e-06
   1.8332148e-06
  -2.9029598e-05
  -5.7618228e-06
  -1.8455034e-05
  -3.7132272e-05
  -9.9772027e-06
  -1.6025105e-05
  -3.7002665e-05
  -9.6639802e-06
  -1.3565341e-05
  -3.6916040e-05
  -9.3512677e-06
  -1.1108092e-05
  -3.6871292e-05
  -9.0375583e-06
  -8.6828570e-06
  -3.6863927e-05
  -8.7216279e-06
  -6.3149156e-06
  -3.6886215e-05
  -8.4026179e-06
  -4.0234486e-06
  -3.6928487e-05
  -8.0798944e-06
  -1.8222034e-06
  -3.6981182e-05
  -7.7529576e-06
   2.6961734e-07
  -3.7035888e-05
  -7.4216302e-06
  -2.0407677e-05
  -4.6762090e-05
  -1.0962986e-05
  -1.7944066e-05
  -4.6616528e-05
  -1.0723207e-05
  -1.5448366e-05
  -4.6517688e-05
  -1.0486541e-05
  -1.2953060e-05
  -4.6466160e-05
  -1.0251187e-05
  -1.0492028e-05
  -4.6458876e-05
  -1.0015349e-05
  -8.0973226e-06
  -4.6488947e-05
  -9.7775940e-06
  -5.7955999e-06
  -4.6545804e-05
  -9.5366539e-06
  -3.6009320e-06
  -4.6616276e-05
  -9.2912674e-06
  -1.4988511e-06
  -4.6689835e-05
  -9.0403735e-06
  -2.2949799e-05
  -5.9001611e-05
  -1.1994449e-05
  -2.0442923e-05
  -5.8833189e-05
  -1.1814480e-05
  -1.7895333e-05
  -5.8714715e-05
  -1.1639131e-05
  -1.5340504e-05
  -5.8643240e-05
  -1.1466741e-05
  -1.2809125e-05
  -5.8615288e-05
  -1.1295433e-05
  -1.0333129e-05
  -5.8626206e-05
  -1.1123633e-05
  -7.9496634e-06
  -5.8668565e-05
  -1.0949940e-05
  -5.7061322e-06
  -5.8728866e-05
  -1.0773083e-05
  -3.6679661e-06
  -5.8781163e-05
  -1.0592562e-05
  -2.6255804e-05
  -7.5514889e-05
  -1.3037678e-05
  -2.3723233e-05
  -7.5374939e-05
  -1.2907107e-05
  -2.1197090e-05
  -7.5278489e-05
  -1.2779518e-05
  -1.8676099e-05
  -7.5220871e-05
  -1.2654396e-05
  -1.6158783e-05
  -7.5202175e-05
  -1.2530662e-05
  -1.3643614e-05
  -7.5226741e-05
  -1.2407228e-05
  -1.1129066e-05
  -7.5303733e-05
  -1.2282970e-05
  -8.6136566e-06
  -7.5448778e-05
  -1.2156639e-05
  -6.0960016e-06
  -7.5687465e-05
  -1.2027300e-05
  -2.9312727e-05
  -9.9414667e-05
  -1.4041286e-05
  -2.4804516e-05
  -9.9270533e-05
  -1.3852202e-05
  -2.0356459e-05
  -9.9170930e-05
  -1.3667266e-05
  -1.5930549e-05
  -9.9113999e-05
  -1.3484788e-05
  -1.1492429e-05
  -9.9096657e-05
  -1.3302878e-05
  -7.0070132e-06
  -9.9114049e-05
  -1.3119903e-05
  -2.4343943e-06
  -9.9157936e-05
  -1.2934372e-05
   2.2753051e-06
  -9.9213326e-05
  -1.2744926e-05
   7.1899297e-06
  -9.9251841e-05
  -1.2550890e-05
  -3.1279572e-05
  -1.2687694e-04
  -1.5054241e-05
  -2.4901560e-05
  -1.2677651e-04
  -1.4795490e-05
  -1.8568645e-05
  -1.2671057e-04
  -1.4539576e-05
  -1.2249652e-05
  -1.2668170e-04
  -1.4284710e-05
  -5.9113744e-06
  -1.2668793e-04
  -1.4029143e-05
   4.7732304e-07
  -1.2672276e-04
  -1.3771447e-05
   6.9413380e-06
  -1.2677554e-04
  -1.3510380e-05
   1.3491471e-05
  -1.2683287e-04
  -1.3244791e-05
   2.0107275e-05
  -1.2688438e-04
  -1.2973737e-05
  -3.2523564e-05
  -1.5614959e-04
  -1.6093496e-05
  -2.4356650e-05
  -1.5607845e-04
  -1.5755738e-05
  -1.6229236e-05
  -1.5603389e-04
  -1.5419328e-05
  -8.1134138e-06
  -1.5601651e-04
  -1.5082734e-05
   1.5989691e-08
  -1.5602327e-04
  -1.4744665e-05
   8.1798900e-06
  -1.5604765e-04
  -1.4404116e-05
   1.6392914e-05
  -1.5608106e-04
  -1.4060254e-05
   2.4664258e-05
  -1.5611521e-04
  -1.3712337e-05
   3.3009763e-05
  -1.5614307e-04
  -1.3359784e-05
  -3.3313198e-05
  -1.8632886e-04
  -1.7143284e-05
  -2.3436353e-05
  -1.8627850e-04
  -1.6723777e-05
  -1.3590927e-05
  -1.8624625e-04
  -1.6304613e-05
  -3.7575103e-06
  -1.8623358e-04
  -1.5884682e-05
   6.0832071e-06
  -1.8623855e-04
  -1.5463143e-05
   1.5948209e-05
  -1.8625684e-04
  -1.5039374e-05
   2.5851676e-05
  -1.8628284e-04
  -1.4612884e-05
   3.5805392e-05
  -1.8631008e-04
  -1.4183250e-05
   4.5813850e-05
  -1.8633123e-04
  -1.3750098e-05
  -3.3823369e-05
  -2.1699494e-04
  -1.8189483e-05
  -2.2283905e-05
  -2.1695870e-04
  -1.7689305e-05
  -1.0772127e-05
  -2.1693594e-04
  -1.7188941e-05
   7.2779977e-07
  -2.1692787e-04
  -1.6687678e-05
   1.2231730e-05
  -2.1693335e-04
  -1.6185020e-05
   2.3754281e-05
  -2.1694912e-04
  -1.5680609e-05
   3.5307444e-05
  -2.1697026e-04
  -1.5174180e-05
   4.6898864e-05
  -2.1699092e-04
  -1.4665515e-05
   5.8532656e-05
  -2.1700546e-04
  -1.4154423e-05
  -3.4150732e-05
  -2.4793299e-04
  -1.9227124e-05
  -2.0981621e-05
  -2.4790749e-04
  -1.8648422e-05
  -7.8380053e-06
  -2.4789173e-04
  -1.8069355e-05
   5.2936362e-06
  -2.4788686e-04
  -1.7489516e-05
   1.8427135e-05
  -2.4789205e-04
  -1.6908641e-05
   3.1574926e-05
  -2.4790471e-04
  -1.6326549e-05
   4.4746585e-05
  -2.4792100e-04
  -1.5743116e-05
   5.7948466e-05
  -2.4793640e-04
  -1.5158251e-05
   7.1182931e-05
  -2.4794681e-04
  -1.4571826e-05
  -3.4351967e-05
  -2.7902232e-04
  -2.0256098e-05
  -1.9578659e-05
  -2.7900579e-04
  -1.9600861e-05
  -4.8299726e-06
  -2.7899553e-04
  -1.8945304e-05
   9.9069901e-06
  -2.7899255e-04
  -1.8289229e-05
   2.4645091e-05
  -2.7899630e-04
  -1.7632535e-05
   3.9395677e-05
  -2.7900480e-04
  -1.6975155e-05
   5.4167340e-05
  -2.7901537e-04
  -1.6317038e-05
   6.8964210e-05
  -2.7902569e-04
  -1.5658081e-05
   8.3787264e-05
  -2.7903205e-04
  -1.4998073e-05
  -3.4460932e-05
  -3.1018752e-04
  -2.1277290e-05
  -1.8106107e-05
  -3.1017964e-04
  -2.0547156e-05
  -1.7740717e-06
  -3.1017531e-04
  -1.9816773e-05
   1.4547684e-05
  -3.1017609e-04
  -1.9086079e-05
   3.0871170e-05
  -3.1018116e-04
  -1.8355086e-05
   4.7207959e-05
  -3.1018808e-04
  -1.7623784e-05
   6.3568116e-05
  -3.1019385e-04
  -1.6892033e-05
   7.9959074e-05
  -3.1019667e-04
  -1.6159465e-05
   9.6374627e-05
  -3.1020459e-04
  -1.5425135e-05
  -3.4503363e-05
  -3.4137236e-04
  -2.2291427e-05
  -1.6585721e-05
  -3.4137298e-04
  -2.1487980e-05
   1.3154938e-06
  -3.4137817e-04
  -2.0683982e-05
   1.9208128e-05
  -3.4139005e-04
  -1.9879624e-05
   3.7103470e-05
  -3.4140803e-04
  -1.9075064e-05
   5.5014084e-05
  -3.4142939e-04
  -1.8270232e-05
   7.2952799e-05
  -3.4144939e-04
  -1.7464508e-05
   9.0933236e-05
  -3.4146181e-04
  -1.6656177e-05
   1.0898941e-04
  -3.4145383e-04
  -1.5844906e-05
  -3.4513355e-05
  -3.7254080e-04
  -2.3299147e-05
  -1.5037963e-05
  -3.7254388e-04
  -2.2424257e-05
   4.4276779e-06
  -3.7255403e-04
  -2.1547778e-05
   2.3888112e-05
  -3.7258058e-04
  -2.0670396e-05
   4.3355246e-05
  -3.7262878e-04
  -1.9792848e-05
   6.2843646e-05
  -3.7270030e-04
  -1.8915458e-05
   8.2370086e-05
  -3.7279526e-04
  -1.8036545e-05
   1.0195858e-04
  -3.7291670e-04
  -1.7153887e-05
   1.2162081e-04
  -3.7306959e-04
  -1.6266795e-05
  -1.1125755e-05
   2.7174560e-06
  -2.4897369e-06
  -8.3307993e-06
   2.4952721e-06
  -1.3915521e-06
  -5.6155883e-06
   2.3833098e-06
  -8.1801780e-07
  -2.9909988e-06
   2.3045120e-06
  -4.0519816e-07
  -4.3921450e-07
   2.2056786e-06
  -4.3070388e-08
   2.0387996e-06
   2.0902160e-06
   3.1937108e-07
   4.4502502e-06
   2.0006520e-06
   7.3985642e-07
   6.8459422e-06
   2.0354589e-06
   1.3779115e-06
   9.3453219e-06
   2.2145356e-06
   2.6091833e-06
  -1.1428351e-05
  -1.9157627e-06
  -4.9827944e-06
  -8.8007768e-06
  -1.7573716e-06
  -3.9057157e-06
  -6.2060019e-06
  -1.6797186e-06
  -2.8831123e-06
  -3.6661874e-06
  -1.6473913e-06
  -1.9364945e-06
  -1.1901330e-06
  -1.6590294e-06
  -1.0164371e-06
   1.2136076e-06
  -1.7086379e-06
  -9.0260645e-08
   3.5362494e-06
  -1.7828887e-06
   8.8393664e-07
   5.7835982e-06
  -1.8778296e-06
   1.9701304e-06
   7.9914070e-06
  -2.0216906e-06
   3.2125607e-06
  -1.1889770e-05
  -6.4764430e-06
  -5.9461798e-06
  -9.3922647e-06
  -6.3250484e-06
  -5.0754254e-06
  -6.8999238e-06
  -6.2058917e-06
  -4.1609208e-06
  -4.4398004e-06
  -6.1336769e-06
  -3.2271906e-06
  -2.0301840e-06
  -6.1090693e-06
  -2.2839149e-06
   3.1198357e-07
  -6.1267111e-06
  -1.3254088e-06
   2.5715231e-06
  -6.1773814e-06
  -3.4051625e-07
   4.7385521e-06
  -6.2508328e-06
   6.8782577e-07
   6.8235760e-06
  -6.3502876e-06
   1.7742408e-06
  -1.2835815e-05
  -1.1469295e-05
  -6.4854913e-06
  -1.0353506e-05
  -1.1326374e-05
  -5.8051632e-06
  -7.8675842e-06
  -1.1224843e-05
  -5.0902413e-06
  -5.3941017e-06
  -1.1160654e-05
  -4.3472327e-06
  -2.9594530e-06
  -1.1132986e-05
  -3.5815882e-06
  -5.8711959e-07
  -1.1138161e-05
  -2.7984437e-06
   1.7028064e-06
  -1.1170260e-05
  -2.0009303e-06
   3.8949887e-06
  -1.1223174e-05
  -1.1917624e-06
   5.9853922e-06
  -1.1293892e-05
  -3.7560917e-07
  -1.3854004e-05
  -1.6923520e-05
  -7.1549649e-06
  -1.1397446e-05
  -1.6802675e-05
  -6.6100513e-06
  -8.9219537e-06
  -1.6717111e-05
  -6.0458568e-06
  -6.4519153e-06
  -1.6666517e-05
  -5.4639621e-06
  -4.0122997e-06
  -1.6647618e-05
  -4.8665900e-06
  -1.6276257e-06
  -1.6655587e-05
  -4.2565594e-06
   6.8179540e-07
  -1.6684229e-05
  -3.6376529e-06
   2.9016333e-06
  -1.6727583e-05
  -3.0144634e-06
   5.0245851e-06
  -1.6782197e-05
  -2.3939553e-06
  -1.4949757e-05
  -2.2982127e-05
  -7.9335238e-06
  -1.2519086e-05
  -2.2866739e-05
  -7.5017302e-06
  -1.0064348e-05
  -2.2787632e-05
  -7.0612935e-06
  -7.6099729e-06
  -2.2743892e-05
  -6.6116733e-06
  -5.1823558e-06
  -2.2732280e-05
  -6.1529144e-06
  -2.8064536e-06
  -2.2747172e-05
  -5.6855457e-06
  -5.0356474e-07
  -2.2781335e-05
  -5.2106730e-06
   1.7112576e-06
  -2.2826922e-05
  -4.7300882e-06
   3.8294997e-06
  -2.2877315e-05
  -4.2460260e-06
  -1.6207635e-05
  -2.9827077e-05
  -8.7840569e-06
  -1.3795276e-05
  -2.9709675e-05
  -8.4540293e-06
  -1.1355015e-05
  -2.9629949e-05
  -8.1219050e-06
  -8.9137007e-06
  -2.9587885e-05
  -7.7854699e-06
  -6.4987926e-06
  -2.9579545e-05
  -7.4433447e-06
  -4.1358226e-06
  -2.9598560e-05
  -7.0943837e-06
  -1.8468480e-06
  -2.9637187e-05
  -6.7378833e-06
   3.4995821e-07
  -2.9687054e-05
  -6.3736433e-06
   2.4449890e-06
  -2.9739045e-05
  -6.0014090e-06
  -1.7735417e-05
  -3.7763759e-05
  -9.6845873e-06
  -1.5323092e-05
  -3.7636762e-05
  -9.4483601e-06
  -1.2878069e-05
  -3.7552115e-05
  -9.2141268e-06
  -1.0432750e-05
  -3.7509205e-05
  -8.9785750e-06
  -8.0174953e-06
  -3.7503383e-05
  -8.7393606e-06
  -5.6590733e-06
  -3.7526775e-05
  -8.4942826e-06
  -3.3781360e-06
  -3.7569617e-05
  -8.2415568e-06
  -1.1892999e-06
  -3.7622337e-05
  -7.9799651e-06
   8.8830400e-07
  -3.7676118e-05
  -7.7081199e-06
  -1.9696034e-05
  -4.7325554e-05
  -1.0643095e-05
  -1.7245496e-05
  -4.7183196e-05
  -1.0487813e-05
  -1.4762508e-05
  -4.7086022e-05
  -1.0338198e-05
  -1.2279151e-05
  -4.7035259e-05
  -1.0189985e-05
  -9.8291351e-06
  -4.7027684e-05
  -1.0040325e-05
  -7.4448670e-06
  -4.7056426e-05
  -9.8864369e-06
  -5.1534954e-06
  -4.7111169e-05
  -9.7258726e-06
  -2.9694309e-06
  -4.7179155e-05
  -9.5566367e-06
  -8.7869876e-07
  -4.7249596e-05
  -9.3760645e-06
  -2.2281525e-05
  -5.9524888e-05
  -1.1684324e-05
  -1.9777439e-05
  -5.9360448e-05
  -1.1584306e-05
  -1.7234628e-05
  -5.9243316e-05
  -1.1493488e-05
  -1.4685641e-05
  -5.9171572e-05
  -1.1406981e-05
  -1.2160357e-05
  -5.9141783e-05
  -1.1321798e-05
  -9.6901338e-06
  -5.9149374e-05
  -1.1235197e-05
  -7.3116284e-06
  -5.9187178e-05
  -1.1144767e-05
  -5.0716203e-06
  -5.9241961e-05
  -1.1048412e-05
  -3.0344685e-06
  -5.9287286e-05
  -1.0942874e-05
  -2.5639430e-05
  -7.6051459e-05
  -1.2770226e-05
  -2.3103274e-05
  -7.5914536e-05
  -1.2695758e-05
  -2.0573625e-05
  -7.5818915e-05
  -1.2630141e-05
  -1.8049177e-05
  -7.5760917e-05
  -1.2569096e-05
  -1.5528480e-05
  -7.5740731e-05
  -1.2510214e-05
  -1.3010040e-05
  -7.5762722e-05
  -1.2451393e-05
  -1.0492356e-05
  -7.5836201e-05
  -1.2390642e-05
  -7.9739394e-06
  -7.5976923e-05
  -1.2325938e-05
  -5.4533058e-06
  -7.6209584e-05
  -1.2253544e-05
  -2.8739735e-05
  -9.9990782e-05
  -1.3775221e-05
  -2.4221410e-05
  -9.9850605e-05
  -1.3655062e-05
  -1.9761693e-05
  -9.9752460e-05
  -1.3542952e-05
  -1.5323377e-05
  -9.9695386e-05
  -1.3434185e-05
  -1.0872910e-05
  -9.9676380e-05
  -1.3325666e-05
  -6.3757533e-06
  -9.9690690e-05
  -1.3214510e-05
  -1.7924549e-06
  -9.9730344e-05
  -1.3098096e-05
   2.9262873e-06
  -9.9780619e-05
  -1.2974008e-05
   7.8474943e-06
  -9.9812736e-05
  -1.2838831e-05
  -3.0732082e-05
  -1.2752205e-04
  -1.4818934e-05
  -2.4337396e-05
  -1.2742453e-04
  -1.4622647e-05
  -1.7988455e-05
  -1.2736017e-04
  -1.4430942e-05
  -1.1654506e-05
  -1.2733206e-04
  -1.4239847e-05
  -5.3025110e-06
  -1.2733815e-04
  -1.4046583e-05
   1.0990200e-06
  -1.2737202e-04
  -1.3848581e-05
   7.5754409e-06
  -1.2742323e-04
  -1.3643661e-05
   1.4137774e-05
  -1.2747871e-04
  -1.3430112e-05
   2.0765917e-05
  -1.2752798e-04
  -1.3206000e-05
  -3.1968345e-05
  -1.5686813e-04
  -1.5910548e-05
  -2.3784522e-05
  -1.5679916e-04
  -1.5621604e-05
  -1.5643016e-05
  -1.5675628e-04
  -1.5334241e-05
  -7.5158740e-06
  -1.5674050e-04
  -1.5045693e-05
   6.2280624e-07
  -1.5674873e-04
  -1.4753897e-05
   8.7952616e-06
  -1.5677434e-04
  -1.4457008e-05
   1.7017373e-05
  -1.5680866e-04
  -1.4153544e-05
   2.5299021e-05
  -1.5684328e-04
  -1.3842432e-05
   3.3655974e-05
  -1.5687087e-04
  -1.3522553e-05
  -3.2735472e-05
  -1.8710439e-04
  -1.7012020e-05
  -2.2845119e-05
  -1.8705546e-04
  -1.6627706e-05
  -1.2989908e-05
  -1.8702459e-04
  -1.6243404e-05
  -3.1500218e-06
  -1.8701362e-04
  -1.5857290e-05
   6.6951153e-06
  -1.8702059e-04
  -1.5467986e-05
   1.6564158e-05
  -1.8704099e-04
  -1.5074285e-05
   2.6472716e-05
  -1.8706889e-04
  -1.4675246e-05
   3.6433309e-05
  -1.8709754e-04
  -1.4270230e-05
   4.6450440e-05
  -1.8711929e-04
  -1.3858626e-05
  -3.3225507e-05
  -2.1780934e-04
  -1.8100014e-05
  -2.1676347e-05
  -2.1777383e-04
  -1.7624009e-05
  -1.0158688e-05
  -2.1775197e-04
  -1.7147330e-05
   1.3439784e-06
  -2.1774526e-04
  -1.6668851e-05
   1.2848936e-05
  -2.1775258e-04
  -1.6187696e-05
   2.4372399e-05
  -2.1777045e-04
  -1.5703113e-05
   3.5927651e-05
  -2.1779361e-04
  -1.5214540e-05
   4.7523042e-05
  -2.1781587e-04
  -1.4721646e-05
   5.9162656e-05
  -2.1783125e-04
  -1.4224154e-05
  -3.3539549e-05
  -2.4877256e-04
  -1.9169098e-05
  -2.0363780e-05
  -2.4874730e-04
  -1.8606246e-05
  -7.2169823e-06
  -2.4873200e-04
  -1.8042594e-05
   5.9151455e-06
  -2.4872808e-04
  -1.7477493e-05
   1.9047802e-05
  -2.4873471e-04
  -1.6910433e-05
   3.2194764e-05
  -2.4874913e-04
  -1.6340983e-05
   4.5366634e-05
  -2.4876719e-04
  -1.5768850e-05
   5.8570339e-05
  -2.4878401e-04
  -1.5193876e-05
   7.1808157e-05
  -2.4879521e-04
  -1.4615973e-05
  -3.3733274e-05
  -2.7987814e-04
  -2.0220910e-05
  -1.8955465e-05
  -2.7986153e-04
  -1.9575269e-05
  -4.2053284e-06
  -2.7985141e-04
  -1.8929022e-05
   1.0530861e-05
  -2.7984900e-04
  -1.8281873e-05
   2.5267178e-05
  -2.7985375e-04
  -1.7633602e-05
   4.0016005e-05
  -2.7986352e-04
  -1.6984030e-05
   5.4786660e-05
  -2.7987537e-04
  -1.6333013e-05
   6.9583656e-05
  -2.7988675e-04
  -1.5680506e-05
   8.4408397e-05
  -2.7989352e-04
  -1.5026178e-05
  -3.3837994e-05
  -3.1105379e-04
  -2.1257726e-05
  -1.7480411e-05
  -3.1104567e-04
  -2.0532450e-05
  -1.1481529e-06
  -3.1104135e-04
  -1.9806770e-05
   1.5172076e-05
  -3.1104257e-04
  -1.9080646e-05
   3.1493244e-05
  -3.1104847e-04
  -1.8354081e-05
   4.7827752e-05
  -3.1105643e-04
  -1.7627039e-05
   6.4186417e-05
  -3.1106326e-04
  -1.6899445e-05
   8.0577743e-05
  -3.1106665e-04
  -1.6170734e-05
   9.6995868e-05
  -3.1107464e-04
  -1.5439827e-05
  -3.3877493e-05
  -3.4224429e-04
  -2.2280892e-05
  -1.5958764e-05
  -3.4224461e-04
  -2.1478963e-05
   1.9417976e-06
  -3.4224991e-04
  -2.0676181e-05
   1.9832427e-05
  -3.4226247e-04
  -1.9872773e-05
   3.7725182e-05
  -3.4228181e-04
  -1.9069052e-05
   5.5633434e-05
  -3.4230517e-04
  -1.8265087e-05
   7.3571379e-05
  -3.4232732e-04
  -1.7459918e-05
   9.1554224e-05
  -3.4234135e-04
  -1.6651261e-05
   1.0961754e-04
  -3.4233147e-04
  -1.5833593e-05
  -3.3885415e-05
  -3.7341400e-04
  -2.3292056e-05
  -1.4410143e-05
  -3.7341613e-04
  -2.2417124e-05
   5.0541776e-06
  -3.7342574e-04
  -2.1539122e-05
   2.4512226e-05
  -3.7345284e-04
  -2.0659094e-05
   4.3976733e-05
  -3.7350357e-04
  -1.9778541e-05
   6.3463346e-05
  -3.7358003e-04
  -1.8898907e-05
   8.2990033e-05
  -3.7368074e-04
  -1.8019119e-05
   1.0258309e-04
  -3.7380221e-04
  -1.7127813e-05
   1.2225191e-04
  -3.7396173e-04
  -1.6220104e-05
  -8.8140301e-06
   8.9732241e-07
  -1.5585532e-06
  -6.2228045e-06
   8.9340599e-07
  -7.3970075e-07
  -4.0637477e-06
   9.3055040e-07
  -4.4424144e-07
  -2.0225748e-06
   9.1174005e-07
  -2.3190751e-07
  -6.2843807e-08
   8.2719102e-07
  -4.8377992e-08
   1.8143927e-06
   6.8091749e-07
   1.3342015e-07
   3.5988264e-06
   4.9136522e-07
   3.4834775e-07
   5.2926671e-06
   3.1851606e-07
   6.5536129e-07
   7.0353424e-06
   4.1092026e-07
   1.6804887e-06
  -9.2128220e-06
  -3.0156444e-06
  -5.3702523e-06
  -6.8796641e-06
  -2.7587533e-06
  -4.1191348e-06
  -4.6933545e-06
  -2.5558805e-06
  -3.0145786e-06
  -2.6291351e-06
  -2.4569827e-06
  -1.9867708e-06
  -6.4500462e-07
  -2.4546425e-06
  -9.8872117e-07
   1.2618976e-06
  -2.5309660e-06
   7.3355738e-09
   3.0852255e-06
  -2.6678634e-06
   1.0407571e-06
   4.8042748e-06
  -2.8308291e-06
   2.2087686e-06
   6.4310291e-06
  -3.0270535e-06
   3.6537044e-06
  -1.0732121e-05
  -7.5044693e-06
  -5.8293565e-06
  -8.3296915e-06
  -7.2497256e-06
  -4.9847633e-06
  -5.9490889e-06
  -7.0650868e-06
  -4.0999492e-06
  -3.6188964e-06
  -6.9532786e-06
  -3.2055320e-06
  -1.3630607e-06
  -6.9170853e-06
  -2.3022140e-06
   8.0913976e-07
  -6.9490234e-06
  -1.3813157e-06
   2.8783100e-06
  -7.0358376e-06
  -4.2599892e-07
   4.8007274e-06
  -7.1588805e-06
   5.8911333e-07
   6.5189666e-06
  -7.2924642e-06
   1.7226187e-06
  -1.2044390e-05
  -1.2322563e-05
  -6.3226345e-06
  -9.6083422e-06
  -1.2172805e-05
  -5.6733637e-06
  -7.1475405e-06
  -1.2059753e-05
  -5.0059991e-06
  -4.6988795e-06
  -1.1986668e-05
  -4.3110620e-06
  -2.2960472e-06
  -1.1954387e-05
  -3.5937696e-06
   3.4146876e-08
  -1.1959894e-05
  -2.8579008e-06
   2.2689308e-06
  -1.1995182e-05
  -2.1056194e-06
   4.3830325e-06
  -1.2051254e-05
  -1.3383520e-06
   6.3521654e-06
  -1.2126809e-05
  -5.5788178e-07
  -1.3147242e-05
  -1.7685642e-05
  -6.9707445e-06
  -1.0720147e-05
  -1.7561902e-05
  -6.4683467e-06
  -8.2585091e-06
  -1.7476027e-05
  -5.9524816e-06
  -5.7920922e-06
  -1.7426681e-05
  -5.4228327e-06
  -3.3544338e-06
  -1.7410934e-05
  -4.8778843e-06
  -9.7534878e-07
  -1.7423594e-05
  -4.3190723e-06
   1.3205157e-06
  -1.7457754e-05
  -3.7488489e-06
   3.5142765e-06
  -1.7505774e-05
  -3.1696355e-06
   5.5954371e-06
  -1.7562314e-05
  -2.5816800e-06
  -1.4252770e-05
  -2.3655595e-05
  -7.7219264e-06
  -1.1848703e-05
  -2.3542413e-05
  -7.3428887e-06
  -9.4034106e-06
  -2.3466171e-05
  -6.9584901e-06
  -6.9483069e-06
  -2.3426818e-05
  -6.5660996e-06
  -4.5162136e-06
  -2.3421100e-05
  -6.1641599e-06
  -2.1369455e-06
  -2.3442915e-05
  -5.7516417e-06
   1.6396008e-07
  -2.3483926e-05
  -5.3282210e-06
   2.3667826e-06
  -2.3534519e-05
  -4.8939159e-06
   4.4599060e-06
  -2.3586482e-05
  -4.4488783e-06
  -1.5487153e-05
  -3.0402132e-05
  -8.5330978e-06
  -1.3103565e-05
  -3.0288438e-05
  -8.2685869e-06
  -1.0675849e-05
  -3.0213461e-05
  -8.0022402e-06
  -8.2357019e-06
  -3.0177126e-05
  -7.7322276e-06
  -5.8173169e-06
  -3.0175684e-05
  -7.4552966e-06
  -3.4513808e-06
  -3.0202226e-05
  -7.1689042e-06
  -1.1643996e-06
  -3.0247722e-05
  -6.8710592e-06
   1.0211227e-06
  -3.0301867e-05
  -6.5602275e-06
   3.0933777e-06
  -3.0354530e-05
  -6.2361275e-06
  -1.6980550e-05
  -3.8218498e-05
  -9.3811200e-06
  -1.4599746e-05
  -3.8096713e-05
  -9.2258197e-06
  -1.2172151e-05
  -3.8018002e-05
  -9.0710090e-06
  -9.7330184e-06
  -3.7981292e-05
  -8.9148826e-06
  -7.3185802e-06
  -3.7981949e-05
  -8.7533605e-06
  -4.9609345e-06
  -3.8011702e-05
  -8.5826959e-06
  -2.6855245e-06
  -3.8059754e-05
  -8.3998886e-06
  -5.1121314e-07
  -3.8115015e-05
  -8.2029085e-06
   1.5414226e-06
  -3.8168172e-05
  -7.9922050e-06
  -1.8922722e-05
  -4.7641379e-05
  -1.0276617e-05
  -1.6501412e-05
  -4.7504682e-05
  -1.0219991e-05
  -1.4037996e-05
  -4.7413848e-05
  -1.0165888e-05
  -1.1565476e-05
  -4.7368217e-05
  -1.0113439e-05
  -9.1214245e-06
  -4.7364115e-05
  -1.0057903e-05
  -6.7423436e-06
  -4.7394419e-05
  -9.9944896e-06
  -4.4594322e-06
  -4.7448516e-05
  -9.9191225e-06
  -2.2908915e-06
  -4.7513497e-05
  -9.8289525e-06
  -2.2420595e-07
  -4.7580056e-05
  -9.7243255e-06
  -2.1559853e-05
  -5.9721482e-05
  -1.1273867e-05
  -1.9068667e-05
  -5.9563712e-05
  -1.1284303e-05
  -1.6538485e-05
  -5.9452855e-05
  -1.1300540e-05
  -1.3999560e-05
  -5.9384602e-05
  -1.1323063e-05
  -1.1482089e-05
  -5.9354702e-05
  -1.1347423e-05
  -9.0185274e-06
  -5.9358329e-05
  -1.1368478e-05
  -6.6467129e-06
  -5.9388545e-05
  -1.1381723e-05
  -4.4141897e-06
  -5.9433250e-05
  -1.1384683e-05
  -2.3846147e-06
  -5.9468988e-05
  -1.1380072e-05
  -2.5031354e-05
  -7.6246823e-05
  -1.2383410e-05
  -2.2488073e-05
  -7.6116468e-05
  -1.2404677e-05
  -1.9951877e-05
  -7.6026845e-05
  -1.2433127e-05
  -1.7421649e-05
  -7.5971889e-05
  -1.2469649e-05
  -1.4895696e-05
  -7.5950664e-05
  -1.2510565e-05
  -1.2372125e-05
  -7.5966935e-05
  -1.2550875e-05
  -9.8490754e-06
  -7.6029813e-05
  -1.2585284e-05
  -7.3249190e-06
  -7.6155667e-05
  -1.2609450e-05
  -4.7985347e-06
  -7.6372120e-05
  -1.2624433e-05
  -2.8225924e-05
  -1.0028865e-04
  -1.3424060e-05
  -2.3681382e-05
  -1.0015509e-04
  -1.3398439e-05
  -1.9198002e-05
  -1.0006311e-04
  -1.3377636e-05
  -1.4740726e-05
  -1.0000988e-04
  -1.3361300e-05
  -1.0274687e-05
  -9.9991676e-05
  -1.3344964e-05
  -5.7631755e-06
  -1.0000337e-04
  -1.3323493e-05
  -1.1647101e-06
  -1.0003694e-04
  -1.3292214e-05
   3.5711474e-06
  -1.0007850e-04
  -1.3248119e-05
   8.5102082e-06
  -1.0010203e-04
  -1.3192259e-05
  -3.0237927e-05
  -1.2798700e-04
  -1.4554925e-05
  -2.3808764e-05
  -1.2789447e-04
  -1.4429797e-05
  -1.7435868e-05
  -1.2783554e-04
  -1.4306429e-05
  -1.1087554e-05
  -1.2781218e-04
  -1.4183088e-05
  -4.7265294e-06
  -1.2782203e-04
  -1.4055463e-05
   1.6831182e-06
  -1.2785836e-04
  -1.3919322e-05
   8.1708533e-06
  -1.2791029e-04
  -1.3771233e-05
   1.4751168e-05
  -1.2796442e-04
  -1.3609056e-05
   2.1404568e-05
  -1.2801125e-04
  -1.3433173e-05
  -3.1438136e-05
  -1.5747679e-04
  -1.5729879e-05
  -2.3224592e-05
  -1.5741152e-04
  -1.5489524e-05
  -1.5066103e-05
  -1.5737281e-04
  -1.5249106e-05
  -6.9322243e-06
  -1.5736181e-04
  -1.5006725e-05
   1.2083108e-06
  -1.5737555e-04
  -1.4759227e-05
   9.3824948e-06
  -1.5740701e-04
  -1.4503760e-05
   1.7610330e-05
  -1.5744657e-04
  -1.4238147e-05
   2.5905112e-05
  -1.5748445e-04
  -1.3961072e-05
   3.4283403e-05
  -1.5751261e-04
  -1.3672666e-05
  -3.2166019e-05
  -1.8781492e-04
  -1.6890862e-05
  -2.2253727e-05
  -1.8776794e-04
  -1.6538892e-05
  -1.2388976e-05
  -1.8773975e-04
  -1.6186036e-05
  -2.5481916e-06
  -1.8773259e-04
  -1.5830820e-05
   7.2942785e-06
  -1.8774461e-04
  -1.5471074e-05
   1.7161038e-05
  -1.8777084e-04
  -1.5104866e-05
   2.7070933e-05
  -1.8780432e-04
  -1.4730678e-05
   3.7039308e-05
  -1.8783687e-04
  -1.4347476e-05
   4.7071557e-05
  -1.8786000e-04
  -1.3955175e-05
  -3.2628108e-05
  -2.1858565e-04
  -1.8019822e-05
  -2.1064002e-05
  -2.1855097e-04
  -1.7565083e-05
  -9.5419431e-06
  -2.1853061e-04
  -1.7109285e-05
   1.9584673e-06
  -2.1852661e-04
  -1.6651281e-05
   1.3458745e-05
  -2.1853790e-04
  -1.6189589e-05
   2.4978068e-05
  -2.1856063e-04
  -1.5722891e-05
   3.6532085e-05
  -2.1858871e-04
  -1.5250168e-05
   4.8131366e-05
  -2.1861475e-04
  -1.4770812e-05
   5.9781018e-05
  -2.1863184e-04
  -1.4284972e-05
  -3.2925990e-05
  -2.4959036e-04
  -1.9117494e-05
  -1.9740270e-05
  -2.4956520e-04
  -1.8568238e-05
  -6.5920842e-06
  -2.4955060e-04
  -1.8018070e-05
   6.5365249e-06
  -2.4954842e-04
  -1.7466188e-05
   1.9664093e-05
  -2.4955786e-04
  -1.6911643e-05
   3.2806528e-05
  -2.4957586e-04
  -1.6353601e-05
   4.5976056e-05
  -2.4959768e-04
  -1.5791444e-05
   5.9181134e-05
  -2.4961756e-04
  -1.5224892e-05
   7.2424982e-05
  -2.4963013e-04
  -1.4653904e-05
  -3.3111894e-05
  -2.8072238e-04
  -2.0189909e-05
  -1.8327444e-05
  -2.8070542e-04
  -1.9552183e-05
  -3.5775833e-06
  -2.8069542e-04
  -1.8913929e-05
   1.1154721e-05
  -2.8069394e-04
  -1.8274719e-05
   2.5886137e-05
  -2.8070042e-04
  -1.7634060e-05
   4.0630567e-05
  -2.8071249e-04
  -1.6991529e-05
   5.5398368e-05
  -2.8072683e-04
  -1.6346825e-05
   7.0194892e-05
  -2.8074017e-04
  -1.5699615e-05
   8.5021410e-05
  -2.8074811e-04
  -1.5050407e-05
  -3.3213150e-05
  -3.1191516e-04
  -2.1241445e-05
  -1.6851474e-05
  -3.1190645e-04
  -2.0519502e-05
  -5.2062140e-07
  -3.1190195e-04
  -1.9797431e-05
   1.5795518e-05
  -3.1190369e-04
  -1.9075152e-05
   3.2111729e-05
  -3.1191070e-04
  -1.8352513e-05
   4.8441387e-05
  -3.1192005e-04
  -1.7629452e-05
   6.4796132e-05
  -3.1192790e-04
  -1.6906000e-05
   8.1184838e-05
  -3.1193183e-04
  -1.6182808e-05
   9.7604026e-05
  -3.1193827e-04
  -1.5458121e-05
  -3.3250016e-05
  -3.4311550e-04
  -2.2273393e-05
  -1.5329871e-05
  -3.4311536e-04
  -2.1471436e-05
   2.5684341e-06
  -3.4312085e-04
  -2.0668854e-05
   2.0454715e-05
  -3.4313436e-04
  -1.9865599e-05
   3.8342250e-05
  -3.4315544e-04
  -1.9062070e-05
   5.6245180e-05
  -3.4318139e-04
  -1.8258669e-05
   7.4178286e-05
  -3.4320694e-04
  -1.7454713e-05
   9.2162568e-05
  -3.4322358e-04
  -1.6646542e-05
   1.1024095e-04
  -3.4321818e-04
  -1.5832027e-05
  -3.3255778e-05
  -3.7428755e-04
  -2.3288964e-05
  -1.3780913e-05
  -3.7428845e-04
  -2.2412351e-05
   5.6803759e-06
  -3.7429708e-04
  -2.1531493e-05
   2.5133502e-05
  -3.7432468e-04
  -2.0646807e-05
   4.4592511e-05
  -3.7437846e-04
  -1.9760548e-05
   6.4074457e-05
  -3.7446246e-04
  -1.8875552e-05
   8.3599823e-05
  -3.7457894e-04
  -1.7993422e-05
   1.0319631e-04
  -3.7472152e-04
  -1.7105049e-05
   1.2289481e-04
  -3.7486924e-04
  -1.6144854e-05
   0.0000000e+00
   0.0000000e+00
   0.0000000e+00
   0.0000000e+00
   0.0000000e+00
   0.0000000e+00
   0.0000000e+00
   0.0000000e+00
   0.0000000e+00
   0.0000000e+00
   0.0000000e+00
   0.0000000e+00
   0.0000000e+00
   0.0000000e+00
   0.0000000e+00
   0.0000000e+00
   0.0000000e+00
   0.0000000e+00
   0.0000000e+00
   0.0000000e+00
   0.0000000e+00
   0.0000000e+00
   0.0000000e+00
   0.0000000e+00
   0.0000000e+00
   0.0000000e+00
   0.0000000e+00
  -7.4401938e-06
  -4.6807527e-06
  -5.1966221e-06
  -5.1223880e-06
  -3.6849598e-06
  -3.8152507e-06
  -3.3026995e-06
  -3.2299343e-06
  -2.7913012e-06
  -1.6120837e-06
  -3.0587878e-06
  -1.8735893e-06
  -1.4605752e-08
  -3.0657299e-06
  -9.9385925e-07
   1.4934495e-06
  -3.2210825e-06
  -1.1158920e-07
   2.8887717e-06
  -3.5344041e-06
   8.2639932e-07
   4.1223897e-06
  -4.0498026e-06
   1.9411024e-06
   4.8797700e-06
  -4.6935266e-06
   3.6346535e-06
  -1.0068674e-05
  -8.4589828e-06
  -5.5515613e-06
  -7.6949725e-06
  -8.2537944e-06
  -4.7671936e-06
  -5.2440662e-06
  -8.0278967e-06
  -3.9464454e-06
  -2.9239378e-06
  -7.8890359e-06
  -3.1239617e-06
  -7.0296265e-07
  -7.8475792e-06
  -2.2970593e-06
   1.4219164e-06
  -7.8949323e-06
  -1.4543002e-06
   3.4419661e-06
  -8.0186915e-06
  -5.7721232e-07
   5.3183067e-06
  -8.1941543e-06
   3.6130468e-07
   6.8354390e-06
  -8.3564650e-06
   1.3769572e-06
  -1.1461336e-05
  -1.3148459e-05
  -6.1147011e-06
  -9.0382243e-06
  -1.2989107e-05
  -5.5073922e-06
  -6.5608221e-06
  -1.2888602e-05
  -4.8907030e-06
  -4.0782858e-06
  -1.2824688e-05
  -4.2538562e-06
  -1.6491631e-06
  -1.2804337e-05
  -3.5977289e-06
   7.0191217e-07
  -1.2825856e-05
  -2.9240120e-06
   2.9528975e-06
  -1.2880525e-05
  -2.2333549e-06
   5.0751040e-06
  -1.2955572e-05
  -1.5250689e-06
   7.0189414e-06
  -1.3042948e-05
  -8.0097310e-07
  -1.2575286e-05
  -1.8389019e-05
  -6.7756543e-06
  -1.0154764e-05
  -1.8272758e-05
  -6.3186794e-06
  -7.6666948e-06
  -1.8194181e-05
  -5.8540599e-06
  -5.1685005e-06
  -1.8157328e-05
  -5.3771179e-06
  -2.6954622e-06
  -1.8155573e-05
  -4.8859363e-06
  -2.8281475e-07
  -1.8182824e-05
  -4.3804889e-06
   2.0416043e-06
  -1.8231586e-05
  -3.8619293e-06
   4.2540079e-06
  -1.8293642e-05
  -3.3313497e-06
   6.3233573e-06
  -1.8355888e-05
  -2.7870863e-06
  -1.3653631e-05
  -2.4244749e-05
  -7.5128047e-06
  -1.1258989e-05
  -2.4135152e-05
  -7.1847884e-06
  -8.7901531e-06
  -2.4065765e-05
  -6.8560073e-06
  -6.3022874e-06
  -2.4036711e-05
  -6.5202678e-06
  -3.8359803e-06
  -2.4045073e-05
  -6.1743069e-06
  -1.4240763e-06
  -2.4083544e-05
  -5.8159221e-06
   9.0444890e-07
  -2.4142439e-05
  -5.4435564e-06
   3.1245146e-06
  -2.4209596e-05
  -5.0558014e-06
   5.2088536e-06
  -2.4269306e-05
  -4.6506647e-06
  -1.4855377e-05
  -3.0853830e-05
  -8.2901482e-06
  -1.2485143e-05
  -3.0743412e-05
  -8.0856986e-06
  -1.0035064e-05
  -3.0673869e-05
  -7.8844951e-06
  -7.5621326e-06
  -3.0647599e-05
  -7.6795120e-06
  -5.1087560e-06
  -3.0660944e-05
  -7.4662467e-06
  -2.7102446e-06
  -3.0706156e-05
  -7.2408647e-06
  -3.9678434e-07
  -3.0772368e-05
  -7.0002719e-06
   1.8035147e-06
  -3.0845870e-05
  -6.7419354e-06
   3.8619657e-06
  -3.0907835e-05
  -6.4619666e-06
  -1.6307875e-05
  -3.8489961e-05
  -9.0816736e-06
  -1.3946568e-05
  -3.8371680e-05
  -8.9998378e-06
  -1.1498411e-05
  -3.8298590e-05
  -8.9251276e-06
  -9.0254935e-06
  -3.8272451e-05
  -8.8485693e-06
  -6.5743660e-06
  -3.8289398e-05
  -8.7643840e-06
  -4.1828531e-06
  -3.8340209e-05
  -8.6675955e-06
  -1.8814661e-06
  -3.8411651e-05
  -8.5543040e-06
   3.0391532e-07
  -3.8487870e-05
  -8.4216636e-06
   2.3384513e-06
  -3.8550049e-05
  -8.2662042e-06
  -1.8201460e-05
  -4.7673677e-05
  -9.8922328e-06
  -1.5804389e-05
  -4.7541807e-05
  -9.9282239e-06
  -1.3324766e-05
  -4.7456745e-05
  -9.9771612e-06
  -1.0819957e-05
  -4.7421209e-05
  -1.0027271e-05
  -8.3384586e-06
  -4.7433032e-05
  -1.0071172e-05
  -5.9234287e-06
  -4.7484728e-05
  -1.0102126e-05
  -3.6124612e-06
  -4.7563436e-05
  -1.0114165e-05
  -1.4336917e-06
  -4.7651287e-05
  -1.0102401e-05
   6.0401387e-07
  -4.7728272e-05
  -1.0060206e-05
  -2.0814675e-05
  -5.9490619e-05
  -1.0779821e-05
  -1.8342382e-05
  -5.9333878e-05
  -1.0899703e-05
  -1.5803021e-05
  -5.9223770e-05
  -1.1042441e-05
  -1.3241500e-05
  -5.9157928e-05
  -1.1194563e-05
  -1.0695415e-05
  -5.9133318e-05
  -1.1348317e-05
  -8.2017893e-06
  -5.9144915e-05
  -1.1497026e-05
  -5.8026474e-06
  -5.9183994e-05
  -1.1634078e-05
  -3.5516653e-06
  -5.9234940e-05
  -1.1752497e-05
  -1.5246617e-06
  -5.9269176e-05
  -1.1844158e-05
  -2.4401396e-05
  -7.5889884e-05
  -1.1871375e-05
  -2.1850508e-05
  -7.5757592e-05
  -1.2001811e-05
  -1.9313419e-05
  -7.5664533e-05
  -1.2165019e-05
  -1.6786049e-05
  -7.5605604e-05
  -1.2344393e-05
  -1.4264740e-05
  -7.5580716e-05
  -1.2531271e-05
  -1.1746030e-05
  -7.5593606e-05
  -1.2719183e-05
  -9.2263818e-06
  -7.5652116e-05
  -1.2900930e-05
  -6.7019003e-06
  -7.5769754e-05
  -1.3065036e-05
  -4.1680044e-06
  -7.5969502e-05
  -1.3187288e-05
  -2.7689618e-05
  -1.0022719e-04
  -1.3005402e-05
  -2.3113882e-05
  -1.0009561e-04
  -1.3071265e-05
  -1.8639187e-05
  -1.0000641e-04
  -1.3155309e-05
  -1.4209121e-05
  -9.9959121e-05
  -1.3246058e-05
  -9.7777668e-06
  -9.9951284e-05
  -1.3336051e-05
  -5.3013265e-06
  -9.9977398e-05
  -1.3418387e-05
  -7.3186770e-07
  -1.0002713e-04
  -1.3486050e-05
   3.9896845e-06
  -1.0008172e-04
  -1.3531806e-05
   8.9443882e-06
  -1.0010706e-04
  -1.3548506e-05
  -2.9661671e-05
  -1.2825181e-04
  -1.4287337e-05
  -2.3205205e-05
  -1.2816341e-04
  -1.4225895e-05
  -1.6848170e-05
  -1.2811020e-04
  -1.4173225e-05
  -1.0532563e-05
  -1.2809759e-04
  -1.4120130e-05
  -4.2091384e-06
  -1.2812444e-04
  -1.4059845e-05
   2.1652320e-06
  -1.2818331e-04
  -1.3986050e-05
   8.6266059e-06
  -1.2826079e-04
  -1.3893388e-05
   1.5199051e-05
  -1.2833845e-04
  -1.3778173e-05
   2.1882923e-05
  -1.2839662e-04
  -1.3636889e-05
  -3.0821655e-05
  -1.5798015e-04
  -1.5561003e-05
  -2.2589873e-05
  -1.5791634e-04
  -1.5361136e-05
  -1.4449204e-05
  -1.5788160e-04
  -1.5164967e-05
  -6.3446925e-06
  -1.5787945e-04
  -1.4966608e-05
   1.7643689e-06
  -1.5790728e-04
  -1.4761400e-05
   9.9102266e-06
  -1.5795706e-04
  -1.4545297e-05
   1.8117286e-05
  -1.5801695e-04
  -1.4315340e-05
   2.6404635e-05
  -1.5807316e-04
  -1.4069715e-05
   3.4800119e-05
  -1.5810985e-04
  -1.3807087e-05
  -3.1527754e-05
  -1.8846830e-04
  -1.6782455e-05
  -2.1605169e-05
  -1.8842144e-04
  -1.6456359e-05
  -1.1756587e-05
  -1.8839563e-04
  -1.6132039e-05
  -1.9393211e-06
  -1.8839475e-04
  -1.5805453e-05
   7.8787344e-06
  -1.8841703e-04
  -1.5473324e-05
   1.7723576e-05
  -1.8845667e-04
  -1.5132725e-05
   2.7616719e-05
  -1.8850529e-04
  -1.4781308e-05
   3.7577233e-05
  -1.8855220e-04
  -1.4417383e-05
   4.7621376e-05
  -1.8858316e-04
  -1.4039078e-05
  -3.1981471e-05
  -2.1933031e-04
  -1.7948557e-05
  -2.0412056e-05
  -2.1929507e-04
  -1.7510775e-05
  -8.9034364e-06
  -2.1927612e-04
  -1.7073678e-05
   2.5790636e-06
  -2.1927647e-04
  -1.6634566e-05
   1.4061182e-05
  -2.1929496e-04
  -1.6191079e-05
   2.5564323e-05
  -2.1932715e-04
  -1.5741089e-05
   3.7105940e-05
  -2.1936598e-04
  -1.5282896e-05
   4.8699126e-05
  -2.1940247e-04
  -1.4815368e-05
   6.0356141e-05
  -2.1942536e-04
  -1.4337931e-05
  -3.2278247e-05
  -2.5039074e-04
  -1.9071265e-05
  -1.9090091e-05
  -2.5036475e-04
  -1.8532877e-05
  -5.9526274e-06
  -2.5035085e-04
  -1.7994812e-05
   7.1626160e-06
  -2.5035142e-04
  -1.7455229e-05
   2.0276969e-05
  -2.5036552e-04
  -1.6912529e-05
   3.3407846e-05
  -2.5038969e-04
  -1.6365251e-05
   4.6568575e-05
  -2.5041857e-04
  -1.5812236e-05
   5.9769152e-05
  -2.5044524e-04
  -1.5252763e-05
   7.3016892e-05
  -2.5046217e-04
  -1.4686695e-05
  -3.2466920e-05
  -2.8155801e-04
  -2.0161905e-05
  -1.7681631e-05
  -2.8153997e-04
  -1.9530354e-05
  -2.9404008e-06
  -2.8152996e-04
  -1.8899209e-05
   1.1781739e-05
  -2.8152977e-04
  -1.8267437e-05
   2.6503303e-05
  -2.8153868e-04
  -1.7634043e-05
   4.1239206e-05
  -2.8155398e-04
  -1.6998205e-05
   5.6000690e-05
  -2.8157188e-04
  -1.6359367e-05
   7.0793361e-05
  -2.8158916e-04
  -1.5717216e-05
   8.5621922e-05
  -2.8159793e-04
  -1.5070588e-05
  -3.2573260e-05
  -3.1277409e-04
  -2.1227492e-05
  -1.6211761e-05
  -3.1276395e-04
  -2.0507265e-05
   1.1201139e-07
  -3.1275884e-04
  -1.9788108e-05
   1.6419960e-05
  -3.1276085e-04
  -1.9069216e-05
   3.2727975e-05
  -3.1276875e-04
  -1.8350123e-05
   4.9050149e-05
  -3.1277925e-04
  -1.7630587e-05
   6.5398589e-05
  -3.1278821e-04
  -1.6910741e-05
   8.1784916e-05
  -3.1279134e-04
  -1.6191086e-05
   9.8197639e-05
  -3.1280289e-04
  -1.5475682e-05
  -3.2615133e-05
  -3.4398828e-04
  -2.2268234e-05
  -1.4695947e-05
  -3.4398741e-04
  -2.1464751e-05
   3.1965428e-06
  -3.4399323e-04
  -2.0661543e-05
   2.1075129e-05
  -3.4400765e-04
  -1.9858004e-05
   3.8953948e-05
  -3.4402966e-04
  -1.9054379e-05
   5.6847644e-05
  -3.4405651e-04
  -1.8251551e-05
   7.4770603e-05
  -3.4408285e-04
  -1.7449906e-05
   9.2734828e-05
  -3.4409869e-04
  -1.6648456e-05
   1.1082016e-04
  -3.4405793e-04
  -1.5851178e-05
  -3.2622546e-05
  -3.7516430e-04
  -2.3288166e-05
  -1.3148939e-05
  -3.7516537e-04
  -2.2409083e-05
   6.3070049e-06
  -3.7517564e-04
  -2.1524423e-05
   2.5751741e-05
  -3.7520544e-04
  -2.0633379e-05
   4.5200704e-05
  -3.7526152e-04
  -1.9738822e-05
   6.4672576e-05
  -3.7534985e-04
  -1.8843722e-05
   8.4189636e-05
  -3.7548171e-04
  -1.7949635e-05
   1.0379177e-04
  -3.7568762e-04
  -1.7047545e-05
   1.2349793e-04
  -3.7603592e-04
  -1.6026398e-05
