   1,   35,  156,   18,    1,  513,  634,  496,  479
   2,  156,  157,   19,   18,  634,  635,  497,  496
   3,  157,  158,   20,   19,  635,  636,  498,  497
   4,  158,  159,   21,   20,  636,  637,  499,  498
   5,  159,  160,   22,   21,  637,  638,  500,  499
   6,  160,   23,    2,   22,  638,  501,  480,  500
   7,   34,  161,  156,   35,  512,  639,  634,  513
   8,  161,  162,  157,  156,  639,  640,  635,  634
   9,  162,  163,  158,  157,  640,  641,  636,  635
  10,  163,  164,  159,  158,  641,  642,  637,  636
  11,  164,  165,  160,  159,  642,  643,  638,  637
  12,  165,   24,   23,  160,  643,  502,  501,  638
  13,   33,  166,  161,   34,  511,  644,  639,  512
  14,  166,  167,  162,  161,  644,  645,  640,  639
  15,  167,  168,  163,  162,  645,  646,  641,  640
  16,  168,  169,  164,  163,  646,  647,  642,  641
  17,  169,  170,  165,  164,  647,  648,  643,  642
  18,  170,   25,   24,  165,  648,  503,  502,  643
  19,   32,  171,  166,   33,  510,  649,  644,  511
  20,  171,  172,  167,  166,  649,  650,  645,  644
  21,  172,  173,  168,  167,  650,  651,  646,  645
  22,  173,  174,  169,  168,  651,  652,  647,  646
  23,  174,  175,  170,  169,  652,  653,  648,  647
  24,  175,   26,   25,  170,  653,  504,  503,  648
  25,    4,   31,  171,   32,  482,  509,  649,  510
  26,   31,   30,  172,  171,  509,  508,  650,  649
  27,   30,   29,  173,  172,  508,  507,  651,  650
  28,   29,   28,  174,  173,  507,  506,  652,  651
  29,   28,   27,  175,  174,  506,  505,  653,  652
  30,   27,    3,   26,  175,  505,  481,  504,  653
  31,  180,  190,   39,   38,  658,  668,  517,  516
  32,  190,  191,   40,   39,  668,  669,  518,  517
  33,  191,   41,    5,   40,  669,  519,  483,  518
  34,  179,  192,  190,  180,  657,  670,  668,  658
  35,  192,  193,  191,  190,  670,  671,  669,  668
  36,  193,   42,   41,  191,  671,  520,  519,  669
  37,  176,  178,  192,  179,  654,  656,  670,  657
  38,  178,  177,  193,  192,  656,  655,  671,  670
  39,  177,   43,   42,  193,  655,  521,  520,  671
  40,  177,  194,   44,   43,  655,  672,  522,  521
  41,  194,  195,   45,   44,  672,  673,  523,  522
  42,  195,   46,    6,   45,  673,  524,  484,  523
  43,  178,  196,  194,  177,  656,  674,  672,  655
  44,  196,  197,  195,  194,  674,  675,  673,  672
  45,  197,   47,   46,  195,  675,  525,  524,  673
  46,  176,  182,  196,  178,  654,  660,  674,  656
  47,  182,  181,  197,  196,  660,  659,  675,  674
  48,  181,   48,   47,  197,  659,  526,  525,  675
  49,  181,  198,   49,   48,  659,  676,  527,  526
  50,  198,  199,   50,   49,  676,  677,  528,  527
  51,  199,  200,   51,   50,  677,  678,  529,  528
  52,  200,  201,   52,   51,  678,  679,  530,  529
  53,  201,  202,   53,   52,  679,  680,  531,  530
  54,  202,   22,    2,   53,  680,  500,  480,  531
  55,  182,  203,  198,  181,  660,  681,  676,  659
  56,  203,  204,  199,  198,  681,  682,  677,  676
  57,  204,  205,  200,  199,  682,  683,  678,  677
  58,  205,  206,  201,  200,  683,  684,  679,  678
  59,  206,  207,  202,  201,  684,  685,  680,  679
  60,  207,   21,   22,  202,  685,  499,  500,  680
  61,  176,  187,  203,  182,  654,  665,  681,  660
  62,  187,  186,  204,  203,  665,  664,  682,  681
  63,  186,  185,  205,  204,  664,  663,  683,  682
  64,  185,  184,  206,  205,  663,  662,  684,  683
  65,  184,  183,  207,  206,  662,  661,  685,  684
  66,  183,   20,   21,  207,  661,  498,  499,  685
  67,  183,  208,   19,   20,  661,  686,  497,  498
  68,  208,  209,   18,   19,  686,  687,  496,  497
  69,  209,   54,    1,   18,  687,  532,  479,  496
  70,  184,  210,  208,  183,  662,  688,  686,  661
  71,  210,  211,  209,  208,  688,  689,  687,  686
  72,  211,   55,   54,  209,  689,  533,  532,  687
  73,  185,  212,  210,  184,  663,  690,  688,  662
  74,  212,  213,  211,  210,  690,  691,  689,  688
  75,  213,   56,   55,  211,  691,  534,  533,  689
  76,  186,  214,  212,  185,  664,  692,  690,  663
  77,  214,  215,  213,  212,  692,  693,  691,  690
  78,  215,   57,   56,  213,  693,  535,  534,  691
  79,  187,  216,  214,  186,  665,  694,  692,  664
  80,  216,  217,  215,  214,  694,  695,  693,  692
  81,  217,   58,   57,  215,  695,  536,  535,  693
  82,  176,  189,  216,  187,  654,  667,  694,  665
  83,  189,  188,  217,  216,  667,  666,  695,  694
  84,  188,   59,   58,  217,  666,  537,  536,  695
  85,  188,  218,   60,   59,  666,  696,  538,  537
  86,  218,  219,   61,   60,  696,  697,  539,  538
  87,  219,   36,    7,   61,  697,  514,  485,  539
  88,  189,  220,  218,  188,  667,  698,  696,  666
  89,  220,  221,  219,  218,  698,  699,  697,  696
  90,  221,   37,   36,  219,  699,  515,  514,  697
  91,  176,  179,  220,  189,  654,  657,  698,  667
  92,  179,  180,  221,  220,  657,  658,  699,  698
  93,  180,   38,   37,  221,  658,  516,  515,  699
  94,  224,   73,    8,   72,  702,  551,  486,  550
  95,  223,   74,   73,  224,  701,  552,  551,  702
  96,  222,   75,   74,  223,  700,  553,  552,  701
  97,  222,  226,   76,   75,  700,  704,  554,  553
  98,  226,  225,   77,   76,  704,  703,  555,  554
  99,  225,   78,    9,   77,  703,  556,  487,  555
 100,  225,  241,   79,   78,  703,  719,  557,  556
 101,  241,  242,   80,   79,  719,  720,  558,  557
 102,  242,  243,   81,   80,  720,  721,  559,  558
 103,  243,  244,   82,   81,  721,  722,  560,  559
 104,  244,   61,    7,   82,  722,  539,  485,  560
 105,  226,  245,  241,  225,  704,  723,  719,  703
 106,  245,  246,  242,  241,  723,  724,  720,  719
 107,  246,  247,  243,  242,  724,  725,  721,  720
 108,  247,  248,  244,  243,  725,  726,  722,  721
 109,  248,   60,   61,  244,  726,  538,  539,  722
 110,  222,  230,  245,  226,  700,  708,  723,  704
 111,  230,  229,  246,  245,  708,  707,  724,  723
 112,  229,  228,  247,  246,  707,  706,  725,  724
 113,  228,  227,  248,  247,  706,  705,  726,  725
 114,  227,   59,   60,  248,  705,  537,  538,  726
 115,   32,  249,   83,    4,  510,  727,  561,  482
 116,  249,  250,   84,   83,  727,  728,  562,  561
 117,  250,  251,   85,   84,  728,  729,  563,  562
 118,  251,  252,   86,   85,  729,  730,  564,  563
 119,  252,  231,   87,   86,  730,  709,  565,  564
 120,   33,  253,  249,   32,  511,  731,  727,  510
 121,  253,  254,  250,  249,  731,  732,  728,  727
 122,  254,  255,  251,  250,  732,  733,  729,  728
 123,  255,  256,  252,  251,  733,  734,  730,  729
 124,  256,  232,  231,  252,  734,  710,  709,  730
 125,   34,  257,  253,   33,  512,  735,  731,  511
 126,  257,  258,  254,  253,  735,  736,  732,  731
 127,  258,  259,  255,  254,  736,  737,  733,  732
 128,  259,  260,  256,  255,  737,  738,  734,  733
 129,  260,  233,  232,  256,  738,  711,  710,  734
 130,   35,  261,  257,   34,  513,  739,  735,  512
 131,  261,  262,  258,  257,  739,  740,  736,  735
 132,  262,  263,  259,  258,  740,  741,  737,  736
 133,  263,  264,  260,  259,  741,  742,  738,  737
 134,  264,  234,  233,  260,  742,  712,  711,  738
 135,    1,  265,  261,   35,  479,  743,  739,  513
 136,  265,  266,  262,  261,  743,  744,  740,  739
 137,  266,  267,  263,  262,  744,  745,  741,  740
 138,  267,  268,  264,  263,  745,  746,  742,  741
 139,  268,  235,  234,  264,  746,  713,  712,  742
 140,   54,  269,  265,    1,  532,  747,  743,  479
 141,  269,  270,  266,  265,  747,  748,  744,  743
 142,  270,  271,  267,  266,  748,  749,  745,  744
 143,  271,  272,  268,  267,  749,  750,  746,  745
 144,  272,  236,  235,  268,  750,  714,  713,  746
 145,   55,  273,  269,   54,  533,  751,  747,  532
 146,  273,  274,  270,  269,  751,  752,  748,  747
 147,  274,  275,  271,  270,  752,  753,  749,  748
 148,  275,  276,  272,  271,  753,  754,  750,  749
 149,  276,  237,  236,  272,  754,  715,  714,  750
 150,   56,  277,  273,   55,  534,  755,  751,  533
 151,  277,  278,  274,  273,  755,  756,  752,  751
 152,  278,  279,  275,  274,  756,  757,  753,  752
 153,  279,  280,  276,  275,  757,  758,  754,  753
 154,  280,  238,  237,  276,  758,  716,  715,  754
 155,   57,  281,  277,   56,  535,  759,  755,  534
 156,  281,  282,  278,  277,  759,  760,  756,  755
 157,  282,  283,  279,  278,  760,  761,  757,  756
 158,  283,  284,  280,  279,  761,  762,  758,  757
 159,  284,  239,  238,  280,  762,  717,  716,  758
 160,   58,  285,  281,   57,  536,  763,  759,  535
 161,  285,  286,  282,  281,  763,  764,  760,  759
 162,  286,  287,  283,  282,  764,  765,  761,  760
 163,  287,  288,  284,  283,  765,  766,  762,  761
 164,  288,  240,  239,  284,  766,  718,  717,  762
 165,   59,  227,  285,   58,  537,  705,  763,  536
 166,  227,  228,  286,  285,  705,  706,  764,  763
 167,  228,  229,  287,  286,  706,  707,  765,  764
 168,  229,  230,  288,  287,  707,  708,  766,  765
 169,  230,  222,  240,  288,  708,  700,  718,  766
 170,  231,  289,   88,   87,  709,  767,  566,  565
 171,  289,  290,   89,   88,  767,  768,  567,  566
 172,  290,   62,   10,   89,  768,  540,  488,  567
 173,  232,  291,  289,  231,  710,  769,  767,  709
 174,  291,  292,  290,  289,  769,  770,  768,  767
 175,  292,   63,   62,  290,  770,  541,  540,  768
 176,  233,  293,  291,  232,  711,  771,  769,  710
 177,  293,  294,  292,  291,  771,  772,  770,  769
 178,  294,   64,   63,  292,  772,  542,  541,  770
 179,  234,  295,  293,  233,  712,  773,  771,  711
 180,  295,  296,  294,  293,  773,  774,  772,  771
 181,  296,   65,   64,  294,  774,  543,  542,  772
 182,  235,  297,  295,  234,  713,  775,  773,  712
 183,  297,  298,  296,  295,  775,  776,  774,  773
 184,  298,   66,   65,  296,  776,  544,  543,  774
 185,  236,  299,  297,  235,  714,  777,  775,  713
 186,  299,  300,  298,  297,  777,  778,  776,  775
 187,  300,   67,   66,  298,  778,  545,  544,  776
 188,  237,  301,  299,  236,  715,  779,  777,  714
 189,  301,  302,  300,  299,  779,  780,  778,  777
 190,  302,   68,   67,  300,  780,  546,  545,  778
 191,  238,  303,  301,  237,  716,  781,  779,  715
 192,  303,  304,  302,  301,  781,  782,  780,  779
 193,  304,   69,   68,  302,  782,  547,  546,  780
 194,  239,  305,  303,  238,  717,  783,  781,  716
 195,  305,  306,  304,  303,  783,  784,  782,  781
 196,  306,   70,   69,  304,  784,  548,  547,  782
 197,  240,  307,  305,  239,  718,  785,  783,  717
 198,  307,  308,  306,  305,  785,  786,  784,  783
 199,  308,   71,   70,  306,  786,  549,  548,  784
 200,  222,  223,  307,  240,  700,  701,  785,  718
 201,  223,  224,  308,  307,  701,  702,  786,  785
 202,  224,   72,   71,  308,  702,  550,  549,  786
 203,  312,  320,   94,   93,  790,  798,  572,  571
 204,  320,   45,    6,   94,  798,  523,  484,  572
 205,  311,  321,  320,  312,  789,  799,  798,  790
 206,  321,   44,   45,  320,  799,  522,  523,  798
 207,  309,  310,  321,  311,  787,  788,  799,  789
 208,  310,   43,   44,  321,  788,  521,  522,  799
 209,  310,  322,   42,   43,  788,  800,  520,  521
 210,  322,  323,   41,   42,  800,  801,  519,  520
 211,  323,   95,    5,   41,  801,  573,  483,  519
 212,  309,  314,  322,  310,  787,  792,  800,  788
 213,  314,  313,  323,  322,  792,  791,  801,  800
 214,  313,   96,   95,  323,  791,  574,  573,  801
 215,  103,  324,   97,   11,  581,  802,  575,  489
 216,  324,  325,   98,   97,  802,  803,  576,  575
 217,  325,  315,   99,   98,  803,  793,  577,  576
 218,   12,  326,  324,  103,  490,  804,  802,  581
 219,  326,  327,  325,  324,  804,  805,  803,  802
 220,  327,  316,  315,  325,  805,  794,  793,  803
 221,   96,  313,  326,   12,  574,  791,  804,  490
 222,  313,  314,  327,  326,  791,  792,  805,  804
 223,  314,  309,  316,  327,  792,  787,  794,  805
 224,  315,  328,  100,   99,  793,  806,  578,  577
 225,  328,  329,  101,  100,  806,  807,  579,  578
 226,  329,  330,  102,  101,  807,  808,  580,  579
 227,  330,  104,   13,  102,  808,  582,  491,  580
 228,  316,  331,  328,  315,  794,  809,  806,  793
 229,  331,  332,  329,  328,  809,  810,  807,  806
 230,  332,  333,  330,  329,  810,  811,  808,  807
 231,  333,  105,  104,  330,  811,  583,  582,  808
 232,  309,  319,  331,  316,  787,  797,  809,  794
 233,  319,  318,  332,  331,  797,  796,  810,  809
 234,  318,  317,  333,  332,  796,  795,  811,  810
 235,  317,  106,  105,  333,  795,  584,  583,  811
 236,  317,  334,  107,  106,  795,  812,  585,  584
 237,  334,  335,  108,  107,  812,  813,  586,  585
 238,  335,   90,   14,  108,  813,  568,  492,  586
 239,  318,  336,  334,  317,  796,  814,  812,  795
 240,  336,  337,  335,  334,  814,  815,  813,  812
 241,  337,   91,   90,  335,  815,  569,  568,  813
 242,  319,  338,  336,  318,  797,  816,  814,  796
 243,  338,  339,  337,  336,  816,  817,  815,  814
 244,  339,   92,   91,  337,  817,  570,  569,  815
 245,  309,  311,  338,  319,  787,  789,  816,  797
 246,  311,  312,  339,  338,  789,  790,  817,  816
 247,  312,   93,   92,  339,  790,  571,  570,  817
 248,  344,  362,  114,  113,  822,  840,  592,  591
 249,  362,  363,  115,  114,  840,  841,  593,  592
 250,  363,   77,    9,  115,  841,  555,  487,  593
 251,  343,  364,  362,  344,  821,  842,  840,  822
 252,  364,  365,  363,  362,  842,  843,  841,  840
 253,  365,   76,   77,  363,  843,  554,  555,  841
 254,  340,  342,  364,  343,  818,  820,  842,  821
 255,  342,  341,  365,  364,  820,  819,  843,  842
 256,  341,   75,   76,  365,  819,  553,  554,  843
 257,  341,  366,   74,   75,  819,  844,  552,  553
 258,  366,  367,   73,   74,  844,  845,  551,  552
 259,  367,  116,    8,   73,  845,  594,  486,  551
 260,  342,  368,  366,  341,  820,  846,  844,  819
 261,  368,  369,  367,  366,  846,  847,  845,  844
 262,  369,  117,  116,  367,  847,  595,  594,  845
 263,  340,  346,  368,  342,  818,  824,  846,  820
 264,  346,  345,  369,  368,  824,  823,  847,  846
 265,  345,  118,  117,  369,  823,  596,  595,  847
 266,  345,  370,  119,  118,  823,  848,  597,  596
 267,  370,  371,  120,  119,  848,  849,  598,  597
 268,  371,  372,  121,  120,  849,  850,  599,  598
 269,  372,  373,  122,  121,  850,  851,  600,  599
 270,  373,  374,  123,  122,  851,  852,  601,  600
 271,  374,  375,  124,  123,  852,  853,  602,  601
 272,  375,  376,  125,  124,  853,  854,  603,  602
 273,  376,  377,  126,  125,  854,  855,  604,  603
 274,  377,  378,  127,  126,  855,  856,  605,  604
 275,  378,  379,  128,  127,  856,  857,  606,  605
 276,  379,  380,  129,  128,  857,  858,  607,  606
 277,  380,  130,   15,  129,  858,  608,  493,  607
 278,  346,  381,  370,  345,  824,  859,  848,  823
 279,  381,  382,  371,  370,  859,  860,  849,  848
 280,  382,  383,  372,  371,  860,  861,  850,  849
 281,  383,  384,  373,  372,  861,  862,  851,  850
 282,  384,  385,  374,  373,  862,  863,  852,  851
 283,  385,  386,  375,  374,  863,  864,  853,  852
 284,  386,  387,  376,  375,  864,  865,  854,  853
 285,  387,  388,  377,  376,  865,  866,  855,  854
 286,  388,  389,  378,  377,  866,  867,  856,  855
 287,  389,  390,  379,  378,  867,  868,  857,  856
 288,  390,  391,  380,  379,  868,  869,  858,  857
 289,  391,  131,  130,  380,  869,  609,  608,  858
 290,  340,  357,  381,  346,  818,  835,  859,  824
 291,  357,  356,  382,  381,  835,  834,  860,  859
 292,  356,  355,  383,  382,  834,  833,  861,  860
 293,  355,  354,  384,  383,  833,  832,  862,  861
 294,  354,  353,  385,  384,  832,  831,  863,  862
 295,  353,  352,  386,  385,  831,  830,  864,  863
 296,  352,  351,  387,  386,  830,  829,  865,  864
 297,  351,  350,  388,  387,  829,  828,  866,  865
 298,  350,  349,  389,  388,  828,  827,  867,  866
 299,  349,  348,  390,  389,  827,  826,  868,  867
 300,  348,  347,  391,  390,  826,  825,  869,  868
 301,  347,  132,  131,  391,  825,  610,  609,  869
 302,  347,  392,  133,  132,  825,  870,  611,  610
 303,  392,  393,  134,  133,  870,  871,  612,  611
 304,  393,  394,  135,  134,  871,  872,  613,  612
 305,  394,  395,  136,  135,  872,  873,  614,  613
 306,  395,  137,   16,  136,  873,  615,  494,  614
 307,  348,  396,  392,  347,  826,  874,  870,  825
 308,  396,  397,  393,  392,  874,  875,  871,  870
 309,  397,  398,  394,  393,  875,  876,  872,  871
 310,  398,  399,  395,  394,  876,  877,  873,  872
 311,  399,  138,  137,  395,  877,  616,  615,  873
 312,  349,  400,  396,  348,  827,  878,  874,  826
 313,  400,  401,  397,  396,  878,  879,  875,  874
 314,  401,  402,  398,  397,  879,  880,  876,  875
 315,  402,  403,  399,  398,  880,  881,  877,  876
 316,  403,  139,  138,  399,  881,  617,  616,  877
 317,  350,  404,  400,  349,  828,  882,  878,  827
 318,  404,  405,  401,  400,  882,  883,  879,  878
 319,  405,  406,  402,  401,  883,  884,  880,  879
 320,  406,  407,  403,  402,  884,  885,  881,  880
 321,  407,  140,  139,  403,  885,  618,  617,  881
 322,  351,  408,  404,  350,  829,  886,  882,  828
 323,  408,  409,  405,  404,  886,  887,  883,  882
 324,  409,  410,  406,  405,  887,  888,  884,  883
 325,  410,  411,  407,  406,  888,  889,  885,  884
 326,  411,  141,  140,  407,  889,  619,  618,  885
 327,  352,  412,  408,  351,  830,  890,  886,  829
 328,  412,  413,  409,  408,  890,  891,  887,  886
 329,  413,  414,  410,  409,  891,  892,  888,  887
 330,  414,  415,  411,  410,  892,  893,  889,  888
 331,  415,  142,  141,  411,  893,  620,  619,  889
 332,  353,  416,  412,  352,  831,  894,  890,  830
 333,  416,  417,  413,  412,  894,  895,  891,  890
 334,  417,  418,  414,  413,  895,  896,  892,  891
 335,  418,  419,  415,  414,  896,  897,  893,  892
 336,  419,  143,  142,  415,  897,  621,  620,  893
 337,  354,  420,  416,  353,  832,  898,  894,  831
 338,  420,  421,  417,  416,  898,  899,  895,  894
 339,  421,  422,  418,  417,  899,  900,  896,  895
 340,  422,  423,  419,  418,  900,  901,  897,  896
 341,  423,   13,  143,  419,  901,  491,  621,  897
 342,  355,  424,  420,  354,  833,  902,  898,  832
 343,  424,  425,  421,  420,  902,  903,  899,  898
 344,  425,  426,  422,  421,  903,  904,  900,  899
 345,  426,  427,  423,  422,  904,  905,  901,  900
 346,  427,  102,   13,  423,  905,  580,  491,  901
 347,  356,  428,  424,  355,  834,  906,  902,  833
 348,  428,  429,  425,  424,  906,  907,  903,  902
 349,  429,  430,  426,  425,  907,  908,  904,  903
 350,  430,  431,  427,  426,  908,  909,  905,  904
 351,  431,  101,  102,  427,  909,  579,  580,  905
 352,  357,  432,  428,  356,  835,  910,  906,  834
 353,  432,  433,  429,  428,  910,  911,  907,  906
 354,  433,  434,  430,  429,  911,  912,  908,  907
 355,  434,  435,  431,  430,  912,  913,  909,  908
 356,  435,  100,  101,  431,  913,  578,  579,  909
 357,  340,  361,  432,  357,  818,  839,  910,  835
 358,  361,  360,  433,  432,  839,  838,  911,  910
 359,  360,  359,  434,  433,  838,  837,  912,  911
 360,  359,  358,  435,  434,  837,  836,  913,  912
 361,  358,   99,  100,  435,  836,  577,  578,  913
 362,  358,  436,   98,   99,  836,  914,  576,  577
 363,  436,  437,   97,   98,  914,  915,  575,  576
 364,  437,  109,   11,   97,  915,  587,  489,  575
 365,  359,  438,  436,  358,  837,  916,  914,  836
 366,  438,  439,  437,  436,  916,  917,  915,  914
 367,  439,  110,  109,  437,  917,  588,  587,  915
 368,  360,  440,  438,  359,  838,  918,  916,  837
 369,  440,  441,  439,  438,  918,  919,  917,  916
 370,  441,  111,  110,  439,  919,  589,  588,  917
 371,  361,  442,  440,  360,  839,  920,  918,  838
 372,  442,  443,  441,  440,  920,  921,  919,  918
 373,  443,  112,  111,  441,  921,  590,  589,  919
 374,  340,  343,  442,  361,  818,  821,  920,  839
 375,  343,  344,  443,  442,  821,  822,  921,  920
 376,  344,  113,  112,  443,  822,  591,  590,  921
 377,  155,  444,  108,   14,  633,  922,  586,  492
 378,  444,  445,  107,  108,  922,  923,  585,  586
 379,  445,  446,  106,  107,  923,  924,  584,  585
 380,  446,  447,  105,  106,  924,  925,  583,  584
 381,  447,  448,  104,  105,  925,  926,  582,  583
 382,  448,  143,   13,  104,  926,  621,  491,  582
 383,  154,  449,  444,  155,  632,  927,  922,  633
 384,  449,  450,  445,  444,  927,  928,  923,  922
 385,  450,  451,  446,  445,  928,  929,  924,  923
 386,  451,  452,  447,  446,  929,  930,  925,  924
 387,  452,  453,  448,  447,  930,  931,  926,  925
 388,  453,  142,  143,  448,  931,  620,  621,  926
 389,  153,  454,  449,  154,  631,  932,  927,  632
 390,  454,  455,  450,  449,  932,  933,  928,  927
 391,  455,  456,  451,  450,  933,  934,  929,  928
 392,  456,  457,  452,  451,  934,  935,  930,  929
 393,  457,  458,  453,  452,  935,  936,  931,  930
 394,  458,  141,  142,  453,  936,  619,  620,  931
 395,  152,  459,  454,  153,  630,  937,  932,  631
 396,  459,  460,  455,  454,  937,  938,  933,  932
 397,  460,  461,  456,  455,  938,  939,  934,  933
 398,  461,  462,  457,  456,  939,  940,  935,  934
 399,  462,  463,  458,  457,  940,  941,  936,  935
 400,  463,  140,  141,  458,  941,  618,  619,  936
 401,  151,  464,  459,  152,  629,  942,  937,  630
 402,  464,  465,  460,  459,  942,  943,  938,  937
 403,  465,  466,  461,  460,  943,  944,  939,  938
 404,  466,  467,  462,  461,  944,  945,  940,  939
 405,  467,  468,  463,  462,  945,  946,  941,  940
 406,  468,  139,  140,  463,  946,  617,  618,  941
 407,  150,  469,  464,  151,  628,  947,  942,  629
 408,  469,  470,  465,  464,  947,  948,  943,  942
 409,  470,  471,  466,  465,  948,  949,  944,  943
 410,  471,  472,  467,  466,  949,  950,  945,  944
 411,  472,  473,  468,  467,  950,  951,  946,  945
 412,  473,  138,  139,  468,  951,  616,  617,  946
 413,  149,  474,  469,  150,  627,  952,  947,  628
 414,  474,  475,  470,  469,  952,  953,  948,  947
 415,  475,  476,  471,  470,  953,  954,  949,  948
 416,  476,  477,  472,  471,  954,  955,  950,  949
 417,  477,  478,  473,  472,  955,  956,  951,  950
 418,  478,  137,  138,  473,  956,  615,  616,  951
 419,   17,  148,  474,  149,  495,  626,  952,  627
 420,  148,  147,  475,  474,  626,  625,  953,  952
 421,  147,  146,  476,  475,  625,  624,  954,  953
 422,  146,  145,  477,  476,  624,  623,  955,  954
 423,  145,  144,  478,  477,  623,  622,  956,  955
 424,  144,   16,  137,  478,  622,  494,  615,  956
 425,  513,  634,  496,  479,  991, 1112,  974,  957
 426,  634,  635,  497,  496, 1112, 1113,  975,  974
 427,  635,  636,  498,  497, 1113, 1114,  976,  975
 428,  636,  637,  499,  498, 1114, 1115,  977,  976
 429,  637,  638,  500,  499, 1115, 1116,  978,  977
 430,  638,  501,  480,  500, 1116,  979,  958,  978
 431,  512,  639,  634,  513,  990, 1117, 1112,  991
 432,  639,  640,  635,  634, 1117, 1118, 1113, 1112
 433,  640,  641,  636,  635, 1118, 1119, 1114, 1113
 434,  641,  642,  637,  636, 1119, 1120, 1115, 1114
 435,  642,  643,  638,  637, 1120, 1121, 1116, 1115
 436,  643,  502,  501,  638, 1121,  980,  979, 1116
 437,  511,  644,  639,  512,  989, 1122, 1117,  990
 438,  644,  645,  640,  639, 1122, 1123, 1118, 1117
 439,  645,  646,  641,  640, 1123, 1124, 1119, 1118
 440,  646,  647,  642,  641, 1124, 1125, 1120, 1119
 441,  647,  648,  643,  642, 1125, 1126, 1121, 1120
 442,  648,  503,  502,  643, 1126,  981,  980, 1121
 443,  510,  649,  644,  511,  988, 1127, 1122,  989
 444,  649,  650,  645,  644, 1127, 1128, 1123, 1122
 445,  650,  651,  646,  645, 1128, 1129, 1124, 1123
 446,  651,  652,  647,  646, 1129, 1130, 1125, 1124
 447,  652,  653,  648,  647, 1130, 1131, 1126, 1125
 448,  653,  504,  503,  648, 1131,  982,  981, 1126
 449,  482,  509,  649,  510,  960,  987, 1127,  988
 450,  509,  508,  650,  649,  987,  986, 1128, 1127
 451,  508,  507,  651,  650,  986,  985, 1129, 1128
 452,  507,  506,  652,  651,  985,  984, 1130, 1129
 453,  506,  505,  653,  652,  984,  983, 1131, 1130
 454,  505,  481,  504,  653,  983,  959,  982, 1131
 455,  658,  668,  517,  516, 1136, 1146,  995,  994
 456,  668,  669,  518,  517, 1146, 1147,  996,  995
 457,  669,  519,  483,  518, 1147,  997,  961,  996
 458,  657,  670,  668,  658, 1135, 1148, 1146, 1136
 459,  670,  671,  669,  668, 1148, 1149, 1147, 1146
 460,  671,  520,  519,  669, 1149,  998,  997, 1147
 461,  654,  656,  670,  657, 1132, 1134, 1148, 1135
 462,  656,  655,  671,  670, 1134, 1133, 1149, 1148
 463,  655,  521,  520,  671, 1133,  999,  998, 1149
 464,  655,  672,  522,  521, 1133, 1150, 1000,  999
 465,  672,  673,  523,  522, 1150, 1151, 1001, 1000
 466,  673,  524,  484,  523, 1151, 1002,  962, 1001
 467,  656,  674,  672,  655, 1134, 1152, 1150, 1133
 468,  674,  675,  673,  672, 1152, 1153, 1151, 1150
 469,  675,  525,  524,  673, 1153, 1003, 1002, 1151
 470,  654,  660,  674,  656, 1132, 1138, 1152, 1134
 471,  660,  659,  675,  674, 1138, 1137, 1153, 1152
 472,  659,  526,  525,  675, 1137, 1004, 1003, 1153
 473,  659,  676,  527,  526, 1137, 1154, 1005, 1004
 474,  676,  677,  528,  527, 1154, 1155, 1006, 1005
 475,  677,  678,  529,  528, 1155, 1156, 1007, 1006
 476,  678,  679,  530,  529, 1156, 1157, 1008, 1007
 477,  679,  680,  531,  530, 1157, 1158, 1009, 1008
 478,  680,  500,  480,  531, 1158,  978,  958, 1009
 479,  660,  681,  676,  659, 1138, 1159, 1154, 1137
 480,  681,  682,  677,  676, 1159, 1160, 1155, 1154
 481,  682,  683,  678,  677, 1160, 1161, 1156, 1155
 482,  683,  684,  679,  678, 1161, 1162, 1157, 1156
 483,  684,  685,  680,  679, 1162, 1163, 1158, 1157
 484,  685,  499,  500,  680, 1163,  977,  978, 1158
 485,  654,  665,  681,  660, 1132, 1143, 1159, 1138
 486,  665,  664,  682,  681, 1143, 1142, 1160, 1159
 487,  664,  663,  683,  682, 1142, 1141, 1161, 1160
 488,  663,  662,  684,  683, 1141, 1140, 1162, 1161
 489,  662,  661,  685,  684, 1140, 1139, 1163, 1162
 490,  661,  498,  499,  685, 1139,  976,  977, 1163
 491,  661,  686,  497,  498, 1139, 1164,  975,  976
 492,  686,  687,  496,  497, 1164, 1165,  974,  975
 493,  687,  532,  479,  496, 1165, 1010,  957,  974
 494,  662,  688,  686,  661, 1140, 1166, 1164, 1139
 495,  688,  689,  687,  686, 1166, 1167, 1165, 1164
 496,  689,  533,  532,  687, 1167, 1011, 1010, 1165
 497,  663,  690,  688,  662, 1141, 1168, 1166, 1140
 498,  690,  691,  689,  688, 1168, 1169, 1167, 1166
 499,  691,  534,  533,  689, 1169, 1012, 1011, 1167
 500,  664,  692,  690,  663, 1142, 1170, 1168, 1141
 501,  692,  693,  691,  690, 1170, 1171, 1169, 1168
 502,  693,  535,  534,  691, 1171, 1013, 1012, 1169
 503,  665,  694,  692,  664, 1143, 1172, 1170, 1142
 504,  694,  695,  693,  692, 1172, 1173, 1171, 1170
 505,  695,  536,  535,  693, 1173, 1014, 1013, 1171
 506,  654,  667,  694,  665, 1132, 1145, 1172, 1143
 507,  667,  666,  695,  694, 1145, 1144, 1173, 1172
 508,  666,  537,  536,  695, 1144, 1015, 1014, 1173
 509,  666,  696,  538,  537, 1144, 1174, 1016, 1015
 510,  696,  697,  539,  538, 1174, 1175, 1017, 1016
 511,  697,  514,  485,  539, 1175,  992,  963, 1017
 512,  667,  698,  696,  666, 1145, 1176, 1174, 1144
 513,  698,  699,  697,  696, 1176, 1177, 1175, 1174
 514,  699,  515,  514,  697, 1177,  993,  992, 1175
 515,  654,  657,  698,  667, 1132, 1135, 1176, 1145
 516,  657,  658,  699,  698, 1135, 1136, 1177, 1176
 517,  658,  516,  515,  699, 1136,  994,  993, 1177
 518,  702,  551,  486,  550, 1180, 1029,  964, 1028
 519,  701,  552,  551,  702, 1179, 1030, 1029, 1180
 520,  700,  553,  552,  701, 1178, 1031, 1030, 1179
 521,  700,  704,  554,  553, 1178, 1182, 1032, 1031
 522,  704,  703,  555,  554, 1182, 1181, 1033, 1032
 523,  703,  556,  487,  555, 1181, 1034,  965, 1033
 524,  703,  719,  557,  556, 1181, 1197, 1035, 1034
 525,  719,  720,  558,  557, 1197, 1198, 1036, 1035
 526,  720,  721,  559,  558, 1198, 1199, 1037, 1036
 527,  721,  722,  560,  559, 1199, 1200, 1038, 1037
 528,  722,  539,  485,  560, 1200, 1017,  963, 1038
 529,  704,  723,  719,  703, 1182, 1201, 1197, 1181
 530,  723,  724,  720,  719, 1201, 1202, 1198, 1197
 531,  724,  725,  721,  720, 1202, 1203, 1199, 1198
 532,  725,  726,  722,  721, 1203, 1204, 1200, 1199
 533,  726,  538,  539,  722, 1204, 1016, 1017, 1200
 534,  700,  708,  723,  704, 1178, 1186, 1201, 1182
 535,  708,  707,  724,  723, 1186, 1185, 1202, 1201
 536,  707,  706,  725,  724, 1185, 1184, 1203, 1202
 537,  706,  705,  726,  725, 1184, 1183, 1204, 1203
 538,  705,  537,  538,  726, 1183, 1015, 1016, 1204
 539,  510,  727,  561,  482,  988, 1205, 1039,  960
 540,  727,  728,  562,  561, 1205, 1206, 1040, 1039
 541,  728,  729,  563,  562, 1206, 1207, 1041, 1040
 542,  729,  730,  564,  563, 1207, 1208, 1042, 1041
 543,  730,  709,  565,  564, 1208, 1187, 1043, 1042
 544,  511,  731,  727,  510,  989, 1209, 1205,  988
 545,  731,  732,  728,  727, 1209, 1210, 1206, 1205
 546,  732,  733,  729,  728, 1210, 1211, 1207, 1206
 547,  733,  734,  730,  729, 1211, 1212, 1208, 1207
 548,  734,  710,  709,  730, 1212, 1188, 1187, 1208
 549,  512,  735,  731,  511,  990, 1213, 1209,  989
 550,  735,  736,  732,  731, 1213, 1214, 1210, 1209
 551,  736,  737,  733,  732, 1214, 1215, 1211, 1210
 552,  737,  738,  734,  733, 1215, 1216, 1212, 1211
 553,  738,  711,  710,  734, 1216, 1189, 1188, 1212
 554,  513,  739,  735,  512,  991, 1217, 1213,  990
 555,  739,  740,  736,  735, 1217, 1218, 1214, 1213
 556,  740,  741,  737,  736, 1218, 1219, 1215, 1214
 557,  741,  742,  738,  737, 1219, 1220, 1216, 1215
 558,  742,  712,  711,  738, 1220, 1190, 1189, 1216
 559,  479,  743,  739,  513,  957, 1221, 1217,  991
 560,  743,  744,  740,  739, 1221, 1222, 1218, 1217
 561,  744,  745,  741,  740, 1222, 1223, 1219, 1218
 562,  745,  746,  742,  741, 1223, 1224, 1220, 1219
 563,  746,  713,  712,  742, 1224, 1191, 1190, 1220
 564,  532,  747,  743,  479, 1010, 1225, 1221,  957
 565,  747,  748,  744,  743, 1225, 1226, 1222, 1221
 566,  748,  749,  745,  744, 1226, 1227, 1223, 1222
 567,  749,  750,  746,  745, 1227, 1228, 1224, 1223
 568,  750,  714,  713,  746, 1228, 1192, 1191, 1224
 569,  533,  751,  747,  532, 1011, 1229, 1225, 1010
 570,  751,  752,  748,  747, 1229, 1230, 1226, 1225
 571,  752,  753,  749,  748, 1230, 1231, 1227, 1226
 572,  753,  754,  750,  749, 1231, 1232, 1228, 1227
 573,  754,  715,  714,  750, 1232, 1193, 1192, 1228
 574,  534,  755,  751,  533, 1012, 1233, 1229, 1011
 575,  755,  756,  752,  751, 1233, 1234, 1230, 1229
 576,  756,  757,  753,  752, 1234, 1235, 1231, 1230
 577,  757,  758,  754,  753, 1235, 1236, 1232, 1231
 578,  758,  716,  715,  754, 1236, 1194, 1193, 1232
 579,  535,  759,  755,  534, 1013, 1237, 1233, 1012
 580,  759,  760,  756,  755, 1237, 1238, 1234, 1233
 581,  760,  761,  757,  756, 1238, 1239, 1235, 1234
 582,  761,  762,  758,  757, 1239, 1240, 1236, 1235
 583,  762,  717,  716,  758, 1240, 1195, 1194, 1236
 584,  536,  763,  759,  535, 1014, 1241, 1237, 1013
 585,  763,  764,  760,  759, 1241, 1242, 1238, 1237
 586,  764,  765,  761,  760, 1242, 1243, 1239, 1238
 587,  765,  766,  762,  761, 1243, 1244, 1240, 1239
 588,  766,  718,  717,  762, 1244, 1196, 1195, 1240
 589,  537,  705,  763,  536, 1015, 1183, 1241, 1014
 590,  705,  706,  764,  763, 1183, 1184, 1242, 1241
 591,  706,  707,  765,  764, 1184, 1185, 1243, 1242
 592,  707,  708,  766,  765, 1185, 1186, 1244, 1243
 593,  708,  700,  718,  766, 1186, 1178, 1196, 1244
 594,  709,  767,  566,  565, 1187, 1245, 1044, 1043
 595,  767,  768,  567,  566, 1245, 1246, 1045, 1044
 596,  768,  540,  488,  567, 1246, 1018,  966, 1045
 597,  710,  769,  767,  709, 1188, 1247, 1245, 1187
 598,  769,  770,  768,  767, 1247, 1248, 1246, 1245
 599,  770,  541,  540,  768, 1248, 1019, 1018, 1246
 600,  711,  771,  769,  710, 1189, 1249, 1247, 1188
 601,  771,  772,  770,  769, 1249, 1250, 1248, 1247
 602,  772,  542,  541,  770, 1250, 1020, 1019, 1248
 603,  712,  773,  771,  711, 1190, 1251, 1249, 1189
 604,  773,  774,  772,  771, 1251, 1252, 1250, 1249
 605,  774,  543,  542,  772, 1252, 1021, 1020, 1250
 606,  713,  775,  773,  712, 1191, 1253, 1251, 1190
 607,  775,  776,  774,  773, 1253, 1254, 1252, 1251
 608,  776,  544,  543,  774, 1254, 1022, 1021, 1252
 609,  714,  777,  775,  713, 1192, 1255, 1253, 1191
 610,  777,  778,  776,  775, 1255, 1256, 1254, 1253
 611,  778,  545,  544,  776, 1256, 1023, 1022, 1254
 612,  715,  779,  777,  714, 1193, 1257, 1255, 1192
 613,  779,  780,  778,  777, 1257, 1258, 1256, 1255
 614,  780,  546,  545,  778, 1258, 1024, 1023, 1256
 615,  716,  781,  779,  715, 1194, 1259, 1257, 1193
 616,  781,  782,  780,  779, 1259, 1260, 1258, 1257
 617,  782,  547,  546,  780, 1260, 1025, 1024, 1258
 618,  717,  783,  781,  716, 1195, 1261, 1259, 1194
 619,  783,  784,  782,  781, 1261, 1262, 1260, 1259
 620,  784,  548,  547,  782, 1262, 1026, 1025, 1260
 621,  718,  785,  783,  717, 1196, 1263, 1261, 1195
 622,  785,  786,  784,  783, 1263, 1264, 1262, 1261
 623,  786,  549,  548,  784, 1264, 1027, 1026, 1262
 624,  700,  701,  785,  718, 1178, 1179, 1263, 1196
 625,  701,  702,  786,  785, 1179, 1180, 1264, 1263
 626,  702,  550,  549,  786, 1180, 1028, 1027, 1264
 627,  790,  798,  572,  571, 1268, 1276, 1050, 1049
 628,  798,  523,  484,  572, 1276, 1001,  962, 1050
 629,  789,  799,  798,  790, 1267, 1277, 1276, 1268
 630,  799,  522,  523,  798, 1277, 1000, 1001, 1276
 631,  787,  788,  799,  789, 1265, 1266, 1277, 1267
 632,  788,  521,  522,  799, 1266,  999, 1000, 1277
 633,  788,  800,  520,  521, 1266, 1278,  998,  999
 634,  800,  801,  519,  520, 1278, 1279,  997,  998
 635,  801,  573,  483,  519, 1279, 1051,  961,  997
 636,  787,  792,  800,  788, 1265, 1270, 1278, 1266
 637,  792,  791,  801,  800, 1270, 1269, 1279, 1278
 638,  791,  574,  573,  801, 1269, 1052, 1051, 1279
 639,  581,  802,  575,  489, 1059, 1280, 1053,  967
 640,  802,  803,  576,  575, 1280, 1281, 1054, 1053
 641,  803,  793,  577,  576, 1281, 1271, 1055, 1054
 642,  490,  804,  802,  581,  968, 1282, 1280, 1059
 643,  804,  805,  803,  802, 1282, 1283, 1281, 1280
 644,  805,  794,  793,  803, 1283, 1272, 1271, 1281
 645,  574,  791,  804,  490, 1052, 1269, 1282,  968
 646,  791,  792,  805,  804, 1269, 1270, 1283, 1282
 647,  792,  787,  794,  805, 1270, 1265, 1272, 1283
 648,  793,  806,  578,  577, 1271, 1284, 1056, 1055
 649,  806,  807,  579,  578, 1284, 1285, 1057, 1056
 650,  807,  808,  580,  579, 1285, 1286, 1058, 1057
 651,  808,  582,  491,  580, 1286, 1060,  969, 1058
 652,  794,  809,  806,  793, 1272, 1287, 1284, 1271
 653,  809,  810,  807,  806, 1287, 1288, 1285, 1284
 654,  810,  811,  808,  807, 1288, 1289, 1286, 1285
 655,  811,  583,  582,  808, 1289, 1061, 1060, 1286
 656,  787,  797,  809,  794, 1265, 1275, 1287, 1272
 657,  797,  796,  810,  809, 1275, 1274, 1288, 1287
 658,  796,  795,  811,  810, 1274, 1273, 1289, 1288
 659,  795,  584,  583,  811, 1273, 1062, 1061, 1289
 660,  795,  812,  585,  584, 1273, 1290, 1063, 1062
 661,  812,  813,  586,  585, 1290, 1291, 1064, 1063
 662,  813,  568,  492,  586, 1291, 1046,  970, 1064
 663,  796,  814,  812,  795, 1274, 1292, 1290, 1273
 664,  814,  815,  813,  812, 1292, 1293, 1291, 1290
 665,  815,  569,  568,  813, 1293, 1047, 1046, 1291
 666,  797,  816,  814,  796, 1275, 1294, 1292, 1274
 667,  816,  817,  815,  814, 1294, 1295, 1293, 1292
 668,  817,  570,  569,  815, 1295, 1048, 1047, 1293
 669,  787,  789,  816,  797, 1265, 1267, 1294, 1275
 670,  789,  790,  817,  816, 1267, 1268, 1295, 1294
 671,  790,  571,  570,  817, 1268, 1049, 1048, 1295
 672,  822,  840,  592,  591, 1300, 1318, 1070, 1069
 673,  840,  841,  593,  592, 1318, 1319, 1071, 1070
 674,  841,  555,  487,  593, 1319, 1033,  965, 1071
 675,  821,  842,  840,  822, 1299, 1320, 1318, 1300
 676,  842,  843,  841,  840, 1320, 1321, 1319, 1318
 677,  843,  554,  555,  841, 1321, 1032, 1033, 1319
 678,  818,  820,  842,  821, 1296, 1298, 1320, 1299
 679,  820,  819,  843,  842, 1298, 1297, 1321, 1320
 680,  819,  553,  554,  843, 1297, 1031, 1032, 1321
 681,  819,  844,  552,  553, 1297, 1322, 1030, 1031
 682,  844,  845,  551,  552, 1322, 1323, 1029, 1030
 683,  845,  594,  486,  551, 1323, 1072,  964, 1029
 684,  820,  846,  844,  819, 1298, 1324, 1322, 1297
 685,  846,  847,  845,  844, 1324, 1325, 1323, 1322
 686,  847,  595,  594,  845, 1325, 1073, 1072, 1323
 687,  818,  824,  846,  820, 1296, 1302, 1324, 1298
 688,  824,  823,  847,  846, 1302, 1301, 1325, 1324
 689,  823,  596,  595,  847, 1301, 1074, 1073, 1325
 690,  823,  848,  597,  596, 1301, 1326, 1075, 1074
 691,  848,  849,  598,  597, 1326, 1327, 1076, 1075
 692,  849,  850,  599,  598, 1327, 1328, 1077, 1076
 693,  850,  851,  600,  599, 1328, 1329, 1078, 1077
 694,  851,  852,  601,  600, 1329, 1330, 1079, 1078
 695,  852,  853,  602,  601, 1330, 1331, 1080, 1079
 696,  853,  854,  603,  602, 1331, 1332, 1081, 1080
 697,  854,  855,  604,  603, 1332, 1333, 1082, 1081
 698,  855,  856,  605,  604, 1333, 1334, 1083, 1082
 699,  856,  857,  606,  605, 1334, 1335, 1084, 1083
 700,  857,  858,  607,  606, 1335, 1336, 1085, 1084
 701,  858,  608,  493,  607, 1336, 1086,  971, 1085
 702,  824,  859,  848,  823, 1302, 1337, 1326, 1301
 703,  859,  860,  849,  848, 1337, 1338, 1327, 1326
 704,  860,  861,  850,  849, 1338, 1339, 1328, 1327
 705,  861,  862,  851,  850, 1339, 1340, 1329, 1328
 706,  862,  863,  852,  851, 1340, 1341, 1330, 1329
 707,  863,  864,  853,  852, 1341, 1342, 1331, 1330
 708,  864,  865,  854,  853, 1342, 1343, 1332, 1331
 709,  865,  866,  855,  854, 1343, 1344, 1333, 1332
 710,  866,  867,  856,  855, 1344, 1345, 1334, 1333
 711,  867,  868,  857,  856, 1345, 1346, 1335, 1334
 712,  868,  869,  858,  857, 1346, 1347, 1336, 1335
 713,  869,  609,  608,  858, 1347, 1087, 1086, 1336
 714,  818,  835,  859,  824, 1296, 1313, 1337, 1302
 715,  835,  834,  860,  859, 1313, 1312, 1338, 1337
 716,  834,  833,  861,  860, 1312, 1311, 1339, 1338
 717,  833,  832,  862,  861, 1311, 1310, 1340, 1339
 718,  832,  831,  863,  862, 1310, 1309, 1341, 1340
 719,  831,  830,  864,  863, 1309, 1308, 1342, 1341
 720,  830,  829,  865,  864, 1308, 1307, 1343, 1342
 721,  829,  828,  866,  865, 1307, 1306, 1344, 1343
 722,  828,  827,  867,  866, 1306, 1305, 1345, 1344
 723,  827,  826,  868,  867, 1305, 1304, 1346, 1345
 724,  826,  825,  869,  868, 1304, 1303, 1347, 1346
 725,  825,  610,  609,  869, 1303, 1088, 1087, 1347
 726,  825,  870,  611,  610, 1303, 1348, 1089, 1088
 727,  870,  871,  612,  611, 1348, 1349, 1090, 1089
 728,  871,  872,  613,  612, 1349, 1350, 1091, 1090
 729,  872,  873,  614,  613, 1350, 1351, 1092, 1091
 730,  873,  615,  494,  614, 1351, 1093,  972, 1092
 731,  826,  874,  870,  825, 1304, 1352, 1348, 1303
 732,  874,  875,  871,  870, 1352, 1353, 1349, 1348
 733,  875,  876,  872,  871, 1353, 1354, 1350, 1349
 734,  876,  877,  873,  872, 1354, 1355, 1351, 1350
 735,  877,  616,  615,  873, 1355, 1094, 1093, 1351
 736,  827,  878,  874,  826, 1305, 1356, 1352, 1304
 737,  878,  879,  875,  874, 1356, 1357, 1353, 1352
 738,  879,  880,  876,  875, 1357, 1358, 1354, 1353
 739,  880,  881,  877,  876, 1358, 1359, 1355, 1354
 740,  881,  617,  616,  877, 1359, 1095, 1094, 1355
 741,  828,  882,  878,  827, 1306, 1360, 1356, 1305
 742,  882,  883,  879,  878, 1360, 1361, 1357, 1356
 743,  883,  884,  880,  879, 1361, 1362, 1358, 1357
 744,  884,  885,  881,  880, 1362, 1363, 1359, 1358
 745,  885,  618,  617,  881, 1363, 1096, 1095, 1359
 746,  829,  886,  882,  828, 1307, 1364, 1360, 1306
 747,  886,  887,  883,  882, 1364, 1365, 1361, 1360
 748,  887,  888,  884,  883, 1365, 1366, 1362, 1361
 749,  888,  889,  885,  884, 1366, 1367, 1363, 1362
 750,  889,  619,  618,  885, 1367, 1097, 1096, 1363
 751,  830,  890,  886,  829, 1308, 1368, 1364, 1307
 752,  890,  891,  887,  886, 1368, 1369, 1365, 1364
 753,  891,  892,  888,  887, 1369, 1370, 1366, 1365
 754,  892,  893,  889,  888, 1370, 1371, 1367, 1366
 755,  893,  620,  619,  889, 1371, 1098, 1097, 1367
 756,  831,  894,  890,  830, 1309, 1372, 1368, 1308
 757,  894,  895,  891,  890, 1372, 1373, 1369, 1368
 758,  895,  896,  892,  891, 1373, 1374, 1370, 1369
 759,  896,  897,  893,  892, 1374, 1375, 1371, 1370
 760,  897,  621,  620,  893, 1375, 1099, 1098, 1371
 761,  832,  898,  894,  831, 1310, 1376, 1372, 1309
 762,  898,  899,  895,  894, 1376, 1377, 1373, 1372
 763,  899,  900,  896,  895, 1377, 1378, 1374, 1373
 764,  900,  901,  897,  896, 1378, 1379, 1375, 1374
 765,  901,  491,  621,  897, 1379,  969, 1099, 1375
 766,  833,  902,  898,  832, 1311, 1380, 1376, 1310
 767,  902,  903,  899,  898, 1380, 1381, 1377, 1376
 768,  903,  904,  900,  899, 1381, 1382, 1378, 1377
 769,  904,  905,  901,  900, 1382, 1383, 1379, 1378
 770,  905,  580,  491,  901, 1383, 1058,  969, 1379
 771,  834,  906,  902,  833, 1312, 1384, 1380, 1311
 772,  906,  907,  903,  902, 1384, 1385, 1381, 1380
 773,  907,  908,  904,  903, 1385, 1386, 1382, 1381
 774,  908,  909,  905,  904, 1386, 1387, 1383, 1382
 775,  909,  579,  580,  905, 1387, 1057, 1058, 1383
 776,  835,  910,  906,  834, 1313, 1388, 1384, 1312
 777,  910,  911,  907,  906, 1388, 1389, 1385, 1384
 778,  911,  912,  908,  907, 1389, 1390, 1386, 1385
 779,  912,  913,  909,  908, 1390, 1391, 1387, 1386
 780,  913,  578,  579,  909, 1391, 1056, 1057, 1387
 781,  818,  839,  910,  835, 1296, 1317, 1388, 1313
 782,  839,  838,  911,  910, 1317, 1316, 1389, 1388
 783,  838,  837,  912,  911, 1316, 1315, 1390, 1389
 784,  837,  836,  913,  912, 1315, 1314, 1391, 1390
 785,  836,  577,  578,  913, 1314, 1055, 1056, 1391
 786,  836,  914,  576,  577, 1314, 1392, 1054, 1055
 787,  914,  915,  575,  576, 1392, 1393, 1053, 1054
 788,  915,  587,  489,  575, 1393, 1065,  967, 1053
 789,  837,  916,  914,  836, 1315, 1394, 1392, 1314
 790,  916,  917,  915,  914, 1394, 1395, 1393, 1392
 791,  917,  588,  587,  915, 1395, 1066, 1065, 1393
 792,  838,  918,  916,  837, 1316, 1396, 1394, 1315
 793,  918,  919,  917,  916, 1396, 1397, 1395, 1394
 794,  919,  589,  588,  917, 1397, 1067, 1066, 1395
 795,  839,  920,  918,  838, 1317, 1398, 1396, 1316
 796,  920,  921,  919,  918, 1398, 1399, 1397, 1396
 797,  921,  590,  589,  919, 1399, 1068, 1067, 1397
 798,  818,  821,  920,  839, 1296, 1299, 1398, 1317
 799,  821,  822,  921,  920, 1299, 1300, 1399, 1398
 800,  822,  591,  590,  921, 1300, 1069, 1068, 1399
 801,  633,  922,  586,  492, 1111, 1400, 1064,  970
 802,  922,  923,  585,  586, 1400, 1401, 1063, 1064
 803,  923,  924,  584,  585, 1401, 1402, 1062, 1063
 804,  924,  925,  583,  584, 1402, 1403, 1061, 1062
 805,  925,  926,  582,  583, 1403, 1404, 1060, 1061
 806,  926,  621,  491,  582, 1404, 1099,  969, 1060
 807,  632,  927,  922,  633, 1110, 1405, 1400, 1111
 808,  927,  928,  923,  922, 1405, 1406, 1401, 1400
 809,  928,  929,  924,  923, 1406, 1407, 1402, 1401
 810,  929,  930,  925,  924, 1407, 1408, 1403, 1402
 811,  930,  931,  926,  925, 1408, 1409, 1404, 1403
 812,  931,  620,  621,  926, 1409, 1098, 1099, 1404
 813,  631,  932,  927,  632, 1109, 1410, 1405, 1110
 814,  932,  933,  928,  927, 1410, 1411, 1406, 1405
 815,  933,  934,  929,  928, 1411, 1412, 1407, 1406
 816,  934,  935,  930,  929, 1412, 1413, 1408, 1407
 817,  935,  936,  931,  930, 1413, 1414, 1409, 1408
 818,  936,  619,  620,  931, 1414, 1097, 1098, 1409
 819,  630,  937,  932,  631, 1108, 1415, 1410, 1109
 820,  937,  938,  933,  932, 1415, 1416, 1411, 1410
 821,  938,  939,  934,  933, 1416, 1417, 1412, 1411
 822,  939,  940,  935,  934, 1417, 1418, 1413, 1412
 823,  940,  941,  936,  935, 1418, 1419, 1414, 1413
 824,  941,  618,  619,  936, 1419, 1096, 1097, 1414
 825,  629,  942,  937,  630, 1107, 1420, 1415, 1108
 826,  942,  943,  938,  937, 1420, 1421, 1416, 1415
 827,  943,  944,  939,  938, 1421, 1422, 1417, 1416
 828,  944,  945,  940,  939, 1422, 1423, 1418, 1417
 829,  945,  946,  941,  940, 1423, 1424, 1419, 1418
 830,  946,  617,  618,  941, 1424, 1095, 1096, 1419
 831,  628,  947,  942,  629, 1106, 1425, 1420, 1107
 832,  947,  948,  943,  942, 1425, 1426, 1421, 1420
 833,  948,  949,  944,  943, 1426, 1427, 1422, 1421
 834,  949,  950,  945,  944, 1427, 1428, 1423, 1422
 835,  950,  951,  946,  945, 1428, 1429, 1424, 1423
 836,  951,  616,  617,  946, 1429, 1094, 1095, 1424
 837,  627,  952,  947,  628, 1105, 1430, 1425, 1106
 838,  952,  953,  948,  947, 1430, 1431, 1426, 1425
 839,  953,  954,  949,  948, 1431, 1432, 1427, 1426
 840,  954,  955,  950,  949, 1432, 1433, 1428, 1427
 841,  955,  956,  951,  950, 1433, 1434, 1429, 1428
 842,  956,  615,  616,  951, 1434, 1093, 1094, 1429
 843,  495,  626,  952,  627,  973, 1104, 1430, 1105
 844,  626,  625,  953,  952, 1104, 1103, 1431, 1430
 845,  625,  624,  954,  953, 1103, 1102, 1432, 1431
 846,  624,  623,  955,  954, 1102, 1101, 1433, 1432
 847,  623,  622,  956,  955, 1101, 1100, 1434, 1433
 848,  622,  494,  615,  956, 1100,  972, 1093, 1434
 849,  991, 1112,  974,  957, 1469, 1590, 1452, 1435
 850, 1112, 1113,  975,  974, 1590, 1591, 1453, 1452
 851, 1113, 1114,  976,  975, 1591, 1592, 1454, 1453
 852, 1114, 1115,  977,  976, 1592, 1593, 1455, 1454
 853, 1115, 1116,  978,  977, 1593, 1594, 1456, 1455
 854, 1116,  979,  958,  978, 1594, 1457, 1436, 1456
 855,  990, 1117, 1112,  991, 1468, 1595, 1590, 1469
 856, 1117, 1118, 1113, 1112, 1595, 1596, 1591, 1590
 857, 1118, 1119, 1114, 1113, 1596, 1597, 1592, 1591
 858, 1119, 1120, 1115, 1114, 1597, 1598, 1593, 1592
 859, 1120, 1121, 1116, 1115, 1598, 1599, 1594, 1593
 860, 1121,  980,  979, 1116, 1599, 1458, 1457, 1594
 861,  989, 1122, 1117,  990, 1467, 1600, 1595, 1468
 862, 1122, 1123, 1118, 1117, 1600, 1601, 1596, 1595
 863, 1123, 1124, 1119, 1118, 1601, 1602, 1597, 1596
 864, 1124, 1125, 1120, 1119, 1602, 1603, 1598, 1597
 865, 1125, 1126, 1121, 1120, 1603, 1604, 1599, 1598
 866, 1126,  981,  980, 1121, 1604, 1459, 1458, 1599
 867,  988, 1127, 1122,  989, 1466, 1605, 1600, 1467
 868, 1127, 1128, 1123, 1122, 1605, 1606, 1601, 1600
 869, 1128, 1129, 1124, 1123, 1606, 1607, 1602, 1601
 870, 1129, 1130, 1125, 1124, 1607, 1608, 1603, 1602
 871, 1130, 1131, 1126, 1125, 1608, 1609, 1604, 1603
 872, 1131,  982,  981, 1126, 1609, 1460, 1459, 1604
 873,  960,  987, 1127,  988, 1438, 1465, 1605, 1466
 874,  987,  986, 1128, 1127, 1465, 1464, 1606, 1605
 875,  986,  985, 1129, 1128, 1464, 1463, 1607, 1606
 876,  985,  984, 1130, 1129, 1463, 1462, 1608, 1607
 877,  984,  983, 1131, 1130, 1462, 1461, 1609, 1608
 878,  983,  959,  982, 1131, 1461, 1437, 1460, 1609
 879, 1136, 1146,  995,  994, 1614, 1624, 1473, 1472
 880, 1146, 1147,  996,  995, 1624, 1625, 1474, 1473
 881, 1147,  997,  961,  996, 1625, 1475, 1439, 1474
 882, 1135, 1148, 1146, 1136, 1613, 1626, 1624, 1614
 883, 1148, 1149, 1147, 1146, 1626, 1627, 1625, 1624
 884, 1149,  998,  997, 1147, 1627, 1476, 1475, 1625
 885, 1132, 1134, 1148, 1135, 1610, 1612, 1626, 1613
 886, 1134, 1133, 1149, 1148, 1612, 1611, 1627, 1626
 887, 1133,  999,  998, 1149, 1611, 1477, 1476, 1627
 888, 1133, 1150, 1000,  999, 1611, 1628, 1478, 1477
 889, 1150, 1151, 1001, 1000, 1628, 1629, 1479, 1478
 890, 1151, 1002,  962, 1001, 1629, 1480, 1440, 1479
 891, 1134, 1152, 1150, 1133, 1612, 1630, 1628, 1611
 892, 1152, 1153, 1151, 1150, 1630, 1631, 1629, 1628
 893, 1153, 1003, 1002, 1151, 1631, 1481, 1480, 1629
 894, 1132, 1138, 1152, 1134, 1610, 1616, 1630, 1612
 895, 1138, 1137, 1153, 1152, 1616, 1615, 1631, 1630
 896, 1137, 1004, 1003, 1153, 1615, 1482, 1481, 1631
 897, 1137, 1154, 1005, 1004, 1615, 1632, 1483, 1482
 898, 1154, 1155, 1006, 1005, 1632, 1633, 1484, 1483
 899, 1155, 1156, 1007, 1006, 1633, 1634, 1485, 1484
 900, 1156, 1157, 1008, 1007, 1634, 1635, 1486, 1485
 901, 1157, 1158, 1009, 1008, 1635, 1636, 1487, 1486
 902, 1158,  978,  958, 1009, 1636, 1456, 1436, 1487
 903, 1138, 1159, 1154, 1137, 1616, 1637, 1632, 1615
 904, 1159, 1160, 1155, 1154, 1637, 1638, 1633, 1632
 905, 1160, 1161, 1156, 1155, 1638, 1639, 1634, 1633
 906, 1161, 1162, 1157, 1156, 1639, 1640, 1635, 1634
 907, 1162, 1163, 1158, 1157, 1640, 1641, 1636, 1635
 908, 1163,  977,  978, 1158, 1641, 1455, 1456, 1636
 909, 1132, 1143, 1159, 1138, 1610, 1621, 1637, 1616
 910, 1143, 1142, 1160, 1159, 1621, 1620, 1638, 1637
 911, 1142, 1141, 1161, 1160, 1620, 1619, 1639, 1638
 912, 1141, 1140, 1162, 1161, 1619, 1618, 1640, 1639
 913, 1140, 1139, 1163, 1162, 1618, 1617, 1641, 1640
 914, 1139,  976,  977, 1163, 1617, 1454, 1455, 1641
 915, 1139, 1164,  975,  976, 1617, 1642, 1453, 1454
 916, 1164, 1165,  974,  975, 1642, 1643, 1452, 1453
 917, 1165, 1010,  957,  974, 1643, 1488, 1435, 1452
 918, 1140, 1166, 1164, 1139, 1618, 1644, 1642, 1617
 919, 1166, 1167, 1165, 1164, 1644, 1645, 1643, 1642
 920, 1167, 1011, 1010, 1165, 1645, 1489, 1488, 1643
 921, 1141, 1168, 1166, 1140, 1619, 1646, 1644, 1618
 922, 1168, 1169, 1167, 1166, 1646, 1647, 1645, 1644
 923, 1169, 1012, 1011, 1167, 1647, 1490, 1489, 1645
 924, 1142, 1170, 1168, 1141, 1620, 1648, 1646, 1619
 925, 1170, 1171, 1169, 1168, 1648, 1649, 1647, 1646
 926, 1171, 1013, 1012, 1169, 1649, 1491, 1490, 1647
 927, 1143, 1172, 1170, 1142, 1621, 1650, 1648, 1620
 928, 1172, 1173, 1171, 1170, 1650, 1651, 1649, 1648
 929, 1173, 1014, 1013, 1171, 1651, 1492, 1491, 1649
 930, 1132, 1145, 1172, 1143, 1610, 1623, 1650, 1621
 931, 1145, 1144, 1173, 1172, 1623, 1622, 1651, 1650
 932, 1144, 1015, 1014, 1173, 1622, 1493, 1492, 1651
 933, 1144, 1174, 1016, 1015, 1622, 1652, 1494, 1493
 934, 1174, 1175, 1017, 1016, 1652, 1653, 1495, 1494
 935, 1175,  992,  963, 1017, 1653, 1470, 1441, 1495
 936, 1145, 1176, 1174, 1144, 1623, 1654, 1652, 1622
 937, 1176, 1177, 1175, 1174, 1654, 1655, 1653, 1652
 938, 1177,  993,  992, 1175, 1655, 1471, 1470, 1653
 939, 1132, 1135, 1176, 1145, 1610, 1613, 1654, 1623
 940, 1135, 1136, 1177, 1176, 1613, 1614, 1655, 1654
 941, 1136,  994,  993, 1177, 1614, 1472, 1471, 1655
 942, 1180, 1029,  964, 1028, 1658, 1507, 1442, 1506
 943, 1179, 1030, 1029, 1180, 1657, 1508, 1507, 1658
 944, 1178, 1031, 1030, 1179, 1656, 1509, 1508, 1657
 945, 1178, 1182, 1032, 1031, 1656, 1660, 1510, 1509
 946, 1182, 1181, 1033, 1032, 1660, 1659, 1511, 1510
 947, 1181, 1034,  965, 1033, 1659, 1512, 1443, 1511
 948, 1181, 1197, 1035, 1034, 1659, 1675, 1513, 1512
 949, 1197, 1198, 1036, 1035, 1675, 1676, 1514, 1513
 950, 1198, 1199, 1037, 1036, 1676, 1677, 1515, 1514
 951, 1199, 1200, 1038, 1037, 1677, 1678, 1516, 1515
 952, 1200, 1017,  963, 1038, 1678, 1495, 1441, 1516
 953, 1182, 1201, 1197, 1181, 1660, 1679, 1675, 1659
 954, 1201, 1202, 1198, 1197, 1679, 1680, 1676, 1675
 955, 1202, 1203, 1199, 1198, 1680, 1681, 1677, 1676
 956, 1203, 1204, 1200, 1199, 1681, 1682, 1678, 1677
 957, 1204, 1016, 1017, 1200, 1682, 1494, 1495, 1678
 958, 1178, 1186, 1201, 1182, 1656, 1664, 1679, 1660
 959, 1186, 1185, 1202, 1201, 1664, 1663, 1680, 1679
 960, 1185, 1184, 1203, 1202, 1663, 1662, 1681, 1680
 961, 1184, 1183, 1204, 1203, 1662, 1661, 1682, 1681
 962, 1183, 1015, 1016, 1204, 1661, 1493, 1494, 1682
 963,  988, 1205, 1039,  960, 1466, 1683, 1517, 1438
 964, 1205, 1206, 1040, 1039, 1683, 1684, 1518, 1517
 965, 1206, 1207, 1041, 1040, 1684, 1685, 1519, 1518
 966, 1207, 1208, 1042, 1041, 1685, 1686, 1520, 1519
 967, 1208, 1187, 1043, 1042, 1686, 1665, 1521, 1520
 968,  989, 1209, 1205,  988, 1467, 1687, 1683, 1466
 969, 1209, 1210, 1206, 1205, 1687, 1688, 1684, 1683
 970, 1210, 1211, 1207, 1206, 1688, 1689, 1685, 1684
 971, 1211, 1212, 1208, 1207, 1689, 1690, 1686, 1685
 972, 1212, 1188, 1187, 1208, 1690, 1666, 1665, 1686
 973,  990, 1213, 1209,  989, 1468, 1691, 1687, 1467
 974, 1213, 1214, 1210, 1209, 1691, 1692, 1688, 1687
 975, 1214, 1215, 1211, 1210, 1692, 1693, 1689, 1688
 976, 1215, 1216, 1212, 1211, 1693, 1694, 1690, 1689
 977, 1216, 1189, 1188, 1212, 1694, 1667, 1666, 1690
 978,  991, 1217, 1213,  990, 1469, 1695, 1691, 1468
 979, 1217, 1218, 1214, 1213, 1695, 1696, 1692, 1691
 980, 1218, 1219, 1215, 1214, 1696, 1697, 1693, 1692
 981, 1219, 1220, 1216, 1215, 1697, 1698, 1694, 1693
 982, 1220, 1190, 1189, 1216, 1698, 1668, 1667, 1694
 983,  957, 1221, 1217,  991, 1435, 1699, 1695, 1469
 984, 1221, 1222, 1218, 1217, 1699, 1700, 1696, 1695
 985, 1222, 1223, 1219, 1218, 1700, 1701, 1697, 1696
 986, 1223, 1224, 1220, 1219, 1701, 1702, 1698, 1697
 987, 1224, 1191, 1190, 1220, 1702, 1669, 1668, 1698
 988, 1010, 1225, 1221,  957, 1488, 1703, 1699, 1435
 989, 1225, 1226, 1222, 1221, 1703, 1704, 1700, 1699
 990, 1226, 1227, 1223, 1222, 1704, 1705, 1701, 1700
 991, 1227, 1228, 1224, 1223, 1705, 1706, 1702, 1701
 992, 1228, 1192, 1191, 1224, 1706, 1670, 1669, 1702
 993, 1011, 1229, 1225, 1010, 1489, 1707, 1703, 1488
 994, 1229, 1230, 1226, 1225, 1707, 1708, 1704, 1703
 995, 1230, 1231, 1227, 1226, 1708, 1709, 1705, 1704
 996, 1231, 1232, 1228, 1227, 1709, 1710, 1706, 1705
 997, 1232, 1193, 1192, 1228, 1710, 1671, 1670, 1706
 998, 1012, 1233, 1229, 1011, 1490, 1711, 1707, 1489
 999, 1233, 1234, 1230, 1229, 1711, 1712, 1708, 1707
1000, 1234, 1235, 1231, 1230, 1712, 1713, 1709, 1708
1001, 1235, 1236, 1232, 1231, 1713, 1714, 1710, 1709
1002, 1236, 1194, 1193, 1232, 1714, 1672, 1671, 1710
1003, 1013, 1237, 1233, 1012, 1491, 1715, 1711, 1490
1004, 1237, 1238, 1234, 1233, 1715, 1716, 1712, 1711
1005, 1238, 1239, 1235, 1234, 1716, 1717, 1713, 1712
1006, 1239, 1240, 1236, 1235, 1717, 1718, 1714, 1713
1007, 1240, 1195, 1194, 1236, 1718, 1673, 1672, 1714
1008, 1014, 1241, 1237, 1013, 1492, 1719, 1715, 1491
1009, 1241, 1242, 1238, 1237, 1719, 1720, 1716, 1715
1010, 1242, 1243, 1239, 1238, 1720, 1721, 1717, 1716
1011, 1243, 1244, 1240, 1239, 1721, 1722, 1718, 1717
1012, 1244, 1196, 1195, 1240, 1722, 1674, 1673, 1718
1013, 1015, 1183, 1241, 1014, 1493, 1661, 1719, 1492
1014, 1183, 1184, 1242, 1241, 1661, 1662, 1720, 1719
1015, 1184, 1185, 1243, 1242, 1662, 1663, 1721, 1720
1016, 1185, 1186, 1244, 1243, 1663, 1664, 1722, 1721
1017, 1186, 1178, 1196, 1244, 1664, 1656, 1674, 1722
1018, 1187, 1245, 1044, 1043, 1665, 1723, 1522, 1521
1019, 1245, 1246, 1045, 1044, 1723, 1724, 1523, 1522
1020, 1246, 1018,  966, 1045, 1724, 1496, 1444, 1523
1021, 1188, 1247, 1245, 1187, 1666, 1725, 1723, 1665
1022, 1247, 1248, 1246, 1245, 1725, 1726, 1724, 1723
1023, 1248, 1019, 1018, 1246, 1726, 1497, 1496, 1724
1024, 1189, 1249, 1247, 1188, 1667, 1727, 1725, 1666
1025, 1249, 1250, 1248, 1247, 1727, 1728, 1726, 1725
1026, 1250, 1020, 1019, 1248, 1728, 1498, 1497, 1726
1027, 1190, 1251, 1249, 1189, 1668, 1729, 1727, 1667
1028, 1251, 1252, 1250, 1249, 1729, 1730, 1728, 1727
1029, 1252, 1021, 1020, 1250, 1730, 1499, 1498, 1728
1030, 1191, 1253, 1251, 1190, 1669, 1731, 1729, 1668
1031, 1253, 1254, 1252, 1251, 1731, 1732, 1730, 1729
1032, 1254, 1022, 1021, 1252, 1732, 1500, 1499, 1730
1033, 1192, 1255, 1253, 1191, 1670, 1733, 1731, 1669
1034, 1255, 1256, 1254, 1253, 1733, 1734, 1732, 1731
1035, 1256, 1023, 1022, 1254, 1734, 1501, 1500, 1732
1036, 1193, 1257, 1255, 1192, 1671, 1735, 1733, 1670
1037, 1257, 1258, 1256, 1255, 1735, 1736, 1734, 1733
1038, 1258, 1024, 1023, 1256, 1736, 1502, 1501, 1734
1039, 1194, 1259, 1257, 1193, 1672, 1737, 1735, 1671
1040, 1259, 1260, 1258, 1257, 1737, 1738, 1736, 1735
1041, 1260, 1025, 1024, 1258, 1738, 1503, 1502, 1736
1042, 1195, 1261, 1259, 1194, 1673, 1739, 1737, 1672
1043, 1261, 1262, 1260, 1259, 1739, 1740, 1738, 1737
1044, 1262, 1026, 1025, 1260, 1740, 1504, 1503, 1738
1045, 1196, 1263, 1261, 1195, 1674, 1741, 1739, 1673
1046, 1263, 1264, 1262, 1261, 1741, 1742, 1740, 1739
1047, 1264, 1027, 1026, 1262, 1742, 1505, 1504, 1740
1048, 1178, 1179, 1263, 1196, 1656, 1657, 1741, 1674
1049, 1179, 1180, 1264, 1263, 1657, 1658, 1742, 1741
1050, 1180, 1028, 1027, 1264, 1658, 1506, 1505, 1742
1051, 1268, 1276, 1050, 1049, 1746, 1754, 1528, 1527
1052, 1276, 1001,  962, 1050, 1754, 1479, 1440, 1528
1053, 1267, 1277, 1276, 1268, 1745, 1755, 1754, 1746
1054, 1277, 1000, 1001, 1276, 1755, 1478, 1479, 1754
1055, 1265, 1266, 1277, 1267, 1743, 1744, 1755, 1745
1056, 1266,  999, 1000, 1277, 1744, 1477, 1478, 1755
1057, 1266, 1278,  998,  999, 1744, 1756, 1476, 1477
1058, 1278, 1279,  997,  998, 1756, 1757, 1475, 1476
1059, 1279, 1051,  961,  997, 1757, 1529, 1439, 1475
1060, 1265, 1270, 1278, 1266, 1743, 1748, 1756, 1744
1061, 1270, 1269, 1279, 1278, 1748, 1747, 1757, 1756
1062, 1269, 1052, 1051, 1279, 1747, 1530, 1529, 1757
1063, 1059, 1280, 1053,  967, 1537, 1758, 1531, 1445
1064, 1280, 1281, 1054, 1053, 1758, 1759, 1532, 1531
1065, 1281, 1271, 1055, 1054, 1759, 1749, 1533, 1532
1066,  968, 1282, 1280, 1059, 1446, 1760, 1758, 1537
1067, 1282, 1283, 1281, 1280, 1760, 1761, 1759, 1758
1068, 1283, 1272, 1271, 1281, 1761, 1750, 1749, 1759
1069, 1052, 1269, 1282,  968, 1530, 1747, 1760, 1446
1070, 1269, 1270, 1283, 1282, 1747, 1748, 1761, 1760
1071, 1270, 1265, 1272, 1283, 1748, 1743, 1750, 1761
1072, 1271, 1284, 1056, 1055, 1749, 1762, 1534, 1533
1073, 1284, 1285, 1057, 1056, 1762, 1763, 1535, 1534
1074, 1285, 1286, 1058, 1057, 1763, 1764, 1536, 1535
1075, 1286, 1060,  969, 1058, 1764, 1538, 1447, 1536
1076, 1272, 1287, 1284, 1271, 1750, 1765, 1762, 1749
1077, 1287, 1288, 1285, 1284, 1765, 1766, 1763, 1762
1078, 1288, 1289, 1286, 1285, 1766, 1767, 1764, 1763
1079, 1289, 1061, 1060, 1286, 1767, 1539, 1538, 1764
1080, 1265, 1275, 1287, 1272, 1743, 1753, 1765, 1750
1081, 1275, 1274, 1288, 1287, 1753, 1752, 1766, 1765
1082, 1274, 1273, 1289, 1288, 1752, 1751, 1767, 1766
1083, 1273, 1062, 1061, 1289, 1751, 1540, 1539, 1767
1084, 1273, 1290, 1063, 1062, 1751, 1768, 1541, 1540
1085, 1290, 1291, 1064, 1063, 1768, 1769, 1542, 1541
1086, 1291, 1046,  970, 1064, 1769, 1524, 1448, 1542
1087, 1274, 1292, 1290, 1273, 1752, 1770, 1768, 1751
1088, 1292, 1293, 1291, 1290, 1770, 1771, 1769, 1768
1089, 1293, 1047, 1046, 1291, 1771, 1525, 1524, 1769
1090, 1275, 1294, 1292, 1274, 1753, 1772, 1770, 1752
1091, 1294, 1295, 1293, 1292, 1772, 1773, 1771, 1770
1092, 1295, 1048, 1047, 1293, 1773, 1526, 1525, 1771
1093, 1265, 1267, 1294, 1275, 1743, 1745, 1772, 1753
1094, 1267, 1268, 1295, 1294, 1745, 1746, 1773, 1772
1095, 1268, 1049, 1048, 1295, 1746, 1527, 1526, 1773
1096, 1300, 1318, 1070, 1069, 1778, 1796, 1548, 1547
1097, 1318, 1319, 1071, 1070, 1796, 1797, 1549, 1548
1098, 1319, 1033,  965, 1071, 1797, 1511, 1443, 1549
1099, 1299, 1320, 1318, 1300, 1777, 1798, 1796, 1778
1100, 1320, 1321, 1319, 1318, 1798, 1799, 1797, 1796
1101, 1321, 1032, 1033, 1319, 1799, 1510, 1511, 1797
1102, 1296, 1298, 1320, 1299, 1774, 1776, 1798, 1777
1103, 1298, 1297, 1321, 1320, 1776, 1775, 1799, 1798
1104, 1297, 1031, 1032, 1321, 1775, 1509, 1510, 1799
1105, 1297, 1322, 1030, 1031, 1775, 1800, 1508, 1509
1106, 1322, 1323, 1029, 1030, 1800, 1801, 1507, 1508
1107, 1323, 1072,  964, 1029, 1801, 1550, 1442, 1507
1108, 1298, 1324, 1322, 1297, 1776, 1802, 1800, 1775
1109, 1324, 1325, 1323, 1322, 1802, 1803, 1801, 1800
1110, 1325, 1073, 1072, 1323, 1803, 1551, 1550, 1801
1111, 1296, 1302, 1324, 1298, 1774, 1780, 1802, 1776
1112, 1302, 1301, 1325, 1324, 1780, 1779, 1803, 1802
1113, 1301, 1074, 1073, 1325, 1779, 1552, 1551, 1803
1114, 1301, 1326, 1075, 1074, 1779, 1804, 1553, 1552
1115, 1326, 1327, 1076, 1075, 1804, 1805, 1554, 1553
1116, 1327, 1328, 1077, 1076, 1805, 1806, 1555, 1554
1117, 1328, 1329, 1078, 1077, 1806, 1807, 1556, 1555
1118, 1329, 1330, 1079, 1078, 1807, 1808, 1557, 1556
1119, 1330, 1331, 1080, 1079, 1808, 1809, 1558, 1557
1120, 1331, 1332, 1081, 1080, 1809, 1810, 1559, 1558
1121, 1332, 1333, 1082, 1081, 1810, 1811, 1560, 1559
1122, 1333, 1334, 1083, 1082, 1811, 1812, 1561, 1560
1123, 1334, 1335, 1084, 1083, 1812, 1813, 1562, 1561
1124, 1335, 1336, 1085, 1084, 1813, 1814, 1563, 1562
1125, 1336, 1086,  971, 1085, 1814, 1564, 1449, 1563
1126, 1302, 1337, 1326, 1301, 1780, 1815, 1804, 1779
1127, 1337, 1338, 1327, 1326, 1815, 1816, 1805, 1804
1128, 1338, 1339, 1328, 1327, 1816, 1817, 1806, 1805
1129, 1339, 1340, 1329, 1328, 1817, 1818, 1807, 1806
1130, 1340, 1341, 1330, 1329, 1818, 1819, 1808, 1807
1131, 1341, 1342, 1331, 1330, 1819, 1820, 1809, 1808
1132, 1342, 1343, 1332, 1331, 1820, 1821, 1810, 1809
1133, 1343, 1344, 1333, 1332, 1821, 1822, 1811, 1810
1134, 1344, 1345, 1334, 1333, 1822, 1823, 1812, 1811
1135, 1345, 1346, 1335, 1334, 1823, 1824, 1813, 1812
1136, 1346, 1347, 1336, 1335, 1824, 1825, 1814, 1813
1137, 1347, 1087, 1086, 1336, 1825, 1565, 1564, 1814
1138, 1296, 1313, 1337, 1302, 1774, 1791, 1815, 1780
1139, 1313, 1312, 1338, 1337, 1791, 1790, 1816, 1815
1140, 1312, 1311, 1339, 1338, 1790, 1789, 1817, 1816
1141, 1311, 1310, 1340, 1339, 1789, 1788, 1818, 1817
1142, 1310, 1309, 1341, 1340, 1788, 1787, 1819, 1818
1143, 1309, 1308, 1342, 1341, 1787, 1786, 1820, 1819
1144, 1308, 1307, 1343, 1342, 1786, 1785, 1821, 1820
1145, 1307, 1306, 1344, 1343, 1785, 1784, 1822, 1821
1146, 1306, 1305, 1345, 1344, 1784, 1783, 1823, 1822
1147, 1305, 1304, 1346, 1345, 1783, 1782, 1824, 1823
1148, 1304, 1303, 1347, 1346, 1782, 1781, 1825, 1824
1149, 1303, 1088, 1087, 1347, 1781, 1566, 1565, 1825
1150, 1303, 1348, 1089, 1088, 1781, 1826, 1567, 1566
1151, 1348, 1349, 1090, 1089, 1826, 1827, 1568, 1567
1152, 1349, 1350, 1091, 1090, 1827, 1828, 1569, 1568
1153, 1350, 1351, 1092, 1091, 1828, 1829, 1570, 1569
1154, 1351, 1093,  972, 1092, 1829, 1571, 1450, 1570
1155, 1304, 1352, 1348, 1303, 1782, 1830, 1826, 1781
1156, 1352, 1353, 1349, 1348, 1830, 1831, 1827, 1826
1157, 1353, 1354, 1350, 1349, 1831, 1832, 1828, 1827
1158, 1354, 1355, 1351, 1350, 1832, 1833, 1829, 1828
1159, 1355, 1094, 1093, 1351, 1833, 1572, 1571, 1829
1160, 1305, 1356, 1352, 1304, 1783, 1834, 1830, 1782
1161, 1356, 1357, 1353, 1352, 1834, 1835, 1831, 1830
1162, 1357, 1358, 1354, 1353, 1835, 1836, 1832, 1831
1163, 1358, 1359, 1355, 1354, 1836, 1837, 1833, 1832
1164, 1359, 1095, 1094, 1355, 1837, 1573, 1572, 1833
1165, 1306, 1360, 1356, 1305, 1784, 1838, 1834, 1783
1166, 1360, 1361, 1357, 1356, 1838, 1839, 1835, 1834
1167, 1361, 1362, 1358, 1357, 1839, 1840, 1836, 1835
1168, 1362, 1363, 1359, 1358, 1840, 1841, 1837, 1836
1169, 1363, 1096, 1095, 1359, 1841, 1574, 1573, 1837
1170, 1307, 1364, 1360, 1306, 1785, 1842, 1838, 1784
1171, 1364, 1365, 1361, 1360, 1842, 1843, 1839, 1838
1172, 1365, 1366, 1362, 1361, 1843, 1844, 1840, 1839
1173, 1366, 1367, 1363, 1362, 1844, 1845, 1841, 1840
1174, 1367, 1097, 1096, 1363, 1845, 1575, 1574, 1841
1175, 1308, 1368, 1364, 1307, 1786, 1846, 1842, 1785
1176, 1368, 1369, 1365, 1364, 1846, 1847, 1843, 1842
1177, 1369, 1370, 1366, 1365, 1847, 1848, 1844, 1843
1178, 1370, 1371, 1367, 1366, 1848, 1849, 1845, 1844
1179, 1371, 1098, 1097, 1367, 1849, 1576, 1575, 1845
1180, 1309, 1372, 1368, 1308, 1787, 1850, 1846, 1786
1181, 1372, 1373, 1369, 1368, 1850, 1851, 1847, 1846
1182, 1373, 1374, 1370, 1369, 1851, 1852, 1848, 1847
1183, 1374, 1375, 1371, 1370, 1852, 1853, 1849, 1848
1184, 1375, 1099, 1098, 1371, 1853, 1577, 1576, 1849
1185, 1310, 1376, 1372, 1309, 1788, 1854, 1850, 1787
1186, 1376, 1377, 1373, 1372, 1854, 1855, 1851, 1850
1187, 1377, 1378, 1374, 1373, 1855, 1856, 1852, 1851
1188, 1378, 1379, 1375, 1374, 1856, 1857, 1853, 1852
1189, 1379,  969, 1099, 1375, 1857, 1447, 1577, 1853
1190, 1311, 1380, 1376, 1310, 1789, 1858, 1854, 1788
1191, 1380, 1381, 1377, 1376, 1858, 1859, 1855, 1854
1192, 1381, 1382, 1378, 1377, 1859, 1860, 1856, 1855
1193, 1382, 1383, 1379, 1378, 1860, 1861, 1857, 1856
1194, 1383, 1058,  969, 1379, 1861, 1536, 1447, 1857
1195, 1312, 1384, 1380, 1311, 1790, 1862, 1858, 1789
1196, 1384, 1385, 1381, 1380, 1862, 1863, 1859, 1858
1197, 1385, 1386, 1382, 1381, 1863, 1864, 1860, 1859
1198, 1386, 1387, 1383, 1382, 1864, 1865, 1861, 1860
1199, 1387, 1057, 1058, 1383, 1865, 1535, 1536, 1861
1200, 1313, 1388, 1384, 1312, 1791, 1866, 1862, 1790
1201, 1388, 1389, 1385, 1384, 1866, 1867, 1863, 1862
1202, 1389, 1390, 1386, 1385, 1867, 1868, 1864, 1863
1203, 1390, 1391, 1387, 1386, 1868, 1869, 1865, 1864
1204, 1391, 1056, 1057, 1387, 1869, 1534, 1535, 1865
1205, 1296, 1317, 1388, 1313, 1774, 1795, 1866, 1791
1206, 1317, 1316, 1389, 1388, 1795, 1794, 1867, 1866
1207, 1316, 1315, 1390, 1389, 1794, 1793, 1868, 1867
1208, 1315, 1314, 1391, 1390, 1793, 1792, 1869, 1868
1209, 1314, 1055, 1056, 1391, 1792, 1533, 1534, 1869
1210, 1314, 1392, 1054, 1055, 1792, 1870, 1532, 1533
1211, 1392, 1393, 1053, 1054, 1870, 1871, 1531, 1532
1212, 1393, 1065,  967, 1053, 1871, 1543, 1445, 1531
1213, 1315, 1394, 1392, 1314, 1793, 1872, 1870, 1792
1214, 1394, 1395, 1393, 1392, 1872, 1873, 1871, 1870
1215, 1395, 1066, 1065, 1393, 1873, 1544, 1543, 1871
1216, 1316, 1396, 1394, 1315, 1794, 1874, 1872, 1793
1217, 1396, 1397, 1395, 1394, 1874, 1875, 1873, 1872
1218, 1397, 1067, 1066, 1395, 1875, 1545, 1544, 1873
1219, 1317, 1398, 1396, 1316, 1795, 1876, 1874, 1794
1220, 1398, 1399, 1397, 1396, 1876, 1877, 1875, 1874
1221, 1399, 1068, 1067, 1397, 1877, 1546, 1545, 1875
1222, 1296, 1299, 1398, 1317, 1774, 1777, 1876, 1795
1223, 1299, 1300, 1399, 1398, 1777, 1778, 1877, 1876
1224, 1300, 1069, 1068, 1399, 1778, 1547, 1546, 1877
1225, 1111, 1400, 1064,  970, 1589, 1878, 1542, 1448
1226, 1400, 1401, 1063, 1064, 1878, 1879, 1541, 1542
1227, 1401, 1402, 1062, 1063, 1879, 1880, 1540, 1541
1228, 1402, 1403, 1061, 1062, 1880, 1881, 1539, 1540
1229, 1403, 1404, 1060, 1061, 1881, 1882, 1538, 1539
1230, 1404, 1099,  969, 1060, 1882, 1577, 1447, 1538
1231, 1110, 1405, 1400, 1111, 1588, 1883, 1878, 1589
1232, 1405, 1406, 1401, 1400, 1883, 1884, 1879, 1878
1233, 1406, 1407, 1402, 1401, 1884, 1885, 1880, 1879
1234, 1407, 1408, 1403, 1402, 1885, 1886, 1881, 1880
1235, 1408, 1409, 1404, 1403, 1886, 1887, 1882, 1881
1236, 1409, 1098, 1099, 1404, 1887, 1576, 1577, 1882
1237, 1109, 1410, 1405, 1110, 1587, 1888, 1883, 1588
1238, 1410, 1411, 1406, 1405, 1888, 1889, 1884, 1883
1239, 1411, 1412, 1407, 1406, 1889, 1890, 1885, 1884
1240, 1412, 1413, 1408, 1407, 1890, 1891, 1886, 1885
1241, 1413, 1414, 1409, 1408, 1891, 1892, 1887, 1886
1242, 1414, 1097, 1098, 1409, 1892, 1575, 1576, 1887
1243, 1108, 1415, 1410, 1109, 1586, 1893, 1888, 1587
1244, 1415, 1416, 1411, 1410, 1893, 1894, 1889, 1888
1245, 1416, 1417, 1412, 1411, 1894, 1895, 1890, 1889
1246, 1417, 1418, 1413, 1412, 1895, 1896, 1891, 1890
1247, 1418, 1419, 1414, 1413, 1896, 1897, 1892, 1891
1248, 1419, 1096, 1097, 1414, 1897, 1574, 1575, 1892
1249, 1107, 1420, 1415, 1108, 1585, 1898, 1893, 1586
1250, 1420, 1421, 1416, 1415, 1898, 1899, 1894, 1893
1251, 1421, 1422, 1417, 1416, 1899, 1900, 1895, 1894
1252, 1422, 1423, 1418, 1417, 1900, 1901, 1896, 1895
1253, 1423, 1424, 1419, 1418, 1901, 1902, 1897, 1896
1254, 1424, 1095, 1096, 1419, 1902, 1573, 1574, 1897
1255, 1106, 1425, 1420, 1107, 1584, 1903, 1898, 1585
1256, 1425, 1426, 1421, 1420, 1903, 1904, 1899, 1898
1257, 1426, 1427, 1422, 1421, 1904, 1905, 1900, 1899
1258, 1427, 1428, 1423, 1422, 1905, 1906, 1901, 1900
1259, 1428, 1429, 1424, 1423, 1906, 1907, 1902, 1901
1260, 1429, 1094, 1095, 1424, 1907, 1572, 1573, 1902
1261, 1105, 1430, 1425, 1106, 1583, 1908, 1903, 1584
1262, 1430, 1431, 1426, 1425, 1908, 1909, 1904, 1903
1263, 1431, 1432, 1427, 1426, 1909, 1910, 1905, 1904
1264, 1432, 1433, 1428, 1427, 1910, 1911, 1906, 1905
1265, 1433, 1434, 1429, 1428, 1911, 1912, 1907, 1906
1266, 1434, 1093, 1094, 1429, 1912, 1571, 1572, 1907
1267,  973, 1104, 1430, 1105, 1451, 1582, 1908, 1583
1268, 1104, 1103, 1431, 1430, 1582, 1581, 1909, 1908
1269, 1103, 1102, 1432, 1431, 1581, 1580, 1910, 1909
1270, 1102, 1101, 1433, 1432, 1580, 1579, 1911, 1910
1271, 1101, 1100, 1434, 1433, 1579, 1578, 1912, 1911
1272, 1100,  972, 1093, 1434, 1578, 1450, 1571, 1912
1273, 1469, 1590, 1452, 1435, 1947, 2068, 1930, 1913
1274, 1590, 1591, 1453, 1452, 2068, 2069, 1931, 1930
1275, 1591, 1592, 1454, 1453, 2069, 2070, 1932, 1931
1276, 1592, 1593, 1455, 1454, 2070, 2071, 1933, 1932
1277, 1593, 1594, 1456, 1455, 2071, 2072, 1934, 1933
1278, 1594, 1457, 1436, 1456, 2072, 1935, 1914, 1934
1279, 1468, 1595, 1590, 1469, 1946, 2073, 2068, 1947
1280, 1595, 1596, 1591, 1590, 2073, 2074, 2069, 2068
