      1,  -32.7639198,   -3.3121891,           0.
      2,  -32.4399986,   24.97568661,           0.
      3,  -32.1537374,   24.97568661,           0.
      4,  -32.9629802,  -4.16012287,           0.
      5,  0.659484386,  -7.47094917,           0.
      6,   1.73020411,   24.97568661,           0.
      7,  -7.45381594,  -0.83103925,           0.
      8,  -5.26094294,    27.88316572,           0.
      9,  -2.14963031,    7.1853385,           0.
     10,   -32.1537374,    27.88316572,           0.
     11,    7.3931427,  -1.26152217,           0.
     12,   5.30330086,  -5.30330086,           0.
     13,   24.2914677,  -2.93405628,           0.
     14,   24.6997013,   24.97568661,           0.
     15,   32.1547229,    27.88316572,           0.
     16,   32.7537374,  -4.28285742,           0.
     17,   32.1537374,   24.97568661,           0.
     18,  -32.8109665,  -6.90364075,           0.
     19,  -32.7700615,  -10.5070057,           0.
     20,  -32.6753998,    -14.12043,           0.
     21,   -32.567894,  -17.7425709,           0.
     22,  -32.4834137,  -21.3697662,           0.
     23,  -35.9978027,   24.97568661,           0.
     24,  -39.5223274,   24.97568661,           0.
     25,  -43.0249481,   24.97568661,           0.
     26,  -46.5149956,   24.97568661,           0.
     27,   -32.1537374,  -21.5763092,           0.
     28,   -32.1537374,  -18.1449623,           0.
     29,   -32.1537374,  -14.6983032,           0.
     30,  -32.1537374,   -11.225255,           0.
     31,  -32.1537374,  -7.71512079,           0.
     32,  -46.5041313,  -4.09627199,           0.
     33,  -43.0247421,  -3.96239471,           0.
     34,  -39.5690193,  -3.77523255,           0.
     35,  -36.1414413,  -3.55402136,           0.
     36,  -6.98395157,  -2.73393917,           0.
     37,  -6.03921652,  -4.44723082,           0.
     38,  -4.70120382,  -5.84368753,           0.
     39,  -3.06501818,  -6.84511948,           0.
     40,  -1.23148954,   -7.3982048,           0.
     41,  0.899139464,  -9.70504284,           0.
     42,   1.11785936,  -12.0170279,           0.
     43,    1.3724699,  -14.9931431,           0.
     44,   1.60438025,  -18.0880375,           0.
     45,   1.68934631,   -21.467926,           0.
     46,  -2.11672521,   24.97568661,           0.
     47,  -5.98207617,   24.97568661,           0.
     48,  -9.87688351,   24.97568661,           0.
     49,   -13.781146,   24.97568661,           0.
     50,  -17.6455822,   24.97568661,           0.
     51,   -21.445755,   24.97568661,           0.
     52,  -25.1753635,   24.97568661,           0.
     53,  -28.8370876,   24.97568661,           0.
     54,  -29.4428234,  -3.04294801,           0.
     55,  -26.2792072,  -2.71501255,           0.
     56,  -22.9599056,  -2.50808477,           0.
     57,  -19.8074608,  -2.25403523,           0.
     58,  -16.8327141,  -1.96036017,           0.
     59,   -14.054821,  -1.65597224,           0.
     60,  -11.5666761,  -1.37643278,           0.
     61,  -9.51720238,  -1.10097504,           0.
     62,  -46.2833595,    27.88316572,           0.
     63,  -42.5720978,    27.88316572,           0.
     64,  -38.8676109,    27.88316572,           0.
     65,  -35.1711044,    27.88316572,           0.
     66,  -31.4830303,    27.88316572,           0.
     67,  -27.8019085,    27.88316572,           0.
     68,  -24.1224766,    27.88316572,           0.
     69,  -20.4277363,    27.88316572,           0.
     70,  -16.6988945,    27.88316572,           0.
     71,  -12.8983278,    27.88316572,           0.
     72,  -9.05583668,    27.88316572,           0.
     73,  -5.10994339,   21.4678154,           0.
     74,  -4.89053106,   17.9346275,           0.
     75,  -4.47380447,   14.5459671,           0.
     76,   -3.6190052,   11.6247635,           0.
     77,  -2.90165162,   9.41165829,           0.
     78,  -3.77427411,   6.48111534,           0.
     79,  -5.17207909,   5.43135309,           0.
     80,  -6.28594398,   4.09107685,           0.
     81,  -7.05764866,   2.53763604,           0.
     82,    -7.449718,  0.867005944,           0.
     83,    -32.1537374, -0.547561884,           0.
     84,   -32.1537374,   3.09360242,           0.
     85,    -32.1537374,   6.74625254,           0.
     86,   -32.1537374,    10.400753,           0.
     87,  -32.1537374,   14.0509796,           0.
     88,  -32.1537374,   17.7034473,           0.
     89,  -32.1537374,    21.353714,           0.
     90,   20.9416809,   24.97568661,           0.
     91,   17.1656666,   24.97568661,           0.
     92,   13.3389845,   24.97568661,           0.
     93,   9.46757412,   24.97568661,           0.
     94,   5.58681107,   24.97568661,           0.
     95,   2.47006416,  -7.08158064,           0.
     96,   4.06603718,  -6.30216932,           0.
     97,   9.11515236,  -1.32666922,           0.
     98,   10.9117241,  -1.60982156,           0.
     99,   13.1217203,  -1.91096759,           0.
    100,   15.6525526,  -2.17216277,           0.
    101,   18.4269123,  -2.39185524,           0.
    102,   21.3344173,  -2.61481047,           0.
    103,   6.71023226,   -3.3500421,           0.
    104,   24.4044781,  -6.51724291,           0.
    105,   24.4296627,  -10.1548738,           0.
    106,   24.4452076,  -13.8341417,           0.
    107,   24.5600033,  -17.5348186,           0.
    108,   24.6470604,  -21.2576084,           0.
    109,   7.46823215,  0.689573288,           0.
    110,   7.04647732,   2.56849289,           0.
    111,   6.15436506,   4.28646612,           0.
    112,   4.85580826,   5.71586609,           0.
    113,   3.26039505,    6.7542448,           0.
    114,   1.48566127,   7.35138178,           0.
    115, -0.362550139,   7.49123192,           0.
    116,  -1.51106608,    27.88316572,           0.
    117,   2.40410662,    27.88316572,           0.
    118,   6.24232721,    27.88316572,           0.
    119,   10.0406809,    27.88316572,           0.
    120,   13.7813406,    27.88316572,           0.
    121,   17.4677677,    27.88316572,           0.
    122,   21.1157017,    27.88316572,           0.
    123,   24.7415752,    27.88316572,           0.
    124,   28.3573132,    27.88316572,           0.
    125,   31.9696026,    27.88316572,           0.
    126,   35.5810356,    27.88316572,           0.
    127,   39.1915894,    27.88316572,           0.
    128,   42.7997894,    27.88316572,           0.
    129,   46.4034309,    27.88316572,           0.
    130,   32.1537374,   21.2990513,           0.
    131,   32.1537374,   17.6041012,           0.
    132,   32.1537374,   13.9113274,           0.
    133,   32.1537374,   10.2267027,           0.
    134,   32.1537374,   6.55535364,           0.
    135,   32.1537374,   2.91110134,           0.
    136,   32.1537374,  -0.75691849,           0.
    137,   46.7258415,  -4.20734596,           0.
    138,   43.4572144,  -4.09107685,           0.
    139,   40.1985092,  -3.93781328,           0.
    140,   36.9550323,  -3.75983334,           0.
    141,   33.7326012,   -3.5689187,           0.
    142,   30.5367641,  -3.37249088,           0.
    143,   27.3771114,  -3.17044783,           0.
    144,   32.1537374,  -7.77926445,           0.
    145,   32.1537374,  -11.2591887,           0.
    146,   32.1537374,  -14.7144079,           0.
    147,   32.1537374,  -18.1503696,           0.
    148,   32.1537374,  -21.5760632,           0.
    149,   46.8569832,   24.97568661,           0.
    150,   43.7127419,   24.97568661,           0.
    151,   40.5671959,   24.97568661,           0.
    152,   37.4150429,   24.97568661,           0.
    153,   34.2497826,   24.97568661,           0.
    154,   31.0685024,   24.97568661,           0.
    155,   27.8773441,   24.97568661,           0.
    156,   -36.196434,  -7.13984871,           0.
    157,  -36.1886635,  -10.7151756,           0.
    158,  -36.1403122,  -14.2858305,           0.
    159,  -36.0780487,  -17.8558578,           0.
    160,  -36.0253258,  -21.4269371,           0.
    161,   -39.617382,  -7.35030842,           0.
    162,  -39.6248322,  -10.8988552,           0.
    163,  -39.6032906,  -14.4312153,           0.
    164,  -39.5694122,  -17.9553604,           0.
    165,  -39.5383301,  -21.4769287,           0.
    166,   -43.062561,   -7.5209527,           0.
    167,  -43.0740891,  -11.0459719,           0.
    168,  -43.0665894,  -14.5476589,           0.
    169,  -43.0499763,   -18.035429,           0.
    170,  -43.0333214,  -21.5172386,           0.
    171,   -46.525795,  -7.63051176,           0.
    172,  -46.5336456,  -11.1407328,           0.
    173,  -46.5319672,  -14.6249924,           0.
    174,  -46.5254936,  -18.0904961,           0.
    175,  -46.5184517,   -21.546011,           0.
    176,  -10.0198879,  -12.3168201,           0.
    177,  -2.07468367,  -14.6665058,           0.
    178,  -5.70956564,  -13.8870564,           0.
    179,   -7.6455822,   -9.4705801,           0.
    180,  -6.10923433,  -7.61052608,           0.
    181,  -9.92609406,  -21.0825996,           0.
    182,  -9.99717331,  -16.9936409,           0.
    183,  -29.1930466,  -13.9425669,           0.
    184,  -25.6822243,  -13.7519865,           0.
    185,  -22.1098881,  -13.5363417,           0.
    186,  -18.4376945,  -13.2712984,           0.
    187,  -14.5407515,  -12.9055233,           0.
    188,  -13.5149364,  -4.84547043,           0.
    189,  -12.1995068,   -8.2650013,           0.
    190,  -3.98331857,  -8.90088177,           0.
    191,  -1.57050014,   -9.5968914,           0.
    192,  -4.79256487,  -11.0231991,           0.
    193,  -1.82997227,  -11.8259068,           0.
    194,  -2.13500929,  -17.9251881,           0.
    195,  -2.13627982,  -21.4130363,           0.
    196,  -5.95611954,  -17.5162277,           0.
    197,  -6.00014257,  -21.2529659,           0.
    198,  -13.8858089,  -21.0600681,           0.
    199,  -17.7693806,  -21.1079178,           0.
    200,  -21.5606003,  -21.1748371,           0.
    201,  -25.2672882,  -21.2429676,           0.
    202,  -28.9040089,  -21.3081245,           0.
    203,  -14.1084185,  -17.0388813,           0.
    204,  -18.0226555,  -17.1918507,           0.
    205,  -21.7822571,  -17.3482018,           0.
    206,  -25.4400024,  -17.4907303,           0.
    207,  -29.0262375,  -17.6209984,           0.
    208,   -29.352375,  -10.2828321,           0.
    209,  -29.4425983,  -6.64782619,           0.
    210,   -25.933754,  -10.0409002,           0.
    211,   -26.158453,  -6.36245918,           0.
    212,  -22.5156422,  -9.76629829,           0.
    213,  -22.9028282,  -6.06271839,           0.
    214,   -19.077343,  -9.43387794,           0.
    215,  -19.7458344,  -5.71106434,           0.
    216,  -15.6052513,  -8.98156548,           0.
    217,   -16.603405,  -5.32185841,           0.
    218,   -10.951643,  -4.14170933,           0.
    219,  -8.89615917,  -3.51332402,           0.
    220,  -9.64318848,  -6.90711308,           0.
    221,  -7.76753855,  -5.75444651,           0.
    222,  -8.86137104,   13.3343868,           0.
    223,  -8.94719124,   17.6085167,           0.
    224,  -9.00985622,   21.3706074,           0.
    225,   -5.0403595,   8.49326038,           0.
    226,  -6.52508736,   10.4581184,           0.
    227,  -13.9087563,   1.19747543,           0.
    228,  -13.3708572,   3.98519564,           0.
    229,  -12.4551582,   6.81024599,           0.
    230,  -11.0487957,   9.85735226,           0.
    231,  -46.3239326,   14.0756226,           0.
    232,  -42.6586761,   14.1311474,           0.
    233,   -39.007309,   14.2079544,           0.
    234,  -35.3720322,   14.2971725,           0.
    235,  -31.7544289,   14.3879118,           0.
    236,  -28.1538601,   14.4651003,           0.
    237,  -24.5630569,   14.5065823,           0.
    238,  -20.9594593,   14.4777813,           0.
    239,  -17.2817173,   14.3396053,           0.
    240,  -13.3696547,   14.0500317,           0.
    241,  -6.77957296,   7.02021313,           0.
    242,  -8.09132957,    5.1757946,           0.
    243,  -8.98503017,   3.14199996,           0.
    244,  -9.45950985,   1.01514924,           0.
    245,  -8.59279823,   8.34170818,           0.
    246,   -10.027319,   5.98212719,           0.
    247,  -10.9688854,   3.56386805,           0.
    248,  -11.4759569,   1.10001493,           0.
    249,   -46.470932, -0.478512704,           0.
    250,  -46.4329376,   3.15645933,           0.
    251,  -46.3944016,   6.79930115,           0.
    252,  -46.3592453,   10.4444771,           0.
    253,  -42.9599533,  -0.34897843,           0.
    254,  -42.8832359,   3.27173424,           0.
    255,  -42.8041382,   6.89554119,           0.
    256,  -42.7313156,   10.5199823,           0.
    257,  -39.4740448, -0.173533216,           0.
    258,  -39.3572922,   3.42642307,           0.
    259,  -39.2346954,   7.02437019,           0.
    260,  -39.1205521,   10.6210279,           0.
    261,  -36.0194473, 0.0321019515,           0.
    262,  -35.8608704,   3.60657263,           0.
    263,   -35.690918,   7.17355585,           0.
    264,  -35.5306244,   10.7375259,           0.
    265,  -32.6077347,  0.255099118,           0.
    266,    -32.40242,   3.79832745,           0.
    267,  -32.1789436,   7.32887459,           0.
    268,  -31.9652081,   10.8562088,           0.
    269,  -29.2547112,  0.489265561,           0.
    270,  -28.9944382,   3.98747015,           0.
    271,  -28.7066383,   7.47242689,           0.
    272,  -28.4272118,   10.9589596,           0.
    273,  -25.9879704,  0.727277398,           0.
    274,  -25.6505775,   4.15367746,           0.
    275,  -25.2811222,    7.5784359,           0.
    276,  -24.9155941,   11.0194588,           0.
    277,  -22.7472248,  0.917296171,           0.
    278,  -22.3679485,   4.26301479,           0.
    279,  -21.9059277,   7.61095428,           0.
    280,  -21.4223118,    10.999505,           0.
    281,   -19.677454,   1.15286732,           0.
    282,  -19.1986256,   4.30806351,           0.
    283,  -18.6028576,   7.53304052,           0.
    284,  -17.9326935,   10.8549442,           0.
    285,  -16.6460915,   1.15946162,           0.
    286,  -16.1535473,    4.1940093,           0.
    287,  -15.4088621,    7.2712307,           0.
    288,  -14.4400024,   10.5083904,           0.
    289,   -46.303688,   17.7212887,           0.
    290,  -46.2917023,   21.3627186,           0.
    291,  -42.6155891,   17.7570724,           0.
    292,  -42.5899277,    21.380188,           0.
    293,  -38.9378738,   17.8065948,           0.
    294,   -38.896328,   21.4042778,           0.
    295,  -35.2721672,    17.864151,           0.
    296,  -35.2121658,   21.4322071,           0.
    297,    -31.61903,   17.9222298,           0.
    298,  -31.5376282,   21.4601917,           0.
    299,  -27.9760838,    17.970438,           0.
    300,  -27.8701973,   21.4828815,           0.
    301,    -24.33395,   17.9934673,           0.
    302,  -24.2016907,   21.4927139,           0.
    303,   -20.669363,   17.9701309,           0.
    304,  -20.5111504,    21.480545,           0.
    305,  -16.9313793,   17.8840828,           0.
    306,  -16.7669678,   21.4426804,           0.
    307,  -13.0436687,   17.7371826,           0.
    308,  -12.9297056,   21.3876171,           0.
    309,   9.27547932,  -12.6088648,           0.
    310,   5.04008198,  -14.2994251,           0.
    311,   9.39889717,  -17.2001038,           0.
    312,   9.44411755,   -21.175848,           0.
    313,   5.41404581,  -8.05883026,           0.
    314,   6.91412306,    -9.821311,           0.
    315,   12.4532108,  -5.15804529,           0.
    316,   11.2842884,  -8.57456398,           0.
    317,   21.0181122,  -13.6599483,           0.
    318,   17.4666729,  -13.4392757,           0.
    319,   13.6800451,  -13.1244745,           0.
    320,   5.53397274,  -21.3635139,           0.
    321,   5.41561604,  -17.8102837,           0.
    322,   4.08963776,  -11.3339281,           0.
    323,   3.28498697,   -9.1970396,           0.
    324,   8.35336876,  -3.94947839,           0.
    325,   10.1484537,  -4.49986362,           0.
    326,   7.11738157,  -6.21940947,           0.
    327,   8.86606121,  -7.27878666,           0.
    328,   15.2144375,  -5.64005518,           0.
    329,   18.2000599,  -5.98375988,           0.
    330,   21.2764778,  -6.26069498,           0.
    331,   14.5101089,   -9.2468605,           0.
    332,   17.8359489,   -9.6492157,           0.
    333,   21.1400509,  -9.93118286,           0.
    334,   20.9518757,  -17.4322739,           0.
    335,   20.9346809,  -21.2149429,           0.
    336,   17.2654343,  -17.3104897,           0.
    337,   17.1826839,  -21.1658058,           0.
    338,   13.4273319,  -17.1932144,           0.
    339,     13.34828,  -21.1337166,           0.
    340,   7.15432978,   13.1177826,           0.
    341, -0.828867793,   14.7290869,           0.
    342,     2.852705,   14.3010988,           0.
    343,   5.27739334,   10.3747635,           0.
    344,   4.12059784,   8.55830288,           0.
    345,   6.41499043,   21.2955379,           0.
    346,   6.73506546,   17.4491272,           0.
    347,   46.4804192,   13.9340286,           0.
    348,   42.9611816,    13.977253,           0.
    349,   39.4432106,   14.0357695,           0.
    350,   35.9298668,   14.1038866,           0.
    351,   32.4264526,   14.1756601,           0.
    352,   28.9387112,    14.243433,           0.
    353,   25.4694366,    14.295208,           0.
    354,   22.0138149,   14.3118935,           0.
    355,   18.5548992,   14.2642241,           0.
    356,   15.0499458,   14.1086998,           0.
    357,   11.3831253,   13.7727165,           0.
    358,   13.0318384,   1.13512182,           0.
    359,   12.3159781,   3.85579872,           0.
    360,   11.2327423,   6.60457134,           0.
    361,   9.64600945,   9.56645203,           0.
    362,   1.88465464,   9.44648266,           0.
    363, -0.532221317,   9.72745037,           0.
    364,   2.35229802,    11.536869,           0.
    365, -0.605560899,   12.0251322,           0.
    366,  -1.06891203,   17.9889088,           0.
    367,  -1.28679371,   21.4639778,           0.
    368,   2.76540112,   17.7845802,           0.
    369,   2.57442617,   21.3860245,           0.
    370,   10.2517309,   21.3076553,           0.
    371,    13.997304,   21.3541603,           0.
    372,   17.6658745,   21.3907509,           0.
    373,   21.2869797,   21.4070663,           0.
    374,   24.8847542,   21.4061184,           0.
    375,    28.474247,   21.3939362,           0.
    376,   32.0628662,   21.3758183,           0.
    377,   35.6528702,   21.3556213,           0.
    378,   39.2436485,   21.3361282,           0.
    379,   42.8333282,   21.3196373,           0.
    380,   46.4195862,   21.3082981,           0.
    381,   10.6845627,   17.5617981,           0.
    382,   14.4295378,    17.707222,           0.
    383,   18.0500145,   17.7995319,           0.
    384,   21.6115475,   17.8368988,           0.
    385,   25.1517258,   17.8344955,           0.
    386,   28.6895542,   17.8078556,           0.
    387,   32.2328453,   17.7688751,           0.
    388,   35.7827606,   17.7257767,           0.
    389,   39.3372459,   17.6842804,           0.
    390,   42.8933372,   17.6489182,           0.
    391,   46.4483376,   17.6238365,           0.
    392,   46.5277672,   10.2628679,           0.
    393,   46.5766983,   6.60631466,           0.
    394,   46.6269608,   2.97631979,           0.
    395,   46.6780357, -0.631103635,           0.
    396,   43.0574341,   10.3280392,           0.
    397,   43.1575623,   6.69450855,           0.
    398,   43.2601776,   3.08317804,           0.
    399,   43.3624611, -0.504138947,           0.
    400,   39.5916748,   10.4138136,           0.
    401,   39.7468796,   6.80806112,           0.
    402,   39.9047775,   3.21875954,           0.
    403,   40.0586319, -0.355563909,           0.
    404,   36.1357803,   10.5122766,           0.
    405,   36.3518143,   6.93691158,           0.
    406,   36.5686188,    3.3718524,           0.
    407,     36.77351, -0.188831523,           0.
    408,   32.6977577,   10.6155825,           0.
    409,   32.9822083,   7.07141781,           0.
    410,   33.2609367,   3.53233171,           0.
    411,   33.5144653, -0.0122984201,           0.
    412,   29.2861748,   10.7138853,           0.
    413,   29.6468124,   7.20131302,           0.
    414,   29.9897881,   3.69035459,           0.
    415,   30.2889481,  0.166184217,           0.
    416,   25.9057064,   10.7929783,           0.
    417,   26.3520279,   7.31235409,           0.
    418,   26.7639008,   3.83477116,           0.
    419,   27.1085205,  0.341921926,           0.
    420,   22.5571022,   10.8301306,           0.
    421,   23.1056175,    7.3837862,           0.
    422,   23.5980988,   3.95251608,           0.
    423,   23.9966679,  0.516865075,           0.
    424,   19.2392178,   10.7912331,           0.
    425,   19.9217682,   7.38633537,           0.
    426,   20.5165176,   4.02571201,           0.
    427,   20.9847927,   0.68989259,           0.
    428,   15.9526186,   10.6258173,           0.
    429,   16.8292847,    7.2823143,           0.
    430,   17.5563354,   4.03045607,           0.
    431,    18.089756,  0.818170726,           0.
    432,   12.7167244,   10.2562933,           0.
    433,   13.8916807,   7.03129387,           0.
    434,   14.7887449,   3.96543455,           0.
    435,   15.3907232,  0.936641037,           0.
    436,   10.7979918,  0.959182858,           0.
    437,   9.06477165,  0.833185196,           0.
    438,   10.1858044,   3.44940996,           0.
    439,   8.53495693,   3.05798817,           0.
    440,    9.1046381,   5.87900114,           0.
    441,   7.50946093,   5.18398952,           0.
    442,   7.51057673,   8.23011971,           0.
    443,   6.02507162,   7.08175802,           0.
    444,   27.8497601,  -21.3205414,           0.
    445,   27.7941952,  -17.6492729,           0.
    446,   27.7194538,   -13.991643,           0.
    447,   27.6461716,  -10.3533363,           0.
    448,   27.5395164,  -6.74589443,           0.
    449,   31.0457363,  -21.3751698,           0.
    450,   31.0016193,  -17.7539444,           0.
    451,     30.93507,  -14.1400967,           0.
    452,   30.8417053,  -10.5371914,           0.
    453,   30.7080612,  -6.94944859,           0.
    454,   34.2268448,  -21.4257736,           0.
    455,   34.1880569,  -17.8527813,           0.
    456,   34.1258926,  -14.2819347,           0.
    457,    34.030426,  -10.7121935,           0.
    458,   33.8959885,  -7.14137888,           0.
    459,   37.3937416,  -21.4735947,           0.
    460,    37.360527,  -17.9466095,           0.
    461,   37.3055573,  -14.4169331,           0.
    462,   37.2186089,  -10.8780422,           0.
    463,   37.0981522,  -7.32286024,           0.
    464,    40.550705,  -21.5170326,           0.
    465,   40.5247307,  -18.0314789,           0.
    466,   40.4797974,  -14.5379953,           0.
    467,   40.4085884,  -11.0261068,           0.
    468,   40.3117867,  -7.48597002,           0.
    469,   43.7022209,  -21.5513382,           0.
    470,   43.6839676,  -18.0974045,           0.
    471,   43.6516876,  -14.6312389,           0.
    472,   43.6015015,  -11.1412649,           0.
    473,   43.5346375,  -7.61703825,           0.
    474,   46.8512039,  -21.5696793,           0.
    475,    46.841301,  -18.1327019,           0.
    476,   46.8242111,  -14.6822405,           0.
    477,    46.798439,  -11.2081347,           0.
    478,   46.7647285,  -7.70294571,           0.
    479,  -32.7639198,   -3.3121891,           4.
    480,  -32.4399986,   24.97568661,           4.
    481,  32.1537374,   24.97568661,           4.
    482,  32.1537374,  -4.16012287,           4.
    483,  0.659484386,  -7.47094917,           4.
    484,   1.73020411,   24.97568661,           4.
    485,  -7.45381594,  -0.83103925,           4.
    486,  -5.26094294,    27.88316572,           4.
    487,  -2.14963031,    7.1853385,           4.
    488,  32.1537374,    27.88316572,           4.
    489,    7.3931427,  -1.26152217,           4.
    490,   5.30330086,  -5.30330086,           4.
    491,   24.2914677,  -2.93405628,           4.
    492,   24.6997013,   24.97568661,           4.
    493,   32.1537374,    27.88316572,           4.
    494,   32.1537374,  -4.28285742,           4.
    495,   32.1537374,   24.97568661,           4.
    496,  -32.8109665,  -6.90364075,           4.
    497,  -32.7700615,  -10.5070057,           4.
    498,  -32.6753998,    -14.12043,           4.
    499,   -32.567894,  -17.7425709,           4.
    500,  -32.4834137,  -21.3697662,           4.
    501,  -35.9978027,   24.97568661,           4.
    502,  -39.5223274,   24.97568661,           4.
    503,  -43.0249481,   24.97568661,           4.
    504,  -46.5149956,   24.97568661,           4.
    505,  32.1537374,  -21.5763092,           4.
    506,  32.1537374,  -18.1449623,           4.
    507,  32.1537374,  -14.6983032,           4.
    508,  32.1537374,   -11.225255,           4.
    509,  32.1537374,  -7.71512079,           4.
    510,  -46.5041313,  -4.09627199,           4.
    511,  -43.0247421,  -3.96239471,           4.
    512,  -39.5690193,  -3.77523255,           4.
    513,  -36.1414413,  -3.55402136,           4.
    514,  -6.98395157,  -2.73393917,           4.
    515,  -6.03921652,  -4.44723082,           4.
    516,  -4.70120382,  -5.84368753,           4.
    517,  -3.06501818,  -6.84511948,           4.
    518,  -1.23148954,   -7.3982048,           4.
    519,  0.899139464,  -9.70504284,           4.
    520,   1.11785936,  -12.0170279,           4.
    521,    1.3724699,  -14.9931431,           4.
    522,   1.60438025,  -18.0880375,           4.
    523,   1.68934631,   -21.467926,           4.
    524,  -2.11672521,   24.97568661,           4.
    525,  -5.98207617,   24.97568661,           4.
    526,  -9.87688351,   24.97568661,           4.
    527,   -13.781146,   24.97568661,           4.
    528,  -17.6455822,   24.97568661,           4.
    529,   -21.445755,   24.97568661,           4.
    530,  -25.1753635,   24.97568661,           4.
    531,  -28.8370876,   24.97568661,           4.
    532,  -29.4428234,  -3.04294801,           4.
    533,  -26.2792072,  -2.71501255,           4.
    534,  -22.9599056,  -2.50808477,           4.
    535,  -19.8074608,  -2.25403523,           4.
    536,  -16.8327141,  -1.96036017,           4.
    537,   -14.054821,  -1.65597224,           4.
    538,  -11.5666761,  -1.37643278,           4.
    539,  -9.51720238,  -1.10097504,           4.
    540,  -46.2833595,    27.88316572,           4.
    541,  -42.5720978,    27.88316572,           4.
    542,  -38.8676109,    27.88316572,           4.
    543,  -35.1711044,    27.88316572,           4.
    544,  -31.4830303,    27.88316572,           4.
    545,  -27.8019085,    27.88316572,           4.
    546,  -24.1224766,    27.88316572,           4.
    547,  -20.4277363,    27.88316572,           4.
    548,  -16.6988945,    27.88316572,           4.
    549,  -12.8983278,    27.88316572,           4.
    550,  -9.05583668,    27.88316572,           4.
    551,  -5.10994339,   21.4678154,           4.
    552,  -4.89053106,   17.9346275,           4.
    553,  -4.47380447,   14.5459671,           4.
    554,   -3.6190052,   11.6247635,           4.
    555,  -2.90165162,   9.41165829,           4.
    556,  -3.77427411,   6.48111534,           4.
    557,  -5.17207909,   5.43135309,           4.
    558,  -6.28594398,   4.09107685,           4.
    559,  -7.05764866,   2.53763604,           4.
    560,    -7.449718,  0.867005944,           4.
    561,  32.1537374, -0.547561884,           4.
    562,  32.1537374,   3.09360242,           4.
    563,  32.1537374,   6.74625254,           4.
    564,  32.1537374,    10.400753,           4.
    565,  32.1537374,   14.0509796,           4.
    566,  32.1537374,   17.7034473,           4.
    567,  32.1537374,    21.353714,           4.
    568,   20.9416809,   24.97568661,           4.
    569,   17.1656666,   24.97568661,           4.
    570,   13.3389845,   24.97568661,           4.
    571,   9.46757412,   24.97568661,           4.
    572,   5.58681107,   24.97568661,           4.
    573,   2.47006416,  -7.08158064,           4.
    574,   4.06603718,  -6.30216932,           4.
    575,   9.11515236,  -1.32666922,           4.
    576,   10.9117241,  -1.60982156,           4.
    577,   13.1217203,  -1.91096759,           4.
    578,   15.6525526,  -2.17216277,           4.
    579,   18.4269123,  -2.39185524,           4.
    580,   21.3344173,  -2.61481047,           4.
    581,   6.71023226,   -3.3500421,           4.
    582,   24.4044781,  -6.51724291,           4.
    583,   24.4296627,  -10.1548738,           4.
    584,   24.4452076,  -13.8341417,           4.
    585,   24.5600033,  -17.5348186,           4.
    586,   24.6470604,  -21.2576084,           4.
    587,   7.46823215,  0.689573288,           4.
    588,   7.04647732,   2.56849289,           4.
    589,   6.15436506,   4.28646612,           4.
    590,   4.85580826,   5.71586609,           4.
    591,   3.26039505,    6.7542448,           4.
    592,   1.48566127,   7.35138178,           4.
    593, -0.362550139,   7.49123192,           4.
    594,  -1.51106608,    27.88316572,           4.
    595,   2.40410662,    27.88316572,           4.
    596,   6.24232721,    27.88316572,           4.
    597,   10.0406809,    27.88316572,           4.
    598,   13.7813406,    27.88316572,           4.
    599,   17.4677677,    27.88316572,           4.
    600,   21.1157017,    27.88316572,           4.
    601,   24.7415752,    27.88316572,           4.
    602,   28.3573132,    27.88316572,           4.
    603,   31.9696026,    27.88316572,           4.
    604,   35.5810356,    27.88316572,           4.
    605,   39.1915894,    27.88316572,           4.
    606,   42.7997894,    27.88316572,           4.
    607,   46.4034309,    27.88316572,           4.
    608,   32.1537374,   21.2990513,           4.
    609,   32.1537374,   17.6041012,           4.
    610,   32.1537374,   13.9113274,           4.
    611,   32.1537374,   10.2267027,           4.
    612,   32.1537374,   6.55535364,           4.
    613,   32.1537374,   2.91110134,           4.
    614,   32.1537374,  -0.75691849,           4.
    615,   46.7258415,  -4.20734596,           4.
    616,   43.4572144,  -4.09107685,           4.
    617,   40.1985092,  -3.93781328,           4.
    618,   36.9550323,  -3.75983334,           4.
    619,   33.7326012,   -3.5689187,           4.
    620,   30.5367641,  -3.37249088,           4.
    621,   27.3771114,  -3.17044783,           4.
    622,   32.1537374,  -7.77926445,           4.
    623,   32.1537374,  -11.2591887,           4.
    624,   32.1537374,  -14.7144079,           4.
    625,   32.1537374,  -18.1503696,           4.
    626,   32.1537374,  -21.5760632,           4.
    627,   46.8569832,   24.97568661,           4.
    628,   43.7127419,   24.97568661,           4.
    629,   40.5671959,   24.97568661,           4.
    630,   37.4150429,   24.97568661,           4.
    631,   34.2497826,   24.97568661,           4.
    632,   31.0685024,   24.97568661,           4.
    633,   27.8773441,   24.97568661,           4.
    634,   -36.196434,  -7.13984871,           4.
    635,  -36.1886635,  -10.7151756,           4.
    636,  -36.1403122,  -14.2858305,           4.
    637,  -36.0780487,  -17.8558578,           4.
    638,  -36.0253258,  -21.4269371,           4.
    639,   -39.617382,  -7.35030842,           4.
    640,  -39.6248322,  -10.8988552,           4.
    641,  -39.6032906,  -14.4312153,           4.
    642,  -39.5694122,  -17.9553604,           4.
    643,  -39.5383301,  -21.4769287,           4.
    644,   -43.062561,   -7.5209527,           4.
    645,  -43.0740891,  -11.0459719,           4.
    646,  -43.0665894,  -14.5476589,           4.
    647,  -43.0499763,   -18.035429,           4.
    648,  -43.0333214,  -21.5172386,           4.
    649,   -46.525795,  -7.63051176,           4.
    650,  -46.5336456,  -11.1407328,           4.
    651,  -46.5319672,  -14.6249924,           4.
    652,  -46.5254936,  -18.0904961,           4.
    653,  -46.5184517,   -21.546011,           4.
    654,  -10.0198879,  -12.3168201,           4.
    655,  -2.07468367,  -14.6665058,           4.
    656,  -5.70956564,  -13.8870564,           4.
    657,   -7.6455822,   -9.4705801,           4.
    658,  -6.10923433,  -7.61052608,           4.
    659,  -9.92609406,  -21.0825996,           4.
    660,  -9.99717331,  -16.9936409,           4.
    661,  -29.1930466,  -13.9425669,           4.
    662,  -25.6822243,  -13.7519865,           4.
    663,  -22.1098881,  -13.5363417,           4.
    664,  -18.4376945,  -13.2712984,           4.
    665,  -14.5407515,  -12.9055233,           4.
    666,  -13.5149364,  -4.84547043,           4.
    667,  -12.1995068,   -8.2650013,           4.
    668,  -3.98331857,  -8.90088177,           4.
    669,  -1.57050014,   -9.5968914,           4.
    670,  -4.79256487,  -11.0231991,           4.
    671,  -1.82997227,  -11.8259068,           4.
    672,  -2.13500929,  -17.9251881,           4.
    673,  -2.13627982,  -21.4130363,           4.
    674,  -5.95611954,  -17.5162277,           4.
    675,  -6.00014257,  -21.2529659,           4.
    676,  -13.8858089,  -21.0600681,           4.
    677,  -17.7693806,  -21.1079178,           4.
    678,  -21.5606003,  -21.1748371,           4.
    679,  -25.2672882,  -21.2429676,           4.
    680,  -28.9040089,  -21.3081245,           4.
    681,  -14.1084185,  -17.0388813,           4.
    682,  -18.0226555,  -17.1918507,           4.
    683,  -21.7822571,  -17.3482018,           4.
    684,  -25.4400024,  -17.4907303,           4.
    685,  -29.0262375,  -17.6209984,           4.
    686,   -29.352375,  -10.2828321,           4.
    687,  -29.4425983,  -6.64782619,           4.
    688,   -25.933754,  -10.0409002,           4.
    689,   -26.158453,  -6.36245918,           4.
    690,  -22.5156422,  -9.76629829,           4.
    691,  -22.9028282,  -6.06271839,           4.
    692,   -19.077343,  -9.43387794,           4.
    693,  -19.7458344,  -5.71106434,           4.
    694,  -15.6052513,  -8.98156548,           4.
    695,   -16.603405,  -5.32185841,           4.
    696,   -10.951643,  -4.14170933,           4.
    697,  -8.89615917,  -3.51332402,           4.
    698,  -9.64318848,  -6.90711308,           4.
    699,  -7.76753855,  -5.75444651,           4.
    700,  -8.86137104,   13.3343868,           4.
    701,  -8.94719124,   17.6085167,           4.
    702,  -9.00985622,   21.3706074,           4.
    703,   -5.0403595,   8.49326038,           4.
    704,  -6.52508736,   10.4581184,           4.
    705,  -13.9087563,   1.19747543,           4.
    706,  -13.3708572,   3.98519564,           4.
    707,  -12.4551582,   6.81024599,           4.
    708,  -11.0487957,   9.85735226,           4.
    709,  -46.3239326,   14.0756226,           4.
    710,  -42.6586761,   14.1311474,           4.
    711,   -39.007309,   14.2079544,           4.
    712,  -35.3720322,   14.2971725,           4.
    713,  -31.7544289,   14.3879118,           4.
    714,  -28.1538601,   14.4651003,           4.
    715,  -24.5630569,   14.5065823,           4.
    716,  -20.9594593,   14.4777813,           4.
    717,  -17.2817173,   14.3396053,           4.
    718,  -13.3696547,   14.0500317,           4.
    719,  -6.77957296,   7.02021313,           4.
    720,  -8.09132957,    5.1757946,           4.
    721,  -8.98503017,   3.14199996,           4.
    722,  -9.45950985,   1.01514924,           4.
    723,  -8.59279823,   8.34170818,           4.
    724,   -10.027319,   5.98212719,           4.
    725,  -10.9688854,   3.56386805,           4.
    726,  -11.4759569,   1.10001493,           4.
    727,   -46.470932, -0.478512704,           4.
    728,  -46.4329376,   3.15645933,           4.
    729,  -46.3944016,   6.79930115,           4.
    730,  -46.3592453,   10.4444771,           4.
    731,  -42.9599533,  -0.34897843,           4.
    732,  -42.8832359,   3.27173424,           4.
    733,  -42.8041382,   6.89554119,           4.
    734,  -42.7313156,   10.5199823,           4.
    735,  -39.4740448, -0.173533216,           4.
    736,  -39.3572922,   3.42642307,           4.
    737,  -39.2346954,   7.02437019,           4.
    738,  -39.1205521,   10.6210279,           4.
    739,  -36.0194473, 0.0321019515,           4.
    740,  -35.8608704,   3.60657263,           4.
    741,   -35.690918,   7.17355585,           4.
    742,  -35.5306244,   10.7375259,           4.
    743,  -32.6077347,  0.255099118,           4.
    744,    -32.40242,   3.79832745,           4.
    745,  -32.1789436,   7.32887459,           4.
    746,  -31.9652081,   10.8562088,           4.
    747,  -29.2547112,  0.489265561,           4.
    748,  -28.9944382,   3.98747015,           4.
    749,  -28.7066383,   7.47242689,           4.
    750,  -28.4272118,   10.9589596,           4.
    751,  -25.9879704,  0.727277398,           4.
    752,  -25.6505775,   4.15367746,           4.
    753,  -25.2811222,    7.5784359,           4.
    754,  -24.9155941,   11.0194588,           4.
    755,  -22.7472248,  0.917296171,           4.
    756,  -22.3679485,   4.26301479,           4.
    757,  -21.9059277,   7.61095428,           4.
    758,  -21.4223118,    10.999505,           4.
    759,   -19.677454,   1.15286732,           4.
    760,  -19.1986256,   4.30806351,           4.
    761,  -18.6028576,   7.53304052,           4.
    762,  -17.9326935,   10.8549442,           4.
    763,  -16.6460915,   1.15946162,           4.
    764,  -16.1535473,    4.1940093,           4.
    765,  -15.4088621,    7.2712307,           4.
    766,  -14.4400024,   10.5083904,           4.
    767,   -46.303688,   17.7212887,           4.
    768,  -46.2917023,   21.3627186,           4.
    769,  -42.6155891,   17.7570724,           4.
    770,  -42.5899277,    21.380188,           4.
    771,  -38.9378738,   17.8065948,           4.
    772,   -38.896328,   21.4042778,           4.
    773,  -35.2721672,    17.864151,           4.
    774,  -35.2121658,   21.4322071,           4.
    775,    -31.61903,   17.9222298,           4.
    776,  -31.5376282,   21.4601917,           4.
    777,  -27.9760838,    17.970438,           4.
    778,  -27.8701973,   21.4828815,           4.
    779,    -24.33395,   17.9934673,           4.
    780,  -24.2016907,   21.4927139,           4.
    781,   -20.669363,   17.9701309,           4.
    782,  -20.5111504,    21.480545,           4.
    783,  -16.9313793,   17.8840828,           4.
    784,  -16.7669678,   21.4426804,           4.
    785,  -13.0436687,   17.7371826,           4.
    786,  -12.9297056,   21.3876171,           4.
    787,   9.27547932,  -12.6088648,           4.
    788,   5.04008198,  -14.2994251,           4.
    789,   9.39889717,  -17.2001038,           4.
    790,   9.44411755,   -21.175848,           4.
    791,   5.41404581,  -8.05883026,           4.
    792,   6.91412306,    -9.821311,           4.
    793,   12.4532108,  -5.15804529,           4.
    794,   11.2842884,  -8.57456398,           4.
    795,   21.0181122,  -13.6599483,           4.
    796,   17.4666729,  -13.4392757,           4.
    797,   13.6800451,  -13.1244745,           4.
    798,   5.53397274,  -21.3635139,           4.
    799,   5.41561604,  -17.8102837,           4.
    800,   4.08963776,  -11.3339281,           4.
    801,   3.28498697,   -9.1970396,           4.
    802,   8.35336876,  -3.94947839,           4.
    803,   10.1484537,  -4.49986362,           4.
    804,   7.11738157,  -6.21940947,           4.
    805,   8.86606121,  -7.27878666,           4.
    806,   15.2144375,  -5.64005518,           4.
    807,   18.2000599,  -5.98375988,           4.
    808,   21.2764778,  -6.26069498,           4.
    809,   14.5101089,   -9.2468605,           4.
    810,   17.8359489,   -9.6492157,           4.
    811,   21.1400509,  -9.93118286,           4.
    812,   20.9518757,  -17.4322739,           4.
    813,   20.9346809,  -21.2149429,           4.
    814,   17.2654343,  -17.3104897,           4.
    815,   17.1826839,  -21.1658058,           4.
    816,   13.4273319,  -17.1932144,           4.
    817,     13.34828,  -21.1337166,           4.
    818,   7.15432978,   13.1177826,           4.
    819, -0.828867793,   14.7290869,           4.
    820,     2.852705,   14.3010988,           4.
    821,   5.27739334,   10.3747635,           4.
    822,   4.12059784,   8.55830288,           4.
    823,   6.41499043,   21.2955379,           4.
    824,   6.73506546,   17.4491272,           4.
    825,   46.4804192,   13.9340286,           4.
    826,   42.9611816,    13.977253,           4.
    827,   39.4432106,   14.0357695,           4.
    828,   35.9298668,   14.1038866,           4.
    829,   32.4264526,   14.1756601,           4.
    830,   28.9387112,    14.243433,           4.
    831,   25.4694366,    14.295208,           4.
    832,   22.0138149,   14.3118935,           4.
    833,   18.5548992,   14.2642241,           4.
    834,   15.0499458,   14.1086998,           4.
    835,   11.3831253,   13.7727165,           4.
    836,   13.0318384,   1.13512182,           4.
    837,   12.3159781,   3.85579872,           4.
    838,   11.2327423,   6.60457134,           4.
    839,   9.64600945,   9.56645203,           4.
    840,   1.88465464,   9.44648266,           4.
    841, -0.532221317,   9.72745037,           4.
    842,   2.35229802,    11.536869,           4.
    843, -0.605560899,   12.0251322,           4.
    844,  -1.06891203,   17.9889088,           4.
    845,  -1.28679371,   21.4639778,           4.
    846,   2.76540112,   17.7845802,           4.
    847,   2.57442617,   21.3860245,           4.
    848,   10.2517309,   21.3076553,           4.
    849,    13.997304,   21.3541603,           4.
    850,   17.6658745,   21.3907509,           4.
    851,   21.2869797,   21.4070663,           4.
    852,   24.8847542,   21.4061184,           4.
    853,    28.474247,   21.3939362,           4.
    854,   32.0628662,   21.3758183,           4.
    855,   35.6528702,   21.3556213,           4.
    856,   39.2436485,   21.3361282,           4.
    857,   42.8333282,   21.3196373,           4.
    858,   46.4195862,   21.3082981,           4.
    859,   10.6845627,   17.5617981,           4.
    860,   14.4295378,    17.707222,           4.
    861,   18.0500145,   17.7995319,           4.
    862,   21.6115475,   17.8368988,           4.
    863,   25.1517258,   17.8344955,           4.
    864,   28.6895542,   17.8078556,           4.
    865,   32.2328453,   17.7688751,           4.
    866,   35.7827606,   17.7257767,           4.
    867,   39.3372459,   17.6842804,           4.
    868,   42.8933372,   17.6489182,           4.
    869,   46.4483376,   17.6238365,           4.
    870,   46.5277672,   10.2628679,           4.
    871,   46.5766983,   6.60631466,           4.
    872,   46.6269608,   2.97631979,           4.
    873,   46.6780357, -0.631103635,           4.
    874,   43.0574341,   10.3280392,           4.
    875,   43.1575623,   6.69450855,           4.
    876,   43.2601776,   3.08317804,           4.
    877,   43.3624611, -0.504138947,           4.
    878,   39.5916748,   10.4138136,           4.
    879,   39.7468796,   6.80806112,           4.
    880,   39.9047775,   3.21875954,           4.
    881,   40.0586319, -0.355563909,           4.
    882,   36.1357803,   10.5122766,           4.
    883,   36.3518143,   6.93691158,           4.
    884,   36.5686188,    3.3718524,           4.
    885,     36.77351, -0.188831523,           4.
    886,   32.6977577,   10.6155825,           4.
    887,   32.9822083,   7.07141781,           4.
    888,   33.2609367,   3.53233171,           4.
    889,   33.5144653, -0.0122984201,           4.
    890,   29.2861748,   10.7138853,           4.
    891,   29.6468124,   7.20131302,           4.
    892,   29.9897881,   3.69035459,           4.
    893,   30.2889481,  0.166184217,           4.
    894,   25.9057064,   10.7929783,           4.
    895,   26.3520279,   7.31235409,           4.
    896,   26.7639008,   3.83477116,           4.
    897,   27.1085205,  0.341921926,           4.
    898,   22.5571022,   10.8301306,           4.
    899,   23.1056175,    7.3837862,           4.
    900,   23.5980988,   3.95251608,           4.
    901,   23.9966679,  0.516865075,           4.
    902,   19.2392178,   10.7912331,           4.
    903,   19.9217682,   7.38633537,           4.
    904,   20.5165176,   4.02571201,           4.
    905,   20.9847927,   0.68989259,           4.
    906,   15.9526186,   10.6258173,           4.
    907,   16.8292847,    7.2823143,           4.
    908,   17.5563354,   4.03045607,           4.
    909,    18.089756,  0.818170726,           4.
    910,   12.7167244,   10.2562933,           4.
    911,   13.8916807,   7.03129387,           4.
    912,   14.7887449,   3.96543455,           4.
    913,   15.3907232,  0.936641037,           4.
    914,   10.7979918,  0.959182858,           4.
    915,   9.06477165,  0.833185196,           4.
    916,   10.1858044,   3.44940996,           4.
    917,   8.53495693,   3.05798817,           4.
    918,    9.1046381,   5.87900114,           4.
    919,   7.50946093,   5.18398952,           4.
    920,   7.51057673,   8.23011971,           4.
    921,   6.02507162,   7.08175802,           4.
    922,   27.8497601,  -21.3205414,           4.
    923,   27.7941952,  -17.6492729,           4.
    924,   27.7194538,   -13.991643,           4.
    925,   27.6461716,  -10.3533363,           4.
    926,   27.5395164,  -6.74589443,           4.
    927,   31.0457363,  -21.3751698,           4.
    928,   31.0016193,  -17.7539444,           4.
    929,     30.93507,  -14.1400967,           4.
    930,   30.8417053,  -10.5371914,           4.
    931,   30.7080612,  -6.94944859,           4.
    932,   34.2268448,  -21.4257736,           4.
    933,   34.1880569,  -17.8527813,           4.
    934,   34.1258926,  -14.2819347,           4.
    935,    34.030426,  -10.7121935,           4.
    936,   33.8959885,  -7.14137888,           4.
    937,   37.3937416,  -21.4735947,           4.
    938,    37.360527,  -17.9466095,           4.
    939,   37.3055573,  -14.4169331,           4.
    940,   37.2186089,  -10.8780422,           4.
    941,   37.0981522,  -7.32286024,           4.
    942,    40.550705,  -21.5170326,           4.
    943,   40.5247307,  -18.0314789,           4.
    944,   40.4797974,  -14.5379953,           4.
    945,   40.4085884,  -11.0261068,           4.
    946,   40.3117867,  -7.48597002,           4.
    947,   43.7022209,  -21.5513382,           4.
    948,   43.6839676,  -18.0974045,           4.
    949,   43.6516876,  -14.6312389,           4.
    950,   43.6015015,  -11.1412649,           4.
    951,   43.5346375,  -7.61703825,           4.
    952,   46.8512039,  -21.5696793,           4.
    953,    46.841301,  -18.1327019,           4.
    954,   46.8242111,  -14.6822405,           4.
    955,    46.798439,  -11.2081347,           4.
    956,   46.7647285,  -7.70294571,           4.
    957,  -32.7639198,   -3.3121891,           8.
    958,  -32.4399986,   24.97568661,           8.
    959,  -32.1537374,   24.97568661,           8.
    960,   -32.1537374,  -4.16012287,           8.
    961,  0.659484386,  -7.47094917,           8.
    962,   1.73020411,   24.97568661,           8.
    963,  -7.45381594,  -0.83103925,           8.
    964,  -5.26094294,    27.88316572,           8.
    965,  -2.14963031,    7.1853385,           8.
    966,  -32.1537374,    27.88316572,           8.
    967,    7.3931427,  -1.26152217,           8.
    968,   5.30330086,  -5.30330086,           8.
    969,   24.2914677,  -2.93405628,           8.
    970,   24.6997013,   24.97568661,           8.
    971,   32.1537374,    27.88316572,           8.
    972,   32.1537374,  -4.28285742,           8.
    973,   32.1537374,   24.97568661,           8.
    974,  -32.8109665,  -6.90364075,           8.
    975,  -32.7700615,  -10.5070057,           8.
    976,  -32.6753998,    -14.12043,           8.
    977,   -32.567894,  -17.7425709,           8.
    978,  -32.4834137,  -21.3697662,           8.
    979,  -35.9978027,   24.97568661,           8.
    980,  -39.5223274,   24.97568661,           8.
    981,  -43.0249481,   24.97568661,           8.
    982,  -46.5149956,   24.97568661,           8.
    983,  -32.1537374,  -21.5763092,           8.
    984,  -32.1537374,  -18.1449623,           8.
    985,   -32.1537374,  -14.6983032,           8.
    986,   -32.1537374,   -11.225255,           8.
    987,   -32.1537374,  -7.71512079,           8.
    988,  -46.5041313,  -4.09627199,           8.
    989,  -43.0247421,  -3.96239471,           8.
    990,  -39.5690193,  -3.77523255,           8.
    991,  -36.1414413,  -3.55402136,           8.
    992,  -6.98395157,  -2.73393917,           8.
    993,  -6.03921652,  -4.44723082,           8.
    994,  -4.70120382,  -5.84368753,           8.
    995,  -3.06501818,  -6.84511948,           8.
    996,  -1.23148954,   -7.3982048,           8.
    997,  0.899139464,  -9.70504284,           8.
    998,   1.11785936,  -12.0170279,           8.
    999,    1.3724699,  -14.9931431,           8.
   1000,   1.60438025,  -18.0880375,           8.
   1001,   1.68934631,   -21.467926,           8.
   1002,  -2.11672521,   24.97568661,           8.
   1003,  -5.98207617,   24.97568661,           8.
   1004,  -9.87688351,   24.97568661,           8.
   1005,   -13.781146,   24.97568661,           8.
   1006,  -17.6455822,   24.97568661,           8.
   1007,   -21.445755,   24.97568661,           8.
   1008,  -25.1753635,   24.97568661,           8.
   1009,  -28.8370876,   24.97568661,           8.
   1010,  -29.4428234,  -3.04294801,           8.
   1011,  -26.2792072,  -2.71501255,           8.
   1012,  -22.9599056,  -2.50808477,           8.
   1013,  -19.8074608,  -2.25403523,           8.
   1014,  -16.8327141,  -1.96036017,           8.
   1015,   -14.054821,  -1.65597224,           8.
   1016,  -11.5666761,  -1.37643278,           8.
   1017,  -9.51720238,  -1.10097504,           8.
   1018,  -46.2833595,    27.88316572,           8.
   1019,  -42.5720978,    27.88316572,           8.
   1020,  -38.8676109,    27.88316572,           8.
   1021,  -35.1711044,    27.88316572,           8.
   1022,  -31.4830303,    27.88316572,           8.
   1023,  -27.8019085,    27.88316572,           8.
   1024,  -24.1224766,    27.88316572,           8.
   1025,  -20.4277363,    27.88316572,           8.
   1026,  -16.6988945,    27.88316572,           8.
   1027,  -12.8983278,    27.88316572,           8.
   1028,  -9.05583668,    27.88316572,           8.
   1029,  -5.10994339,   21.4678154,           8.
   1030,  -4.89053106,   17.9346275,           8.
   1031,  -4.47380447,   14.5459671,           8.
   1032,   -3.6190052,   11.6247635,           8.
   1033,  -2.90165162,   9.41165829,           8.
   1034,  -3.77427411,   6.48111534,           8.
   1035,  -5.17207909,   5.43135309,           8.
   1036,  -6.28594398,   4.09107685,           8.
   1037,  -7.05764866,   2.53763604,           8.
   1038,    -7.449718,  0.867005944,           8.
   1039,   -32.1537374, -0.547561884,           8.
   1040,    -32.1537374,   3.09360242,           8.
   1041,    -32.1537374,   6.74625254,           8.
   1042,    -32.1537374,    10.400753,           8.
   1043,   -32.1537374,   14.0509796,           8.
   1044,    -32.1537374,   17.7034473,           8.
   1045,    -32.1537374,    21.353714,           8.
   1046,   20.9416809,   24.97568661,           8.
   1047,   17.1656666,   24.97568661,           8.
   1048,   13.3389845,   24.97568661,           8.
   1049,   9.46757412,   24.97568661,           8.
   1050,   5.58681107,   24.97568661,           8.
   1051,   2.47006416,  -7.08158064,           8.
   1052,   4.06603718,  -6.30216932,           8.
   1053,   9.11515236,  -1.32666922,           8.
   1054,   10.9117241,  -1.60982156,           8.
   1055,   13.1217203,  -1.91096759,           8.
   1056,   15.6525526,  -2.17216277,           8.
   1057,   18.4269123,  -2.39185524,           8.
   1058,   21.3344173,  -2.61481047,           8.
   1059,   6.71023226,   -3.3500421,           8.
   1060,   24.4044781,  -6.51724291,           8.
   1061,   24.4296627,  -10.1548738,           8.
   1062,   24.4452076,  -13.8341417,           8.
   1063,   24.5600033,  -17.5348186,           8.
   1064,   24.6470604,  -21.2576084,           8.
   1065,   7.46823215,  0.689573288,           8.
   1066,   7.04647732,   2.56849289,           8.
   1067,   6.15436506,   4.28646612,           8.
   1068,   4.85580826,   5.71586609,           8.
   1069,   3.26039505,    6.7542448,           8.
   1070,   1.48566127,   7.35138178,           8.
   1071, -0.362550139,   7.49123192,           8.
   1072,  -1.51106608,    27.88316572,           8.
   1073,   2.40410662,    27.88316572,           8.
   1074,   6.24232721,    27.88316572,           8.
   1075,   10.0406809,    27.88316572,           8.
   1076,   13.7813406,    27.88316572,           8.
   1077,   17.4677677,    27.88316572,           8.
   1078,   21.1157017,    27.88316572,           8.
   1079,   24.7415752,    27.88316572,           8.
   1080,   28.3573132,    27.88316572,           8.
   1081,   31.9696026,    27.88316572,           8.
   1082,   35.5810356,    27.88316572,           8.
   1083,   39.1915894,    27.88316572,           8.
   1084,   42.7997894,    27.88316572,           8.
   1085,   46.4034309,    27.88316572,           8.
   1086,   32.1537374,   21.2990513,           8.
   1087,   32.1537374,   17.6041012,           8.
   1088,   32.1537374,   13.9113274,           8.
   1089,   32.1537374,   10.2267027,           8.
   1090,   32.1537374,   6.55535364,           8.
   1091,   32.1537374,   2.91110134,           8.
   1092,   32.1537374,  -0.75691849,           8.
   1093,   46.7258415,  -4.20734596,           8.
   1094,   43.4572144,  -4.09107685,           8.
   1095,   40.1985092,  -3.93781328,           8.
   1096,   36.9550323,  -3.75983334,           8.
   1097,   33.7326012,   -3.5689187,           8.
   1098,   30.5367641,  -3.37249088,           8.
   1099,   27.3771114,  -3.17044783,           8.
   1100,   32.1537374,  -7.77926445,           8.
   1101,   32.1537374,  -11.2591887,           8.
   1102,   32.1537374,  -14.7144079,           8.
   1103,   32.1537374,  -18.1503696,           8.
   1104,   32.1537374,  -21.5760632,           8.
   1105,   46.8569832,   24.97568661,           8.
   1106,   43.7127419,   24.97568661,           8.
   1107,   40.5671959,   24.97568661,           8.
   1108,   37.4150429,   24.97568661,           8.
   1109,   34.2497826,   24.97568661,           8.
   1110,   31.0685024,   24.97568661,           8.
   1111,   27.8773441,   24.97568661,           8.
   1112,   -36.196434,  -7.13984871,           8.
   1113,  -36.1886635,  -10.7151756,           8.
   1114,  -36.1403122,  -14.2858305,           8.
   1115,  -36.0780487,  -17.8558578,           8.
   1116,  -36.0253258,  -21.4269371,           8.
   1117,   -39.617382,  -7.35030842,           8.
   1118,  -39.6248322,  -10.8988552,           8.
   1119,  -39.6032906,  -14.4312153,           8.
   1120,  -39.5694122,  -17.9553604,           8.
   1121,  -39.5383301,  -21.4769287,           8.
   1122,   -43.062561,   -7.5209527,           8.
   1123,  -43.0740891,  -11.0459719,           8.
   1124,  -43.0665894,  -14.5476589,           8.
   1125,  -43.0499763,   -18.035429,           8.
   1126,  -43.0333214,  -21.5172386,           8.
   1127,   -46.525795,  -7.63051176,           8.
   1128,  -46.5336456,  -11.1407328,           8.
   1129,  -46.5319672,  -14.6249924,           8.
   1130,  -46.5254936,  -18.0904961,           8.
   1131,  -46.5184517,   -21.546011,           8.
   1132,  -10.0198879,  -12.3168201,           8.
   1133,  -2.07468367,  -14.6665058,           8.
   1134,  -5.70956564,  -13.8870564,           8.
   1135,   -7.6455822,   -9.4705801,           8.
   1136,  -6.10923433,  -7.61052608,           8.
   1137,  -9.92609406,  -21.0825996,           8.
   1138,  -9.99717331,  -16.9936409,           8.
   1139,  -29.1930466,  -13.9425669,           8.
   1140,  -25.6822243,  -13.7519865,           8.
   1141,  -22.1098881,  -13.5363417,           8.
   1142,  -18.4376945,  -13.2712984,           8.
   1143,  -14.5407515,  -12.9055233,           8.
   1144,  -13.5149364,  -4.84547043,           8.
   1145,  -12.1995068,   -8.2650013,           8.
   1146,  -3.98331857,  -8.90088177,           8.
   1147,  -1.57050014,   -9.5968914,           8.
   1148,  -4.79256487,  -11.0231991,           8.
   1149,  -1.82997227,  -11.8259068,           8.
   1150,  -2.13500929,  -17.9251881,           8.
   1151,  -2.13627982,  -21.4130363,           8.
   1152,  -5.95611954,  -17.5162277,           8.
   1153,  -6.00014257,  -21.2529659,           8.
   1154,  -13.8858089,  -21.0600681,           8.
   1155,  -17.7693806,  -21.1079178,           8.
   1156,  -21.5606003,  -21.1748371,           8.
   1157,  -25.2672882,  -21.2429676,           8.
   1158,  -28.9040089,  -21.3081245,           8.
   1159,  -14.1084185,  -17.0388813,           8.
   1160,  -18.0226555,  -17.1918507,           8.
   1161,  -21.7822571,  -17.3482018,           8.
   1162,  -25.4400024,  -17.4907303,           8.
   1163,  -29.0262375,  -17.6209984,           8.
   1164,   -29.352375,  -10.2828321,           8.
   1165,  -29.4425983,  -6.64782619,           8.
   1166,   -25.933754,  -10.0409002,           8.
   1167,   -26.158453,  -6.36245918,           8.
   1168,  -22.5156422,  -9.76629829,           8.
   1169,  -22.9028282,  -6.06271839,           8.
   1170,   -19.077343,  -9.43387794,           8.
   1171,  -19.7458344,  -5.71106434,           8.
   1172,  -15.6052513,  -8.98156548,           8.
   1173,   -16.603405,  -5.32185841,           8.
   1174,   -10.951643,  -4.14170933,           8.
   1175,  -8.89615917,  -3.51332402,           8.
   1176,  -9.64318848,  -6.90711308,           8.
   1177,  -7.76753855,  -5.75444651,           8.
   1178,  -8.86137104,   13.3343868,           8.
   1179,  -8.94719124,   17.6085167,           8.
   1180,  -9.00985622,   21.3706074,           8.
   1181,   -5.0403595,   8.49326038,           8.
   1182,  -6.52508736,   10.4581184,           8.
   1183,  -13.9087563,   1.19747543,           8.
   1184,  -13.3708572,   3.98519564,           8.
   1185,  -12.4551582,   6.81024599,           8.
   1186,  -11.0487957,   9.85735226,           8.
   1187,  -46.3239326,   14.0756226,           8.
   1188,  -42.6586761,   14.1311474,           8.
   1189,   -39.007309,   14.2079544,           8.
   1190,  -35.3720322,   14.2971725,           8.
   1191,  -31.7544289,   14.3879118,           8.
   1192,  -28.1538601,   14.4651003,           8.
   1193,  -24.5630569,   14.5065823,           8.
   1194,  -20.9594593,   14.4777813,           8.
   1195,  -17.2817173,   14.3396053,           8.
   1196,  -13.3696547,   14.0500317,           8.
   1197,  -6.77957296,   7.02021313,           8.
   1198,  -8.09132957,    5.1757946,           8.
   1199,  -8.98503017,   3.14199996,           8.
   1200,  -9.45950985,   1.01514924,           8.
   1201,  -8.59279823,   8.34170818,           8.
   1202,   -10.027319,   5.98212719,           8.
   1203,  -10.9688854,   3.56386805,           8.
   1204,  -11.4759569,   1.10001493,           8.
   1205,   -46.470932, -0.478512704,           8.
   1206,  -46.4329376,   3.15645933,           8.
   1207,  -46.3944016,   6.79930115,           8.
   1208,  -46.3592453,   10.4444771,           8.
   1209,  -42.9599533,  -0.34897843,           8.
   1210,  -42.8832359,   3.27173424,           8.
   1211,  -42.8041382,   6.89554119,           8.
   1212,  -42.7313156,   10.5199823,           8.
   1213,  -39.4740448, -0.173533216,           8.
   1214,  -39.3572922,   3.42642307,           8.
   1215,  -39.2346954,   7.02437019,           8.
   1216,  -39.1205521,   10.6210279,           8.
   1217,  -36.0194473, 0.0321019515,           8.
   1218,  -35.8608704,   3.60657263,           8.
   1219,   -35.690918,   7.17355585,           8.
   1220,  -35.5306244,   10.7375259,           8.
   1221,  -32.6077347,  0.255099118,           8.
   1222,    -32.40242,   3.79832745,           8.
   1223,  -32.1789436,   7.32887459,           8.
   1224,  -31.9652081,   10.8562088,           8.
   1225,  -29.2547112,  0.489265561,           8.
   1226,  -28.9944382,   3.98747015,           8.
   1227,  -28.7066383,   7.47242689,           8.
   1228,  -28.4272118,   10.9589596,           8.
   1229,  -25.9879704,  0.727277398,           8.
   1230,  -25.6505775,   4.15367746,           8.
   1231,  -25.2811222,    7.5784359,           8.
   1232,  -24.9155941,   11.0194588,           8.
   1233,  -22.7472248,  0.917296171,           8.
   1234,  -22.3679485,   4.26301479,           8.
   1235,  -21.9059277,   7.61095428,           8.
   1236,  -21.4223118,    10.999505,           8.
   1237,   -19.677454,   1.15286732,           8.
   1238,  -19.1986256,   4.30806351,           8.
   1239,  -18.6028576,   7.53304052,           8.
   1240,  -17.9326935,   10.8549442,           8.
   1241,  -16.6460915,   1.15946162,           8.
   1242,  -16.1535473,    4.1940093,           8.
   1243,  -15.4088621,    7.2712307,           8.
   1244,  -14.4400024,   10.5083904,           8.
   1245,   -46.303688,   17.7212887,           8.
   1246,  -46.2917023,   21.3627186,           8.
   1247,  -42.6155891,   17.7570724,           8.
   1248,  -42.5899277,    21.380188,           8.
   1249,  -38.9378738,   17.8065948,           8.
   1250,   -38.896328,   21.4042778,           8.
   1251,  -35.2721672,    17.864151,           8.
   1252,  -35.2121658,   21.4322071,           8.
   1253,    -31.61903,   17.9222298,           8.
   1254,  -31.5376282,   21.4601917,           8.
   1255,  -27.9760838,    17.970438,           8.
   1256,  -27.8701973,   21.4828815,           8.
   1257,    -24.33395,   17.9934673,           8.
   1258,  -24.2016907,   21.4927139,           8.
   1259,   -20.669363,   17.9701309,           8.
   1260,  -20.5111504,    21.480545,           8.
   1261,  -16.9313793,   17.8840828,           8.
   1262,  -16.7669678,   21.4426804,           8.
   1263,  -13.0436687,   17.7371826,           8.
   1264,  -12.9297056,   21.3876171,           8.
   1265,   9.27547932,  -12.6088648,           8.
   1266,   5.04008198,  -14.2994251,           8.
   1267,   9.39889717,  -17.2001038,           8.
   1268,   9.44411755,   -21.175848,           8.
   1269,   5.41404581,  -8.05883026,           8.
   1270,   6.91412306,    -9.821311,           8.
   1271,   12.4532108,  -5.15804529,           8.
   1272,   11.2842884,  -8.57456398,           8.
   1273,   21.0181122,  -13.6599483,           8.
   1274,   17.4666729,  -13.4392757,           8.
   1275,   13.6800451,  -13.1244745,           8.
   1276,   5.53397274,  -21.3635139,           8.
   1277,   5.41561604,  -17.8102837,           8.
   1278,   4.08963776,  -11.3339281,           8.
   1279,   3.28498697,   -9.1970396,           8.
   1280,   8.35336876,  -3.94947839,           8.
   1281,   10.1484537,  -4.49986362,           8.
   1282,   7.11738157,  -6.21940947,           8.
   1283,   8.86606121,  -7.27878666,           8.
   1284,   15.2144375,  -5.64005518,           8.
   1285,   18.2000599,  -5.98375988,           8.
   1286,   21.2764778,  -6.26069498,           8.
   1287,   14.5101089,   -9.2468605,           8.
   1288,   17.8359489,   -9.6492157,           8.
   1289,   21.1400509,  -9.93118286,           8.
   1290,   20.9518757,  -17.4322739,           8.
   1291,   20.9346809,  -21.2149429,           8.
   1292,   17.2654343,  -17.3104897,           8.
   1293,   17.1826839,  -21.1658058,           8.
   1294,   13.4273319,  -17.1932144,           8.
   1295,     13.34828,  -21.1337166,           8.
   1296,   7.15432978,   13.1177826,           8.
   1297, -0.828867793,   14.7290869,           8.
   1298,     2.852705,   14.3010988,           8.
   1299,   5.27739334,   10.3747635,           8.
   1300,   4.12059784,   8.55830288,           8.
   1301,   6.41499043,   21.2955379,           8.
   1302,   6.73506546,   17.4491272,           8.
   1303,   46.4804192,   13.9340286,           8.
   1304,   42.9611816,    13.977253,           8.
   1305,   39.4432106,   14.0357695,           8.
   1306,   35.9298668,   14.1038866,           8.
   1307,   32.4264526,   14.1756601,           8.
   1308,   28.9387112,    14.243433,           8.
   1309,   25.4694366,    14.295208,           8.
   1310,   22.0138149,   14.3118935,           8.
   1311,   18.5548992,   14.2642241,           8.
   1312,   15.0499458,   14.1086998,           8.
   1313,   11.3831253,   13.7727165,           8.
   1314,   13.0318384,   1.13512182,           8.
   1315,   12.3159781,   3.85579872,           8.
   1316,   11.2327423,   6.60457134,           8.
   1317,   9.64600945,   9.56645203,           8.
   1318,   1.88465464,   9.44648266,           8.
   1319, -0.532221317,   9.72745037,           8.
   1320,   2.35229802,    11.536869,           8.
   1321, -0.605560899,   12.0251322,           8.
   1322,  -1.06891203,   17.9889088,           8.
   1323,  -1.28679371,   21.4639778,           8.
   1324,   2.76540112,   17.7845802,           8.
   1325,   2.57442617,   21.3860245,           8.
   1326,   10.2517309,   21.3076553,           8.
   1327,    13.997304,   21.3541603,           8.
   1328,   17.6658745,   21.3907509,           8.
   1329,   21.2869797,   21.4070663,           8.
   1330,   24.8847542,   21.4061184,           8.
   1331,    28.474247,   21.3939362,           8.
   1332,   32.0628662,   21.3758183,           8.
   1333,   35.6528702,   21.3556213,           8.
   1334,   39.2436485,   21.3361282,           8.
   1335,   42.8333282,   21.3196373,           8.
   1336,   46.4195862,   21.3082981,           8.
   1337,   10.6845627,   17.5617981,           8.
   1338,   14.4295378,    17.707222,           8.
   1339,   18.0500145,   17.7995319,           8.
   1340,   21.6115475,   17.8368988,           8.
   1341,   25.1517258,   17.8344955,           8.
   1342,   28.6895542,   17.8078556,           8.
   1343,   32.2328453,   17.7688751,           8.
   1344,   35.7827606,   17.7257767,           8.
   1345,   39.3372459,   17.6842804,           8.
   1346,   42.8933372,   17.6489182,           8.
   1347,   46.4483376,   17.6238365,           8.
   1348,   46.5277672,   10.2628679,           8.
   1349,   46.5766983,   6.60631466,           8.
   1350,   46.6269608,   2.97631979,           8.
   1351,   46.6780357, -0.631103635,           8.
   1352,   43.0574341,   10.3280392,           8.
   1353,   43.1575623,   6.69450855,           8.
   1354,   43.2601776,   3.08317804,           8.
   1355,   43.3624611, -0.504138947,           8.
   1356,   39.5916748,   10.4138136,           8.
   1357,   39.7468796,   6.80806112,           8.
   1358,   39.9047775,   3.21875954,           8.
   1359,   40.0586319, -0.355563909,           8.
   1360,   36.1357803,   10.5122766,           8.
   1361,   36.3518143,   6.93691158,           8.
   1362,   36.5686188,    3.3718524,           8.
   1363,     36.77351, -0.188831523,           8.
   1364,   32.6977577,   10.6155825,           8.
   1365,   32.9822083,   7.07141781,           8.
   1366,   33.2609367,   3.53233171,           8.
   1367,   33.5144653, -0.0122984201,           8.
   1368,   29.2861748,   10.7138853,           8.
   1369,   29.6468124,   7.20131302,           8.
   1370,   29.9897881,   3.69035459,           8.
   1371,   30.2889481,  0.166184217,           8.
   1372,   25.9057064,   10.7929783,           8.
   1373,   26.3520279,   7.31235409,           8.
   1374,   26.7639008,   3.83477116,           8.
   1375,   27.1085205,  0.341921926,           8.
   1376,   22.5571022,   10.8301306,           8.
   1377,   23.1056175,    7.3837862,           8.
   1378,   23.5980988,   3.95251608,           8.
   1379,   23.9966679,  0.516865075,           8.
   1380,   19.2392178,   10.7912331,           8.
   1381,   19.9217682,   7.38633537,           8.
   1382,   20.5165176,   4.02571201,           8.
   1383,   20.9847927,   0.68989259,           8.
   1384,   15.9526186,   10.6258173,           8.
   1385,   16.8292847,    7.2823143,           8.
   1386,   17.5563354,   4.03045607,           8.
   1387,    18.089756,  0.818170726,           8.
   1388,   12.7167244,   10.2562933,           8.
   1389,   13.8916807,   7.03129387,           8.
   1390,   14.7887449,   3.96543455,           8.
   1391,   15.3907232,  0.936641037,           8.
   1392,   10.7979918,  0.959182858,           8.
   1393,   9.06477165,  0.833185196,           8.
   1394,   10.1858044,   3.44940996,           8.
   1395,   8.53495693,   3.05798817,           8.
   1396,    9.1046381,   5.87900114,           8.
   1397,   7.50946093,   5.18398952,           8.
   1398,   7.51057673,   8.23011971,           8.
   1399,   6.02507162,   7.08175802,           8.
   1400,   27.8497601,  -21.3205414,           8.
   1401,   27.7941952,  -17.6492729,           8.
   1402,   27.7194538,   -13.991643,           8.
   1403,   27.6461716,  -10.3533363,           8.
   1404,   27.5395164,  -6.74589443,           8.
   1405,   31.0457363,  -21.3751698,           8.
   1406,   31.0016193,  -17.7539444,           8.
   1407,     30.93507,  -14.1400967,           8.
   1408,   30.8417053,  -10.5371914,           8.
   1409,   30.7080612,  -6.94944859,           8.
   1410,   34.2268448,  -21.4257736,           8.
   1411,   34.1880569,  -17.8527813,           8.
   1412,   34.1258926,  -14.2819347,           8.
   1413,    34.030426,  -10.7121935,           8.
   1414,   33.8959885,  -7.14137888,           8.
   1415,   37.3937416,  -21.4735947,           8.
   1416,    37.360527,  -17.9466095,           8.
   1417,   37.3055573,  -14.4169331,           8.
   1418,   37.2186089,  -10.8780422,           8.
   1419,   37.0981522,  -7.32286024,           8.
   1420,    40.550705,  -21.5170326,           8.
   1421,   40.5247307,  -18.0314789,           8.
   1422,   40.4797974,  -14.5379953,           8.
   1423,   40.4085884,  -11.0261068,           8.
   1424,   40.3117867,  -7.48597002,           8.
   1425,   43.7022209,  -21.5513382,           8.
   1426,   43.6839676,  -18.0974045,           8.
   1427,   43.6516876,  -14.6312389,           8.
   1428,   43.6015015,  -11.1412649,           8.
   1429,   43.5346375,  -7.61703825,           8.
   1430,   46.8512039,  -21.5696793,           8.
   1431,    46.841301,  -18.1327019,           8.
   1432,   46.8242111,  -14.6822405,           8.
   1433,    46.798439,  -11.2081347,           8.
   1434,   46.7647285,  -7.70294571,           8.
   1435,  -32.7639198,   -3.3121891,          12.
   1436,  -32.4399986,   24.97568661,          12.
   1437,   -32.1537374,   24.97568661,          12.
   1438,   -32.1537374,  -4.16012287,          12.
   1439,  0.659484386,  -7.47094917,          12.
   1440,   1.73020411,   24.97568661,          12.
   1441,  -7.45381594,  -0.83103925,          12.
   1442,  -5.26094294,    27.88316572,          12.
   1443,  -2.14963031,    7.1853385,          12.
   1444,    -32.1537374,    27.88316572,          12.
   1445,    7.3931427,  -1.26152217,          12.
   1446,   5.30330086,  -5.30330086,          12.
   1447,   24.2914677,  -2.93405628,          12.
   1448,   24.6997013,   24.97568661,          12.
   1449,   32.1537374,    27.88316572,          12.
   1450,   32.1537374,  -4.28285742,          12.
   1451,   32.1537374,   24.97568661,          12.
   1452,  -32.8109665,  -6.90364075,          12.
   1453,  -32.7700615,  -10.5070057,          12.
   1454,  -32.6753998,    -14.12043,          12.
   1455,   -32.567894,  -17.7425709,          12.
   1456,  -32.4834137,  -21.3697662,          12.
   1457,  -35.9978027,   24.97568661,          12.
   1458,  -39.5223274,   24.97568661,          12.
   1459,  -43.0249481,   24.97568661,          12.
   1460,  -46.5149956,   24.97568661,          12.
   1461,   -32.1537374,  -21.5763092,          12.
   1462,    -32.1537374,  -18.1449623,          12.
   1463,   -32.1537374,  -14.6983032,          12.
   1464,  -32.1537374,   -11.225255,          12.
   1465,  -32.1537374,  -7.71512079,          12.
   1466,  -46.5041313,  -4.09627199,          12.
   1467,  -43.0247421,  -3.96239471,          12.
   1468,  -39.5690193,  -3.77523255,          12.
   1469,  -36.1414413,  -3.55402136,          12.
   1470,  -6.98395157,  -2.73393917,          12.
   1471,  -6.03921652,  -4.44723082,          12.
   1472,  -4.70120382,  -5.84368753,          12.
   1473,  -3.06501818,  -6.84511948,          12.
   1474,  -1.23148954,   -7.3982048,          12.
   1475,  0.899139464,  -9.70504284,          12.
   1476,   1.11785936,  -12.0170279,          12.
   1477,    1.3724699,  -14.9931431,          12.
   1478,   1.60438025,  -18.0880375,          12.
   1479,   1.68934631,   -21.467926,          12.
   1480,  -2.11672521,   24.97568661,          12.
   1481,  -5.98207617,   24.97568661,          12.
   1482,  -9.87688351,   24.97568661,          12.
   1483,   -13.781146,   24.97568661,          12.
   1484,  -17.6455822,   24.97568661,          12.
   1485,   -21.445755,   24.97568661,          12.
   1486,  -25.1753635,   24.97568661,          12.
   1487,  -28.8370876,   24.97568661,          12.
   1488,  -29.4428234,  -3.04294801,          12.
   1489,  -26.2792072,  -2.71501255,          12.
   1490,  -22.9599056,  -2.50808477,          12.
   1491,  -19.8074608,  -2.25403523,          12.
   1492,  -16.8327141,  -1.96036017,          12.
   1493,   -14.054821,  -1.65597224,          12.
   1494,  -11.5666761,  -1.37643278,          12.
   1495,  -9.51720238,  -1.10097504,          12.
   1496,  -46.2833595,    27.88316572,          12.
   1497,  -42.5720978,    27.88316572,          12.
   1498,  -38.8676109,    27.88316572,          12.
   1499,  -35.1711044,    27.88316572,          12.
   1500,  -31.4830303,    27.88316572,          12.
   1501,  -27.8019085,    27.88316572,          12.
   1502,  -24.1224766,    27.88316572,          12.
   1503,  -20.4277363,    27.88316572,          12.
   1504,  -16.6988945,    27.88316572,          12.
   1505,  -12.8983278,    27.88316572,          12.
   1506,  -9.05583668,    27.88316572,          12.
   1507,  -5.10994339,   21.4678154,          12.
   1508,  -4.89053106,   17.9346275,          12.
   1509,  -4.47380447,   14.5459671,          12.
   1510,   -3.6190052,   11.6247635,          12.
   1511,  -2.90165162,   9.41165829,          12.
   1512,  -3.77427411,   6.48111534,          12.
   1513,  -5.17207909,   5.43135309,          12.
   1514,  -6.28594398,   4.09107685,          12.
   1515,  -7.05764866,   2.53763604,          12.
   1516,  -7.449718,  0.867005944,          12.
   1517,  -32.1537374, -0.547561884,          12.
   1518,  -32.1537374,   3.09360242,          12.
   1519,   -32.1537374,   6.74625254,          12.
   1520,   -32.1537374,    10.400753,          12.
   1521,    -32.1537374,   14.0509796,          12.
   1522,    -32.1537374,   17.7034473,          12.
   1523,   -32.1537374,    21.353714,          12.
   1524,   20.9416809,   24.97568661,          12.
   1525,   17.1656666,   24.97568661,          12.
   1526,   13.3389845,   24.97568661,          12.
   1527,   9.46757412,   24.97568661,          12.
   1528,   5.58681107,   24.97568661,          12.
   1529,   2.47006416,  -7.08158064,          12.
   1530,   4.06603718,  -6.30216932,          12.
   1531,   9.11515236,  -1.32666922,          12.
   1532,   10.9117241,  -1.60982156,          12.
   1533,   13.1217203,  -1.91096759,          12.
   1534,   15.6525526,  -2.17216277,          12.
   1535,   18.4269123,  -2.39185524,          12.
   1536,   21.3344173,  -2.61481047,          12.
   1537,   6.71023226,   -3.3500421,          12.
   1538,   24.4044781,  -6.51724291,          12.
   1539,   24.4296627,  -10.1548738,          12.
   1540,   24.4452076,  -13.8341417,          12.
   1541,   24.5600033,  -17.5348186,          12.
   1542,   24.6470604,  -21.2576084,          12.
   1543,   7.46823215,  0.689573288,          12.
   1544,   7.04647732,   2.56849289,          12.
   1545,   6.15436506,   4.28646612,          12.
   1546,   4.85580826,   5.71586609,          12.
   1547,   3.26039505,    6.7542448,          12.
   1548,   1.48566127,   7.35138178,          12.
   1549, -0.362550139,   7.49123192,          12.
   1550,  -1.51106608,    27.88316572,          12.
   1551,   2.40410662,    27.88316572,          12.
   1552,   6.24232721,    27.88316572,          12.
   1553,   10.0406809,    27.88316572,          12.
   1554,   13.7813406,    27.88316572,          12.
   1555,   17.4677677,    27.88316572,          12.
   1556,   21.1157017,    27.88316572,          12.
   1557,   24.7415752,    27.88316572,          12.
   1558,   28.3573132,    27.88316572,          12.
   1559,   31.9696026,    27.88316572,          12.
   1560,   35.5810356,    27.88316572,          12.
   1561,   39.1915894,    27.88316572,          12.
   1562,   42.7997894,    27.88316572,          12.
   1563,   46.4034309,    27.88316572,          12.
   1564,   32.1537374,   21.2990513,          12.
   1565,   32.1537374,   17.6041012,          12.
   1566,   32.1537374,   13.9113274,          12.
   1567,   32.1537374,   10.2267027,          12.
   1568,   32.1537374,   6.55535364,          12.
   1569,   32.1537374,   2.91110134,          12.
   1570,   32.1537374,  -0.75691849,          12.
   1571,   46.7258415,  -4.20734596,          12.
   1572,   43.4572144,  -4.09107685,          12.
   1573,   40.1985092,  -3.93781328,          12.
   1574,   36.9550323,  -3.75983334,          12.
   1575,   33.7326012,   -3.5689187,          12.
   1576,   30.5367641,  -3.37249088,          12.
   1577,   27.3771114,  -3.17044783,          12.
   1578,   32.1537374,  -7.77926445,          12.
   1579,   32.1537374,  -11.2591887,          12.
   1580,   32.1537374,  -14.7144079,          12.
   1581,   32.1537374,  -18.1503696,          12.
   1582,   32.1537374,  -21.5760632,          12.
   1583,   46.8569832,   24.97568661,          12.
   1584,   43.7127419,   24.97568661,          12.
   1585,   40.5671959,   24.97568661,          12.
   1586,   37.4150429,   24.97568661,          12.
   1587,   34.2497826,   24.97568661,          12.
   1588,   31.0685024,   24.97568661,          12.
   1589,   27.8773441,   24.97568661,          12.
   1590,   -36.196434,  -7.13984871,          12.
   1591,  -36.1886635,  -10.7151756,          12.
   1592,  -36.1403122,  -14.2858305,          12.
   1593,  -36.0780487,  -17.8558578,          12.
   1594,  -36.0253258,  -21.4269371,          12.
   1595,   -39.617382,  -7.35030842,          12.
   1596,  -39.6248322,  -10.8988552,          12.
   1597,  -39.6032906,  -14.4312153,          12.
   1598,  -39.5694122,  -17.9553604,          12.
   1599,  -39.5383301,  -21.4769287,          12.
   1600,   -43.062561,   -7.5209527,          12.
   1601,  -43.0740891,  -11.0459719,          12.
   1602,  -43.0665894,  -14.5476589,          12.
   1603,  -43.0499763,   -18.035429,          12.
   1604,  -43.0333214,  -21.5172386,          12.
   1605,   -46.525795,  -7.63051176,          12.
   1606,  -46.5336456,  -11.1407328,          12.
   1607,  -46.5319672,  -14.6249924,          12.
   1608,  -46.5254936,  -18.0904961,          12.
   1609,  -46.5184517,   -21.546011,          12.
   1610,  -10.0198879,  -12.3168201,          12.
   1611,  -2.07468367,  -14.6665058,          12.
   1612,  -5.70956564,  -13.8870564,          12.
   1613,   -7.6455822,   -9.4705801,          12.
   1614,  -6.10923433,  -7.61052608,          12.
   1615,  -9.92609406,  -21.0825996,          12.
   1616,  -9.99717331,  -16.9936409,          12.
   1617,  -29.1930466,  -13.9425669,          12.
   1618,  -25.6822243,  -13.7519865,          12.
   1619,  -22.1098881,  -13.5363417,          12.
   1620,  -18.4376945,  -13.2712984,          12.
   1621,  -14.5407515,  -12.9055233,          12.
   1622,  -13.5149364,  -4.84547043,          12.
   1623,  -12.1995068,   -8.2650013,          12.
   1624,  -3.98331857,  -8.90088177,          12.
   1625,  -1.57050014,   -9.5968914,          12.
   1626,  -4.79256487,  -11.0231991,          12.
   1627,  -1.82997227,  -11.8259068,          12.
   1628,  -2.13500929,  -17.9251881,          12.
   1629,  -2.13627982,  -21.4130363,          12.
   1630,  -5.95611954,  -17.5162277,          12.
   1631,  -6.00014257,  -21.2529659,          12.
   1632,  -13.8858089,  -21.0600681,          12.
   1633,  -17.7693806,  -21.1079178,          12.
   1634,  -21.5606003,  -21.1748371,          12.
   1635,  -25.2672882,  -21.2429676,          12.
   1636,  -28.9040089,  -21.3081245,          12.
   1637,  -14.1084185,  -17.0388813,          12.
   1638,  -18.0226555,  -17.1918507,          12.
   1639,  -21.7822571,  -17.3482018,          12.
   1640,  -25.4400024,  -17.4907303,          12.
   1641,  -29.0262375,  -17.6209984,          12.
   1642,   -29.352375,  -10.2828321,          12.
   1643,  -29.4425983,  -6.64782619,          12.
   1644,   -25.933754,  -10.0409002,          12.
   1645,   -26.158453,  -6.36245918,          12.
   1646,  -22.5156422,  -9.76629829,          12.
   1647,  -22.9028282,  -6.06271839,          12.
   1648,   -19.077343,  -9.43387794,          12.
   1649,  -19.7458344,  -5.71106434,          12.
   1650,  -15.6052513,  -8.98156548,          12.
   1651,   -16.603405,  -5.32185841,          12.
   1652,   -10.951643,  -4.14170933,          12.
   1653,  -8.89615917,  -3.51332402,          12.
   1654,  -9.64318848,  -6.90711308,          12.
   1655,  -7.76753855,  -5.75444651,          12.
   1656,  -8.86137104,   13.3343868,          12.
   1657,  -8.94719124,   17.6085167,          12.
   1658,  -9.00985622,   21.3706074,          12.
   1659,   -5.0403595,   8.49326038,          12.
   1660,  -6.52508736,   10.4581184,          12.
   1661,  -13.9087563,   1.19747543,          12.
   1662,  -13.3708572,   3.98519564,          12.
   1663,  -12.4551582,   6.81024599,          12.
   1664,  -11.0487957,   9.85735226,          12.
   1665,  -46.3239326,   14.0756226,          12.
   1666,  -42.6586761,   14.1311474,          12.
   1667,   -39.007309,   14.2079544,          12.
   1668,  -35.3720322,   14.2971725,          12.
   1669,  -31.7544289,   14.3879118,          12.
   1670,  -28.1538601,   14.4651003,          12.
   1671,  -24.5630569,   14.5065823,          12.
   1672,  -20.9594593,   14.4777813,          12.
   1673,  -17.2817173,   14.3396053,          12.
   1674,  -13.3696547,   14.0500317,          12.
   1675,  -6.77957296,   7.02021313,          12.
   1676,  -8.09132957,    5.1757946,          12.
   1677,  -8.98503017,   3.14199996,          12.
   1678,  -9.45950985,   1.01514924,          12.
   1679,  -8.59279823,   8.34170818,          12.
   1680,   -10.027319,   5.98212719,          12.
   1681,  -10.9688854,   3.56386805,          12.
   1682,  -11.4759569,   1.10001493,          12.
   1683,   -46.470932, -0.478512704,          12.
   1684,  -46.4329376,   3.15645933,          12.
   1685,  -46.3944016,   6.79930115,          12.
   1686,  -46.3592453,   10.4444771,          12.
   1687,  -42.9599533,  -0.34897843,          12.
   1688,  -42.8832359,   3.27173424,          12.
   1689,  -42.8041382,   6.89554119,          12.
   1690,  -42.7313156,   10.5199823,          12.
   1691,  -39.4740448, -0.173533216,          12.
   1692,  -39.3572922,   3.42642307,          12.
   1693,  -39.2346954,   7.02437019,          12.
   1694,  -39.1205521,   10.6210279,          12.
   1695,  -36.0194473, 0.0321019515,          12.
   1696,  -35.8608704,   3.60657263,          12.
   1697,   -35.690918,   7.17355585,          12.
   1698,  -35.5306244,   10.7375259,          12.
   1699,  -32.6077347,  0.255099118,          12.
   1700,  -32.40242,   3.79832745,          12.
   1701,  -32.1789436,   7.32887459,          12.