********************************************************************************
Probe Values Report, written on Wed Jan 13 21:36:40 2021

Source
-------

   ODB: C:/Users/alein/Desktop/lhl-2.odb
   Step: Step-1
   Frame: Increment      1: Step Time =    1.000
   Variable: U, Magnitude

Probe values reported at nodes

  Part Instance     Node ID                   Orig. Coords                                     Def. Coords                 
                                    X               Y               Z               X               Y               Z      
-------------------------------------------------------------------------------------------------------------------------
    PART-1-2          97              0.            300.              0.     30.3321E-33            300.              0.
    PART-1-2         763              0.            294.              0.     46.7071E-33            294.              0.
    PART-1-2         762              0.            288.              0.     37.3426E-33            288.              0.
    PART-1-2         761              0.            282.              0.     34.9621E-33            282.              0.
    PART-1-2         110              0.            276.              0.     31.8823E-33            276.              0.
    PART-1-2         760              0.            270.              0.     30.2398E-33            270.              0.
    PART-1-2         759              0.            264.              0.     28.0693E-33            264.              0.
    PART-1-2         109              0.            258.              0.     26.5398E-33            258.              0.
    PART-1-2         758              0.            252.              0.     24.6316E-33            252.              0.
    PART-1-2         757              0.            246.              0.     23.1482E-33            246.              0.
    PART-1-2         756              0.            240.              0.     21.4193E-33            240.              0.
    PART-1-2         108              0.            234.              0.     19.9787E-33            234.              0.
    PART-1-2         755              0.            228.              0.     18.3641E-33            228.              0.
    PART-1-2         754              0.            222.              0.     16.9476E-33            222.              0.
    PART-1-2         107              0.            216.              0.     15.4244E-33            216.              0.
    PART-1-2         753              0.            210.              0.     14.0384E-33            210.              0.
    PART-1-2         752              0.            204.              0.     12.5744E-33            204.              0.
    PART-1-2         751              0.            198.              0.     11.1843E-33            198.              0.
    PART-1-2         106              0.            192.              0.     9.74539E-33            192.              0.
    PART-1-2         750              0.            186.              0.     8.36483E-33            186.              0.
    PART-1-2         749              0.            180.              0.     6.94428E-33            180.              0.
    PART-1-2         105              0.            174.              0.     5.56795E-33            174.              0.
    PART-1-2         748              0.            168.              0.     4.15379E-33            168.              0.
    PART-1-2         747              0.            162.              0.     2.78128E-33            162.              0.
    PART-1-2         746              0.            156.              0.     1.38153E-33            156.              0.
    PART-1-2         104              0.            150.              0.     10.2329E-36            150.              0.
    PART-1-2         745              0.            144.              0.    -1.38145E-33            144.              0.
    PART-1-2         744              0.            138.              0.    -2.75723E-33            138.              0.
    PART-1-2         743              0.            132.              0.    -4.14778E-33            132.              0.
    PART-1-2         103              0.            126.              0.    -5.53982E-33            126.              0.
    PART-1-2         742              0.            120.              0.    -6.92975E-33            120.              0.
    PART-1-2         741              0.            114.              0.    -8.33551E-33            114.              0.
    PART-1-2         102              0.            108.              0.    -9.72912E-33            108.              0.
    PART-1-2         740              0.            102.              0.    -11.1597E-33            102.              0.
    PART-1-2         739              0.             96.              0.    -12.5613E-33             96.              0.
    PART-1-2         738              0.             90.              0.    -14.0317E-33             90.              0.
    PART-1-2         101              0.             84.              0.    -15.4543E-33             84.              0.
    PART-1-2         737              0.             78.              0.     -16.972E-33             78.              0.
    PART-1-2         736              0.             72.              0.    -18.4206E-33             72.              0.
    PART-1-2         100              0.             66.              0.    -20.0021E-33             66.              0.
    PART-1-2         735              0.             60.              0.    -21.4785E-33             60.              0.
    PART-1-2         734              0.             54.              0.    -23.1433E-33             54.              0.
    PART-1-2         733              0.             48.              0.    -24.6504E-33             48.              0.
    PART-1-2          99              0.             42.              0.    -26.5719E-33             42.              0.
    PART-1-2         732              0.             36.              0.    -28.0005E-33             36.              0.
    PART-1-2         731              0.             30.              0.    -30.2349E-33             30.              0.
    PART-1-2          98              0.             24.              0.    -31.9722E-33             24.              0.
    PART-1-2         730              0.             18.              0.     -35.233E-33             18.              0.
    PART-1-2         802         3.55448         12.1631              0.         3.55448         12.1631              0.
    PART-1-2         728              0.              6.              0.    -46.7262E-33              6.              0.
    PART-1-2          47              0.              0.              0.    -30.8851E-33     -8.6273E-33              0.


  Part Instance     Node ID  Attached elements    U, Magnitude
---------------------------------------------------------------
    PART-1-2          97              15              0.
    PART-1-2         763              15              0.
    PART-1-2         763            1124              0.
    PART-1-2         762            1123              0.
    PART-1-2         762            1124              0.
    PART-1-2         761            1122              0.
    PART-1-2         761            1123              0.
    PART-1-2         110            1122              0.
    PART-1-2         110            1167              0.
    PART-1-2         760              14              0.
    PART-1-2         760            1167              0.
    PART-1-2         759              14              0.
    PART-1-2         759            1120              0.
    PART-1-2         109            1120              0.
    PART-1-2         109            1165              0.
    PART-1-2         758              13              0.
    PART-1-2         758            1165              0.
    PART-1-2         757              13              0.
    PART-1-2         757            1119              0.
    PART-1-2         756            1118              0.
    PART-1-2         756            1119              0.
    PART-1-2         108            1118              0.
    PART-1-2         108            1164              0.
    PART-1-2         755              12              0.
    PART-1-2         755            1164              0.
    PART-1-2         754              12              0.
    PART-1-2         754            1116              0.
    PART-1-2         107            1116              0.
    PART-1-2         107            1163              0.
    PART-1-2         753              11              0.
    PART-1-2         753            1163              0.
    PART-1-2         752              11              0.
    PART-1-2         752            1114              0.
    PART-1-2         751            1113              0.
    PART-1-2         751            1114              0.
    PART-1-2         106            1113              0.
    PART-1-2         106            1162              0.
    PART-1-2         750              10              0.
    PART-1-2         750            1162              0.
    PART-1-2         749              10              0.
    PART-1-2         749            1111              0.
    PART-1-2         105            1111              0.
    PART-1-2         105            1161              0.
    PART-1-2         748               9              0.
    PART-1-2         748            1161              0.
    PART-1-2         747               9              0.
    PART-1-2         747            1109              0.
    PART-1-2         746            1108              0.
    PART-1-2         746            1109              0.
    PART-1-2         104            1108              0.
    PART-1-2         104            1160              0.
    PART-1-2         745               8              0.
    PART-1-2         745            1160              0.
    PART-1-2         744               8              0.
    PART-1-2         744            1107              0.
    PART-1-2         743            1106              0.
    PART-1-2         743            1107              0.
    PART-1-2         103            1106              0.
    PART-1-2         103            1158              0.
    PART-1-2         742               7              0.
    PART-1-2         742            1158              0.
    PART-1-2         741               7              0.
    PART-1-2         741            1104              0.
    PART-1-2         102            1104              0.
    PART-1-2         102            1157              0.
    PART-1-2         740               6              0.
    PART-1-2         740            1157              0.
    PART-1-2         739               6              0.
    PART-1-2         739            1103              0.
    PART-1-2         738            1102              0.
    PART-1-2         738            1103              0.
    PART-1-2         101            1102              0.
    PART-1-2         101            1156              0.
    PART-1-2         737               5              0.
    PART-1-2         737            1156              0.
    PART-1-2         736               5              0.
    PART-1-2         736            1100              0.
    PART-1-2         100            1100              0.
    PART-1-2         100            1155              0.
    PART-1-2         735               4              0.
    PART-1-2         735            1155              0.
    PART-1-2         734               4              0.
    PART-1-2         734            1098              0.
    PART-1-2         733            1097              0.
    PART-1-2         733            1098              0.
    PART-1-2          99            1097              0.
    PART-1-2          99            1154              0.
    PART-1-2         732               3              0.
    PART-1-2         732            1154              0.
    PART-1-2         731               3              0.
    PART-1-2         731            1095              0.
    PART-1-2          98            1095              0.
    PART-1-2          98            1153              0.
    PART-1-2         730               2              0.
    PART-1-2         730            1153              0.
    PART-1-2         802               2     119.836E-09
    PART-1-2         802            1093     119.836E-09
    PART-1-2         802            1406     119.836E-09
    PART-1-2         728            1093              0.
    PART-1-2         728            3263              0.
    PART-1-2          47            3263              0.


