-1.970669
-1.970675
0.000000
0.000000
-1.969776
0.000000
0.000000
-1.969777
-1.970661
-1.910968
-1.851315
-1.791766
-1.732375
-1.673176
-1.614260
-1.555621
-1.497357
-1.439529
-1.382137
-1.325265
-1.268888
-1.213043
-1.157803
-1.103264
-1.049449
-0.996459
-0.944412
-0.893243
-0.842964
-0.793686
-0.745391
-0.698199
-0.652046
-0.607023
-0.563090
-0.520592
-0.479278
-0.439400
-0.400927
-0.363840
-0.328222
-0.294222
-0.261932
-0.231348
-0.202415
-0.175165
-0.149632
-0.126202
-0.104431
-0.084716
-0.067028
-0.051191
-0.037465
-0.025957
-0.016388
-0.008958
-0.003803
-0.000984
0.000000
-0.000860
-0.003623
-0.008872
-0.016293
-0.025895
-0.037511
-0.051138
-0.067029
-0.084731
-0.104442
-0.126175
-0.149707
-0.175160
-0.202401
-0.231379
-0.261947
-0.294237
-0.328255
-0.363797
-0.400907
-0.439345
-0.479243
-0.520562
-0.563089
-0.606987
-0.652039
-0.698216
-0.745464
-0.793681
-0.842939
-0.893220
-0.944382
-0.996465
-1.049455
-1.103280
-1.157801
-1.213013
-1.268851
-1.325261
-1.382146
-1.439520
-1.497356
-1.555624
-1.614239
-1.673182
-1.732371
-1.791763
-1.851309
-1.910961
-1.970697
-1.970716
-1.970708
-1.970666
-1.970591
-1.970476
-1.970331
-1.970166
-1.969969
-1.910085
-1.850453
-1.790916
-1.731520
-1.672323
-1.613388
-1.554754
-1.496487
-1.438636
-1.381252
-1.324326
-1.267974
-1.212222
-1.157117
-1.102723
-1.049114
-0.996298
-0.944242
-0.893003
-0.842691
-0.793304
-0.745076
-0.697640
-0.651427
-0.606331
-0.562518
-0.519996
-0.478796
-0.439069
-0.400637
-0.363680
-0.328257
-0.294290
-0.262074
-0.231324
-0.202236
-0.174950
-0.149728
-0.126302
-0.104682
-0.084971
-0.067351
-0.051645
-0.037911
-0.026490
-0.016685
-0.009279
-0.003644
-0.000590
0.000000
0.000000
0.000000
0.000000
0.000000
0.000000
0.000000
0.000000
0.000000
0.000000
0.000000
0.000000
0.000000
0.000000
0.000000
0.000000
0.000000
0.000000
0.000000
-1.969975
-1.970168
-1.970338
-1.970483
-1.970596
-1.970671
-1.970714
-1.970723
-1.970698
-0.000808
-0.004003
-0.009131
-0.016872
-0.026377
-0.038002
-0.051641
-0.067473
-0.085075
-0.104782
-0.126238
-0.149732
-0.174923
-0.202252
-0.231321
-0.261984
-0.294368
-0.328323
-0.363719
-0.400664
-0.439045
-0.478788
-0.520015
-0.562541
-0.606398
-0.651469
-0.697718
-0.745008
-0.793333
-0.842697
-0.893024
-0.944224
-0.996269
-1.049086
-1.102739
-1.157126
-1.212259
-1.268019
-1.324353
-1.381254
-1.438636
-1.496491
-1.554761
-1.613399
-1.672333
-1.731530
-1.790937
-1.850470
-1.910097
-1.969759
-1.910955
-1.851297
-1.791744
-1.732343
-1.673141
-1.614199
-1.555561
-1.497288
-1.439447
-1.382060
-1.325185
-1.268769
-1.212913
-1.157687
-1.103141
-1.049318
-0.996312
-0.944242
-0.893076
-0.842777
-0.793512
-0.745290
-0.698000
-0.651828
-0.606826
-0.562909
-0.520376
-0.479041
-0.439126
-0.400631
-0.363562
-0.327984
-0.293958
-0.261665
-0.231125
-0.202140
-0.174812
-0.149412
-0.125818
-0.104148
-0.084424
-0.066706
-0.050827
-0.037143
-0.025617
-0.015961
-0.008483
-0.003385
-0.000656
-1.911021
-1.911059
-1.911066
-1.911034
-1.910969
-1.910862
-1.910714
-1.910533
-1.910320
-1.851405
-1.851469
-1.851492
-1.851469
-1.851406
-1.851290
-1.851140
-1.850948
-1.850714
-1.791896
-1.791988
-1.792026
-1.792012
-1.791941
-1.791845
-1.791683
-1.791474
-1.791216
-1.732540
-1.732662
-1.732723
-1.732726
-1.732694
-1.732551
-1.732373
-1.732152
-1.731865
-1.673382
-1.673539
-1.673616
-1.673630
-1.673579
-1.673458
-1.673283
-1.673030
-1.672711
-1.614500
-1.614677
-1.614773
-1.614799
-1.614754
-1.614623
-1.614433
-1.614165
-1.613821
-1.555910
-1.556122
-1.556242
-1.556283
-1.556234
-1.556107
-1.555903
-1.555611
-1.555235
-1.497701
-1.497947
-1.498089
-1.498134
-1.498091
-1.497967
-1.497741
-1.497421
-1.497022
-1.439921
-1.440222
-1.440375
-1.440425
-1.440402
-1.440304
-1.440039
-1.439678
-1.439220
-1.382588
-1.382913
-1.383138
-1.383262
-1.383243
-1.383011
-1.382732
-1.382342
-1.381865
-1.325760
-1.326111
-1.326346
-1.326442
-1.326350
-1.326209
-1.325945
-1.325544
-1.324998
-1.269413
-1.269759
-1.270041
-1.270146
-1.270136
-1.269986
-1.269700
-1.269298
-1.268722
-1.213607
-1.214026
-1.214343
-1.214496
-1.214531
-1.214349
-1.214035
-1.213576
-1.212985
-1.158433
-1.158897
-1.159243
-1.159401
-1.159396
-1.159250
-1.158990
-1.158539
-1.157925
-1.103945
-1.104457
-1.104840
-1.105027
-1.105034
-1.104891
-1.104642
-1.104188
-1.103553
-1.050202
-1.050795
-1.051201
-1.051428
-1.051457
-1.051325
-1.051015
-1.050565
-1.049908
-0.997290
-0.997935
-0.998370
-0.998611
-0.998643
-0.998537
-0.998300
-0.997822
-0.997149
-0.945310
-0.945921
-0.946379
-0.946640
-0.946683
-0.946563
-0.946264
-0.945793
-0.945115
-0.894158
-0.894770
-0.895270
-0.895573
-0.895639
-0.895518
-0.895197
-0.894637
-0.893921
-0.843880
-0.844559
-0.845112
-0.845435
-0.845409
-0.845312
-0.845042
-0.844480
-0.843661
-0.794632
-0.795368
-0.795927
-0.796319
-0.796358
-0.796211
-0.795748
-0.795237
-0.794382
-0.746388
-0.747343
-0.747894
-0.748081
-0.748089
-0.748039
-0.747571
-0.746949
-0.746159
-0.699242
-0.699940
-0.700496
-0.700846
-0.700938
-0.700692
-0.700321
-0.699743
-0.698802
-0.653122
-0.653902
-0.654472
-0.654780
-0.654820
-0.654606
-0.654231
-0.653538
-0.652596
-0.608141
-0.608928
-0.609532
-0.609915
-0.609976
-0.609719
-0.609248
-0.608528
-0.607605
-0.564300
-0.565136
-0.565834
-0.566177
-0.566263
-0.566166
-0.565660
-0.564862
-0.563894
-0.521803
-0.522779
-0.523467
-0.523805
-0.523816
-0.523553
-0.523111
-0.522419
-0.521395
-0.480543
-0.481592
-0.482416
-0.482746
-0.482796
-0.482689
-0.482146
-0.481270
-0.480200
-0.440790
-0.441857
-0.442655
-0.443073
-0.443353
-0.442929
-0.442422
-0.441580
-0.440483
-0.402425
-0.403535
-0.404302
-0.404753
-0.404742
-0.404491
-0.404103
-0.403228
-0.402088
-0.365314
-0.366448
-0.367209
-0.367682
-0.367852
-0.367689
-0.367109
-0.366279
-0.365198
-0.329784
-0.330976
-0.331779
-0.332250
-0.332456
-0.332300
-0.331768
-0.330925
-0.329810
-0.295864
-0.297062
-0.297878
-0.298403
-0.298637
-0.298529
-0.298117
-0.297261
-0.295909
-0.263628
-0.264961
-0.265847
-0.266292
-0.266492
-0.266582
-0.265838
-0.264820
-0.263650
-0.233080
-0.234352
-0.235554
-0.235981
-0.236148
-0.235844
-0.235244
-0.234356
-0.233006
-0.204102
-0.205387
-0.206281
-0.206836
-0.207161
-0.206768
-0.206104
-0.205046
-0.203935
-0.177084
-0.178503
-0.179164
-0.179647
-0.179767
-0.179576
-0.178980
-0.178015
-0.176653
-0.151414
-0.152681
-0.153569
-0.154116
-0.154321
-0.154096
-0.153551
-0.152653
-0.151310
-0.127926
-0.129121
-0.130030
-0.130502
-0.130643
-0.130484
-0.130053
-0.129348
-0.128137
-0.106080
-0.107428
-0.108374
-0.108811
-0.109019
-0.108815
-0.108438
-0.107626
-0.106379
-0.086409
-0.087917
-0.088888
-0.089362
-0.089761
-0.089355
-0.088915
-0.087881
-0.086642
-0.068689
-0.069978
-0.070809
-0.071437
-0.071438
-0.071167
-0.070720
-0.070083
-0.068947
-0.052852
-0.054132
-0.054966
-0.055364
-0.055526
-0.055549
-0.055216
-0.054471
-0.053281
-0.038979
-0.040095
-0.040998
-0.041477
-0.041654
-0.041505
-0.041158
-0.040354
-0.039356
-0.027632
-0.028716
-0.029327
-0.029733
-0.029932
-0.030051
-0.029390
-0.028799
-0.027876
-0.017911
-0.018827
-0.019549
-0.019833
-0.020195
-0.019976
-0.019550
-0.018875
-0.017979
-0.010147
-0.010704
-0.011453
-0.011796
-0.011663
-0.011687
-0.011481
-0.011069
-0.010394
-0.004766
-0.005271
-0.005630
-0.005902
-0.005888
-0.005651
-0.005411
-0.005133
-0.004519
-0.001365
-0.001673
-0.001798
-0.001881
-0.001900
-0.001839
-0.001738
-0.001602
-0.001228
0.000000
0.000000
0.000000
0.000000
0.000000
0.000000
0.000000
0.000000
0.000000
-1.910314
-1.910527
-1.910711
-1.910859
-1.910968
-1.911038
-1.911070
-1.911064
-1.911028
-1.850719
-1.850947
-1.851141
-1.851292
-1.851411
-1.851472
-1.851493
-1.851475
-1.851412
-1.791214
-1.791481
-1.791686
-1.791850
-1.791977
-1.792027
-1.792031
-1.791991
-1.791902
-1.731857
-1.732155
-1.732382
-1.732540
-1.732661
-1.732728
-1.732724
-1.732663
-1.732549
-1.672707
-1.673024
-1.673271
-1.673465
-1.673574
-1.673631
-1.673619
-1.673542
-1.673401
-1.613816
-1.614165
-1.614437
-1.614626
-1.614752
-1.614803
-1.614776
-1.614677
-1.614495
-1.555226
-1.555614
-1.555904
-1.556110
-1.556241
-1.556285
-1.556249
-1.556133
-1.555941
-1.497005
-1.497427
-1.497741
-1.497970
-1.498101
-1.498145
-1.498096
-1.497952
-1.497713
-1.439185
-1.439652
-1.440004
-1.440263
-1.440398
-1.440430
-1.440367
-1.440192
-1.439913
-1.381843
-1.382350
-1.382712
-1.382979
-1.383119
-1.383200
-1.383118
-1.382912
-1.382589
-1.325004
-1.325537
-1.325923
-1.326242
-1.326433
-1.326486
-1.326363
-1.326078
-1.325760
-1.268738
-1.269334
-1.269699
-1.269969
-1.270150
-1.270195
-1.270105
-1.269803
-1.269398
-1.212962
-1.213558
-1.214053
-1.214365
-1.214451
-1.214493
-1.214338
-1.214028
-1.213604
-1.157912
-1.158570
-1.159063
-1.159329
-1.159415
-1.159415
-1.159242
-1.158923
-1.158472
-1.103555
-1.104122
-1.104602
-1.104909
-1.105021
-1.105030
-1.104862
-1.104501
-1.103988
-1.049942
-1.050569
-1.051036
-1.051301
-1.051430
-1.051421
-1.051206
-1.050803
-1.050235
-0.997136
-0.997870
-0.998342
-0.998503
-0.998639
-0.998618
-0.998379
-0.997940
-0.997312
-0.945102
-0.945726
-0.946231
-0.946526
-0.946665
-0.946636
-0.946394
-0.945919
-0.945264
-0.893960
-0.894639
-0.895186
-0.895596
-0.895688
-0.895568
-0.895285
-0.894767
-0.894111
-0.843683
-0.844484
-0.844991
-0.845308
-0.845462
-0.845413
-0.845134
-0.844589
-0.843902
-0.794304
-0.795176
-0.795767
-0.796109
-0.796313
-0.796241
-0.795949
-0.795373
-0.794664
-0.746147
-0.746989
-0.747581
-0.747861
-0.748064
-0.748034
-0.747752
-0.747171
-0.746435
-0.698812
-0.699638
-0.700279
-0.700711
-0.700920
-0.700868
-0.700566
-0.700002
-0.699215
-0.652641
-0.653591
-0.654313
-0.654769
-0.654888
-0.654864
-0.654555
-0.653934
-0.653126
-0.607602
-0.608587
-0.609303
-0.609721
-0.610029
-0.609860
-0.609522
-0.608947
-0.608118
-0.563819
-0.564821
-0.565594
-0.566049
-0.566237
-0.566195
-0.565827
-0.565202
-0.564329
-0.521406
-0.522380
-0.523175
-0.523602
-0.523879
-0.523831
-0.523464
-0.522786
-0.521860
-0.480223
-0.481318
-0.482119
-0.482673
-0.482795
-0.482740
-0.482348
-0.481617
-0.480647
-0.440458
-0.441519
-0.442362
-0.442903
-0.443143
-0.443033
-0.442600
-0.441835
-0.440828
-0.402035
-0.403276
-0.404057
-0.404512
-0.404746
-0.404706
-0.404234
-0.403481
-0.402385
-0.365170
-0.366357
-0.367196
-0.367781
-0.368028
-0.367837
-0.367337
-0.366598
-0.365357
-0.329855
-0.331131
-0.331792
-0.332356
-0.332472
-0.332299
-0.331837
-0.331007
-0.329853
-0.295858
-0.297113
-0.297898
-0.298537
-0.298651
-0.298368
-0.297902
-0.297079
-0.295871
-0.263528
-0.264792
-0.265754
-0.266393
-0.266538
-0.266279
-0.265745
-0.264900
-0.263619
-0.232992
-0.234295
-0.235194
-0.235821
-0.236016
-0.235858
-0.235253
-0.234360
-0.233085
-0.204006
-0.205249
-0.206179
-0.206825
-0.207071
-0.206859
-0.206379
-0.205530
-0.204152
-0.176705
-0.177996
-0.179052
-0.179573
-0.179795
-0.179701
-0.179113
-0.178330
-0.176990
-0.151665
-0.152850
-0.153619
-0.154116
-0.154305
-0.154278
-0.153686
-0.152839
-0.151478
-0.127903
-0.129127
-0.130022
-0.130563
-0.130755
-0.130533
-0.129991
-0.129158
-0.127884
-0.106411
-0.107539
-0.108404
-0.108969
-0.109063
-0.108862
-0.108332
-0.107386
-0.106097
-0.086694
-0.087891
-0.088712
-0.089216
-0.089228
-0.089250
-0.088691
-0.087599
-0.086309
-0.068906
-0.070023
-0.070781
-0.071121
-0.071439
-0.071274
-0.070775
-0.070059
-0.068884
-0.053220
-0.054487
-0.055457
-0.055644
-0.055827
-0.055517
-0.055092
-0.054263
-0.052865
-0.039423
-0.040415
-0.041247
-0.041541
-0.041552
-0.041554
-0.041072
-0.040272
-0.039132
-0.027691
-0.028703
-0.029380
-0.029726
-0.029965
-0.029787
-0.029309
-0.028460
-0.027490
-0.018027
-0.018862
-0.019229
-0.019650
-0.019660
-0.019796
-0.019404
-0.018644
-0.017698
-0.010155
-0.010874
-0.011445
-0.012013
-0.012097
-0.011775
-0.011387
-0.010873
-0.010065
-0.004973
-0.005421
-0.005629
-0.005898
-0.006065
-0.005856
-0.005749
-0.005271
-0.004552
-0.001347
-0.001725
-0.001922
-0.002026
-0.001853
-0.001920
-0.001836
-0.001598
-0.001293
-1.969961
-1.970158
-1.970332
-1.970478
-1.970587
-1.970661
-1.970703
-1.970710
-1.970687
-1.910087
-1.850444
-1.790909
-1.731494
-1.672297
-1.613350
-1.554693
-1.496416
-1.438561
-1.381165
-1.324251
-1.267894
-1.212150
-1.157010
-1.102604
-1.048947
-0.996127
-0.944096
-0.892810
-0.842524
-0.793162
-0.744861
-0.697547
-0.651223
-0.606203
-0.562313
-0.519776
-0.478545
-0.438847
-0.400399
-0.363440
-0.328034
-0.294103
-0.261794
-0.231020
-0.201924
-0.174667
-0.149432
-0.125983
-0.104469
-0.084761
-0.066985
-0.051244
-0.037722
-0.026060
-0.016494
-0.008937
-0.003547
-0.000242
-0.008195
-0.013786
-0.008645
-0.011492
-0.009335
-0.015628
-0.007646
-0.006675
-0.006796
-0.024826
-0.021237
-0.976746
-0.933090
-0.924746
-0.918388
-0.876721
-1.768313
-1.764594
-1.814703
-1.730525
-1.084582
-1.103471
-1.078092
-1.121293
-1.077747
-1.068426
-1.023299
-0.493957
-0.465332
-0.456706
-0.469244
-0.425329
-0.444272
-0.190975
-0.192362
-0.186573
-0.184649
-0.189597
-0.203793
-0.000400
-0.000098
-0.222973
-0.164678
-0.119192
-0.126941
-0.139468
-0.119918
-0.100266
-0.093712
-0.138509
-0.076303
-0.080765
-0.121237
-0.099743
-1.516080
-1.535866
-1.516596
-1.477786
-1.458660
-1.458266
-0.060522
-0.062062
-0.084432
-0.050395
-0.064919
-0.451111
-0.080213
-0.221280
-0.191817
-0.233648
-0.226756
-0.253562
-0.216129
-0.213869
-0.137415
-0.137346
-0.122626
-0.145940
-0.115226
-0.122188
-0.114558
-0.162945
-0.160231
-0.789393
-0.780215
-0.731831
-0.749913
-0.779917
-0.828863
-0.820124
-0.020048
-0.014905
-0.024697
-0.021229
-0.875562
-0.812477
-1.124759
-0.307287
-0.317359
-0.277382
-1.129741
-1.179292
-1.122284
-1.246654
-1.251116
-1.217663
-1.268343
-1.296064
-1.289629
-1.199163
-1.233116
-1.305708
-1.340036
-1.261287
-1.353714
-1.296252
-0.879431
-0.871758
-0.867200
-1.298988
-1.342335
-1.324030
-1.366110
-1.301623
-0.023174
-0.032210
-0.046423
-0.046781
-0.060057
-0.035104
-0.048133
-0.034949
-0.061983
-0.142359
-0.122925
-0.137756
-0.059138
-0.048860
-0.082966
-0.077012
-0.055178
-0.070304
-0.165046
-0.162191
-0.151747
-1.929359
-0.190989
-0.387156
-0.379193
-0.340514
-0.343427
-0.387559
-0.354669
-1.750752
-1.821543
-1.759628
-1.702217
-1.768304
-1.833834
-1.794546
-0.017453
-1.825287
-1.831314
-0.418084
-0.379711
-0.418879
-0.416979
-0.456474
-0.593606
-0.549833
-0.634908
-0.587102
-0.578255
-0.811939
-0.779620
-0.881714
-0.914854
-0.930084
-0.927042
-0.869721
-1.006448
-0.980949
-1.014713
-0.963847
-1.085878
-0.911536
-0.877893
-0.080516
-0.060279
-0.081010
-0.095688
-0.093429
-0.100963
-0.035818
-0.101637
-0.026214
-1.178377
-1.232175
-1.161136
-1.209161
-1.179255
-1.124168
-1.177599
-1.122677
-1.419704
-1.381820
-1.409631
-1.418702
-1.420117
-1.467221
-1.349706
-1.400563
-1.363109
-1.894351
-1.869789
-1.828610
-1.828676
-1.569565
-1.584229
-0.025245
-1.574931
-1.594334
-1.525264
-1.700972
-1.653430
-1.636951
-1.691548
-0.031736
-1.710990
-1.746593
-1.713531
-1.693325
-1.711647
-1.752702
-1.278784
-0.769622
-0.763462
-0.744283
-1.711540
-1.693952
-1.651593
-1.633611
-1.078257
-0.035661
-0.022882
-0.032885
-0.012554
-0.000220
-0.014291
-0.016455
-0.025794
-0.015517
-0.009405
-0.009398
-1.579418
-1.536499
-1.536681
-0.004327
-0.006104
-0.169744
-0.140907
-0.194081
-0.161302
-0.169472
-0.144726
-1.634118
-1.650845
-1.653803
-1.693103
-1.712371
-1.594414
-0.220043
-0.195497
-0.212633
-0.224973
-0.242553
-0.252868
-1.014943
-0.970261
-1.018036
-0.927899
-0.963767
-0.049178
-0.059470
-0.044626
-0.078589
-0.059900
-0.044062
-0.043024
-0.059458
-0.343835
-0.343805
-0.309466
-0.316961
-0.355614
-0.036832
-0.343504
-0.380098
-0.384364
-0.355214
-0.309438
-0.276071
-0.271583
-0.287542
-0.287242
-0.308967
-1.770829
-1.811465
-1.769553
-1.827638
-1.810677
-1.831640
-1.077756
-1.085174
-1.101562
-1.139897
-1.067970
-0.678153
-0.715438
-0.639196
-0.623154
-0.633366
-0.593159
-0.715636
-0.388242
-0.427656
-0.455571
-0.459264
-0.415827
-0.425647
-0.623778
-0.584467
-0.600887
-0.581928
-0.550307
-0.573372
-0.594409
-0.547873
-0.000597
-0.000445
-0.000379
-0.034509
-0.025820
-0.022402
-0.033372
-0.465406
-0.427752
-0.454545
-0.417602
-0.426844
-0.415424
-0.036534
-1.646235
-1.704078
-1.579998
-0.496314
-0.536596
-0.507396
-0.541440
-0.508198
-0.497146
-0.493177
-1.869524
-1.932071
-1.911020
-1.932138
-1.891903
-1.929673
-1.929800
-0.002251
-0.002078
-0.000011
-0.000419
-0.002660
-1.126764
-1.139351
-1.929573
-1.930525
-1.893174
-1.871506
-1.122973
-1.177605
-1.141237
-1.238294
-1.195573
-1.141064
-1.177505
-0.002314
-1.880398
-1.885215
-1.929846
-0.045135
-0.038496
-0.036855
-0.000323
-0.000400
-1.930085
-1.932013
-1.891887
-1.883539
-0.541930
-0.502686
-0.688392
-0.508022
-0.307199
-0.280039
-0.252228
-0.494276
-0.463651
-0.592749
-0.630447
-0.582227
-0.543975
-0.583445
-0.550186
-0.581846
-0.731131
-0.673610
-0.730471
-0.688480
-0.716513
-0.225255
-0.216476
-0.352308
-0.340869
-0.343582
-0.376622
-0.356031
-0.378692
-0.350546
-0.185466
-0.177262
-0.000412
-0.002303
-0.009171
-0.007371
-0.002468
-0.006100
-0.000560
-0.850470
-1.139849
-0.862722
-0.000156
-0.095615
-0.083238
-0.089804
-0.103599
-0.075805
-0.093614
-0.078686
-0.092969
-0.112187
-0.098251
-0.116437
-0.135940
-0.013946
-1.892835
-1.934452
-1.928563
-1.932245
-0.217723
-0.215832
-1.871072
-1.892117
-1.831595
-1.772479
-0.244874
-1.134555
-0.629812
-0.244590
-0.276681
-0.045740
-0.050106
-0.051858
-0.044799
-0.119644
-0.099872
-1.932376
-1.901712
-1.890822
-0.414868
-1.517334
-1.459101
-1.517413
-1.595184
-1.536797
-1.575692
-1.536785
-0.861196
-0.732110
-0.778734
-0.677166
-0.672727
-0.723493
-0.635779
-0.510484
-0.509394
-0.539361
-0.496112
-1.770104
-0.979039
-0.214142
-0.218128
-0.682498
-1.029367
-1.191408
-1.233044
-1.192593
-0.286442
-0.320561
-0.320793
-0.379473
-0.828321
-0.798809
-0.817721
-0.929317
-0.828707
-0.878172
-0.861716
-0.861137
-0.878539
-0.064564
-0.238568
-0.926095
-0.977155
-0.927712
-0.877599
-0.870238
-1.824062
-1.421091
-1.421213
-1.459403
-1.478700
-1.536728
-1.517398
-0.468992
-0.495900
-0.509676
-0.537400
-0.552887
-0.579871
-0.002400
-0.000568
-0.000652
-0.451839
-0.469971
-0.481815
-0.536527
-0.505878
-1.871214
-1.930252
-1.871289
-0.003374
-0.112861
-1.709483
-0.000499
-0.000517
-1.594662
-1.594916
-0.749158
-1.420556
-1.345174
-1.417734
-1.478175
-1.195193
-1.293435
-1.243266
-1.251079
-1.463304
-1.407435
-1.526467
-1.459164
-1.299483
-0.867903
-1.069129
-1.086975
-1.016033
-1.036747
-1.068992
-0.963781
-0.963596
-0.981021
-1.015869
-1.068973
-0.980690
-1.015505
-1.573805
-1.517012
-1.413252
-1.420872
-1.517937
-1.575684
-1.634331
-1.595208
-1.634328
-1.634259
-1.653910
-1.517290
-1.478785
-1.653949
-1.595154
-0.013417
-0.004224
-0.826952
-0.823203
-0.000409
-0.002421
-1.401712
-1.352648
-1.477364
-1.346612
-1.354233
-1.355162
-1.186922
-1.195721
-0.535690
-0.637776
-0.912192
-0.962479
-0.916396
-0.001421
-0.579645
-1.237676
-0.579334
-0.251212
-0.256174
-0.216623
-0.188561
-1.811069
-0.002128
-0.000519
-0.000454
-0.001517
-1.693219
-1.632643
-1.575601
-0.551201
-0.122519
-0.145474
-0.137187
-1.477787
-0.429682
-0.731950
-0.779407
-0.718965
-0.282325
-0.308113
-0.272275
-0.364257
-1.934249
-1.030490
-1.072002
-1.121167
-1.068639
-1.477184
-0.255311
-0.254129
-0.267454
-0.274516
-1.933408
-1.288684
-1.032779
-0.980181
-1.444230
-1.460639
-1.645207
-1.575234
-1.596483
-0.667964
-0.672428
-0.637217
-0.669929
-0.720025
-0.685473
-0.672764
-0.733319
-0.754985
-0.714752
-0.713755
-0.675531
-0.429747
-1.712861
-0.912404
-0.415519
-0.825716
-0.779953
-0.981742
-1.142061
-1.086915
-1.122875
-1.086669
-0.928990
-1.812452
-1.693257
-1.870232
-1.516646
-1.516934
-1.478106
-0.274832
-0.008282
-0.006992
-0.102736
-0.165722
-1.875138
-1.033557
-1.033263
-0.623606
-0.058448
-1.536225
-1.656623
-1.575621
-1.365752
-1.452340
-1.379248
-0.968926
-0.654351
-0.624634
-0.597627
-0.006812
-0.962227
-0.318918
-0.274410
-0.251205
-0.307301
-0.284849
-1.385608
-1.349319
-1.385321
-1.322663
-0.285769
-1.195912
-1.232830
-1.195721
-1.420853
-1.424012
-0.101525
-0.115428
-0.189057
-0.167414
-0.167163
-0.774216
-0.506003
-0.465788
-0.822617
-0.074561
-0.188784
-1.837509
-1.870298
-0.462600
-1.291365
-1.295662
-1.305498
-1.232319
-0.122002
-0.114488
-0.136837
-1.654833
-0.320288
-1.752332
-0.637629
-0.227123
-0.781146
-0.776578
-1.481441
-1.363947
-0.170542
-0.167082
-0.188503
-0.033716
-1.459522
-1.692563
-0.421619
-1.308936
-0.309053
-1.595023
-0.717875
-0.347922
-0.317475
-1.013474
-1.034141
-0.639336
-0.624727
-0.383756
-0.341056
-0.378771
-1.833873
-1.086743
-0.166555
-0.365471
-1.689862
-1.251275
-1.178019
-0.012807
-0.006883
-1.069570
-0.142537
-0.142322
-0.390568
-1.536578
-1.632606
-0.351453
-0.141121
-0.115272
-0.587298
-1.270055
-1.349781
-0.163268
-1.647957
-0.291749
