0.059344
-0.059889
0.000000
0.000000
-0.059299
0.000000
0.000000
0.059897
-0.000264
-0.059853
-0.059774
-0.059641
-0.059463
-0.059224
-0.058930
-0.058595
-0.058200
-0.057753
-0.057287
-0.056762
-0.056220
-0.055643
-0.055020
-0.054310
-0.053509
-0.052650
-0.051740
-0.050867
-0.049884
-0.048918
-0.047911
-0.046752
-0.045790
-0.044527
-0.043297
-0.042000
-0.040725
-0.039322
-0.037890
-0.036549
-0.034984
-0.033376
-0.031586
-0.029917
-0.028288
-0.026492
-0.024712
-0.022713
-0.021105
-0.018838
-0.016978
-0.014891
-0.012868
-0.010805
-0.008653
-0.006314
-0.004206
-0.002489
0.000000
0.002268
0.004350
0.006286
0.008448
0.010537
0.012528
0.014548
0.016639
0.018599
0.020588
0.022373
0.024247
0.026030
0.027787
0.029482
0.031171
0.032824
0.034447
0.036054
0.037366
0.038808
0.040171
0.041512
0.042753
0.044053
0.045327
0.046393
0.047410
0.048442
0.049454
0.050435
0.051326
0.052197
0.053038
0.053802
0.054496
0.055174
0.055754
0.056302
0.056799
0.057275
0.057705
0.058090
0.058425
0.058709
0.058940
0.059120
0.059248
0.059324
-0.059825
-0.059750
-0.059680
-0.059618
-0.059557
-0.059508
-0.059458
-0.059416
-0.059366
-0.059281
-0.059207
-0.059098
-0.058906
-0.058673
-0.058390
-0.058074
-0.057688
-0.057261
-0.056787
-0.056238
-0.055653
-0.055055
-0.054394
-0.053653
-0.052806
-0.052152
-0.051286
-0.050466
-0.049398
-0.048530
-0.047456
-0.046411
-0.045271
-0.044022
-0.042768
-0.041518
-0.040172
-0.038800
-0.037358
-0.035863
-0.034288
-0.032732
-0.031082
-0.029645
-0.027784
-0.025934
-0.024063
-0.022174
-0.020304
-0.018320
-0.016608
-0.014553
-0.012580
-0.010525
-0.008427
-0.006479
-0.004368
-0.002179
0.000000
0.000000
0.000000
0.000000
0.000000
0.000000
0.000000
0.000000
0.000000
0.000000
0.000000
0.000000
0.000000
0.000000
0.000000
0.000000
0.000000
0.000000
0.000000
0.059837
0.059768
0.059703
0.059651
0.059602
0.059560
0.059522
0.059482
0.059430
0.002261
0.004606
0.007055
0.008833
0.010848
0.012892
0.014842
0.016980
0.018756
0.020816
0.022574
0.024583
0.026542
0.028383
0.030172
0.031761
0.033347
0.034715
0.036323
0.037688
0.039299
0.040692
0.042069
0.043365
0.044574
0.045803
0.046944
0.048009
0.049073
0.049885
0.050983
0.051697
0.052597
0.053412
0.054202
0.054954
0.055638
0.056199
0.056777
0.057313
0.057798
0.058230
0.058610
0.058970
0.059263
0.059484
0.059658
0.059779
0.059862
0.000296
-0.000260
-0.000262
-0.000259
-0.000257
-0.000257
-0.000270
-0.000258
-0.000271
-0.000264
-0.000241
-0.000270
-0.000241
-0.000251
-0.000253
-0.000263
-0.000296
-0.000284
-0.000259
-0.000213
-0.000240
-0.000234
-0.000280
-0.000286
-0.000258
-0.000202
-0.000209
-0.000324
-0.000329
-0.000321
-0.000314
-0.000311
-0.000292
-0.000283
-0.000355
-0.000318
-0.000240
-0.000221
-0.000320
-0.000261
-0.000220
-0.000352
-0.000236
-0.000192
-0.000260
-0.000362
-0.000276
-0.000253
-0.000188
0.000045
-0.059795
-0.059714
-0.059643
-0.059582
-0.059521
-0.059472
-0.059432
-0.059384
-0.059346
-0.059715
-0.059630
-0.059560
-0.059499
-0.059438
-0.059401
-0.059358
-0.059314
-0.059270
-0.059584
-0.059490
-0.059416
-0.059371
-0.059264
-0.059270
-0.059200
-0.059191
-0.059142
-0.059400
-0.059316
-0.059234
-0.059181
-0.059150
-0.059073
-0.059055
-0.059027
-0.058980
-0.059160
-0.059080
-0.059009
-0.058939
-0.058901
-0.058841
-0.058805
-0.058776
-0.058742
-0.058862
-0.058785
-0.058721
-0.058658
-0.058612
-0.058587
-0.058549
-0.058488
-0.058464
-0.058531
-0.058437
-0.058374
-0.058311
-0.058265
-0.058229
-0.058200
-0.058150
-0.058141
-0.058130
-0.058023
-0.057971
-0.057900
-0.057849
-0.057813
-0.057803
-0.057774
-0.057761
-0.057656
-0.057534
-0.057504
-0.057439
-0.057349
-0.057372
-0.057372
-0.057329
-0.057339
-0.057156
-0.057182
-0.057076
-0.056979
-0.056936
-0.056982
-0.056922
-0.056906
-0.056865
-0.056627
-0.056699
-0.056610
-0.056518
-0.056452
-0.056420
-0.056380
-0.056352
-0.056328
-0.056157
-0.056108
-0.056021
-0.055926
-0.055836
-0.055811
-0.055791
-0.055788
-0.055761
-0.055573
-0.055525
-0.055423
-0.055354
-0.055328
-0.055255
-0.055208
-0.055169
-0.055143
-0.054975
-0.054918
-0.054733
-0.054691
-0.054618
-0.054568
-0.054546
-0.054542
-0.054514
-0.054278
-0.054135
-0.054020
-0.053956
-0.053805
-0.053802
-0.053803
-0.053755
-0.053791
-0.053431
-0.053341
-0.053215
-0.053184
-0.053098
-0.053086
-0.053054
-0.052924
-0.052968
-0.052544
-0.052507
-0.052408
-0.052363
-0.052250
-0.052250
-0.052189
-0.052114
-0.052104
-0.051521
-0.051673
-0.051538
-0.051499
-0.051414
-0.051367
-0.051443
-0.051321
-0.051463
-0.050722
-0.050714
-0.050592
-0.050585
-0.050504
-0.050466
-0.050413
-0.050585
-0.050471
-0.049800
-0.049743
-0.049606
-0.049608
-0.049654
-0.049563
-0.049478
-0.049450
-0.049596
-0.048814
-0.048705
-0.048589
-0.048593
-0.048630
-0.048613
-0.048671
-0.048684
-0.048527
-0.047843
-0.047652
-0.047715
-0.047782
-0.047662
-0.047587
-0.047734
-0.047697
-0.047568
-0.046679
-0.046712
-0.046659
-0.046642
-0.046589
-0.046579
-0.046600
-0.046497
-0.046624
-0.045556
-0.045651
-0.045458
-0.045467
-0.045451
-0.045441
-0.045366
-0.045632
-0.045368
-0.044415
-0.044398
-0.044226
-0.044233
-0.044214
-0.044243
-0.044163
-0.044138
-0.044284
-0.043215
-0.043215
-0.042950
-0.042962
-0.042864
-0.042848
-0.042897
-0.042916
-0.042811
-0.042007
-0.041669
-0.041663
-0.041721
-0.041666
-0.041642
-0.041587
-0.041752
-0.041648
-0.040688
-0.040496
-0.040267
-0.040290
-0.040089
-0.040254
-0.040057
-0.040202
-0.040233
-0.039126
-0.039083
-0.039181
-0.039021
-0.038895
-0.039226
-0.038715
-0.039065
-0.038920
-0.037876
-0.037789
-0.037719
-0.037620
-0.037619
-0.037500
-0.037659
-0.037400
-0.037528
-0.036407
-0.036251
-0.036206
-0.036097
-0.036111
-0.036012
-0.035921
-0.035793
-0.035992
-0.034816
-0.034683
-0.034639
-0.034503
-0.034525
-0.034466
-0.034447
-0.034305
-0.034599
-0.033180
-0.033022
-0.032930
-0.032834
-0.032871
-0.032917
-0.032919
-0.032946
-0.032949
-0.031452
-0.031271
-0.031094
-0.031110
-0.031036
-0.031234
-0.031339
-0.031301
-0.031199
-0.029848
-0.029718
-0.029663
-0.029741
-0.029410
-0.029922
-0.029751
-0.030026
-0.029732
-0.028031
-0.027978
-0.028162
-0.027859
-0.028061
-0.028031
-0.028113
-0.027951
-0.027899
-0.026356
-0.026509
-0.026456
-0.026305
-0.026339
-0.026372
-0.026327
-0.026122
-0.026033
-0.024660
-0.024551
-0.024530
-0.024508
-0.024467
-0.024450
-0.024339
-0.024209
-0.024055
-0.022716
-0.022529
-0.022590
-0.022653
-0.022741
-0.022638
-0.022429
-0.022337
-0.022403
-0.020681
-0.020567
-0.020635
-0.020516
-0.020421
-0.020497
-0.020346
-0.020590
-0.020521
-0.018755
-0.018492
-0.018654
-0.018559
-0.018711
-0.018910
-0.018671
-0.018910
-0.018647
-0.016627
-0.016899
-0.017079
-0.016671
-0.016731
-0.016676
-0.016730
-0.016666
-0.016633
-0.014686
-0.014999
-0.014767
-0.015022
-0.014736
-0.014675
-0.014769
-0.014779
-0.014553
-0.012541
-0.012701
-0.012689
-0.012818
-0.012616
-0.012516
-0.013009
-0.012647
-0.012593
-0.010693
-0.010884
-0.010668
-0.010741
-0.010690
-0.010682
-0.010679
-0.011174
-0.010795
-0.008640
-0.008847
-0.008837
-0.008758
-0.008486
-0.008823
-0.008693
-0.008750
-0.008645
-0.006313
-0.006518
-0.006849
-0.006640
-0.007403
-0.007415
-0.007531
-0.006740
-0.006794
-0.004565
-0.004512
-0.004825
-0.005160
-0.005357
-0.005120
-0.004959
-0.004665
-0.004750
-0.002166
-0.002355
-0.002544
-0.002661
-0.002751
-0.002650
-0.002567
-0.002400
-0.002333
0.000000
0.000000
0.000000
0.000000
0.000000
0.000000
0.000000
0.000000
0.000000
0.059810
0.059734
0.059670
0.059621
0.059571
0.059526
0.059487
0.059446
0.059402
0.059737
0.059644
0.059594
0.059538
0.059485
0.059445
0.059412
0.059365
0.059326
0.059611
0.059537
0.059448
0.059408
0.059350
0.059297
0.059279
0.059232
0.059198
0.059438
0.059375
0.059310
0.059220
0.059210
0.059136
0.059074
0.059060
0.059019
0.059195
0.059140
0.059072
0.058995
0.058927
0.058912
0.058862
0.058829
0.058790
0.058910
0.058848
0.058780
0.058710
0.058656
0.058615
0.058572
0.058544
0.058513
0.058565
0.058503
0.058426
0.058371
0.058314
0.058268
0.058236
0.058208
0.058177
0.058175
0.058104
0.058021
0.057977
0.057915
0.057871
0.057832
0.057815
0.057789
0.057738
0.057668
0.057576
0.057515
0.057463
0.057424
0.057383
0.057364
0.057365
0.057253
0.057161
0.057072
0.056995
0.056995
0.056925
0.056908
0.056850
0.056872
0.056715
0.056612
0.056540
0.056540
0.056572
0.056413
0.056380
0.056366
0.056404
0.056180
0.056084
0.055964
0.055939
0.055949
0.055901
0.055980
0.055914
0.055853
0.055485
0.055462
0.055379
0.055319
0.055499
0.055399
0.055351
0.055324
0.055273
0.054881
0.054847
0.054802
0.054686
0.054785
0.054692
0.054661
0.054648
0.054578
0.054104
0.054026
0.054081
0.054091
0.054000
0.053974
0.053940
0.053965
0.053948
0.053302
0.053243
0.053156
0.053251
0.053184
0.053169
0.053175
0.053175
0.053179
0.052546
0.052510
0.052485
0.052264
0.052411
0.052367
0.052348
0.052317
0.052327
0.051682
0.051754
0.051677
0.051495
0.051436
0.051537
0.051463
0.051432
0.051427
0.050906
0.050825
0.050708
0.050641
0.050692
0.050613
0.050551
0.050556
0.050513
0.049841
0.049786
0.049772
0.049788
0.049631
0.049658
0.049596
0.049620
0.049563
0.048818
0.048861
0.048851
0.048700
0.048720
0.048636
0.048581
0.048634
0.048567
0.047914
0.047952
0.047796
0.047638
0.047694
0.047598
0.047566
0.047562
0.047503
0.046792
0.046699
0.046636
0.046665
0.046353
0.046484
0.046505
0.046524
0.046471
0.045717
0.045595
0.045540
0.045711
0.045458
0.045473
0.045599
0.045463
0.045456
0.044457
0.044482
0.044495
0.044210
0.044387
0.044327
0.044414
0.044259
0.044188
0.043209
0.043250
0.043048
0.042921
0.042993
0.043003
0.042946
0.043055
0.042934
0.041982
0.041731
0.041754
0.041689
0.041921
0.041790
0.041719
0.041770
0.041692
0.040563
0.040394
0.040389
0.040520
0.040384
0.040319
0.040341
0.040428
0.040371
0.039198
0.039119
0.039134
0.039041
0.038901
0.039003
0.038995
0.039070
0.038964
0.037726
0.037472
0.037427
0.037502
0.037614
0.037420
0.037482
0.037571
0.037532
0.036156
0.036354
0.036234
0.036175
0.036263
0.036314
0.036126
0.036229
0.036182
0.034743
0.034498
0.034580
0.034638
0.034678
0.034903
0.034758
0.034661
0.034603
0.033213
0.033133
0.033206
0.033032
0.033010
0.032963
0.033064
0.032980
0.032967
0.031531
0.031315
0.031493
0.031327
0.031354
0.031172
0.031439
0.031293
0.031337
0.029902
0.030047
0.029806
0.029644
0.029612
0.029363
0.029545
0.029514
0.029660
0.028215
0.028148
0.028017
0.027979
0.027810
0.027779
0.028156
0.027848
0.027945
0.026312
0.026304
0.026421
0.026252
0.026187
0.026468
0.026421
0.026169
0.026188
0.024312
0.024518
0.024605
0.024634
0.024556
0.024795
0.024605
0.024661
0.024366
0.022358
0.022563
0.022683
0.022756
0.022885
0.022591
0.022736
0.022691
0.022507
0.020590
0.020660
0.020662
0.020667
0.020679
0.020562
0.020648
0.020744
0.020693
0.019168
0.018764
0.018641
0.018684
0.018752
0.018464
0.018547
0.018575
0.018682
0.016650
0.016559
0.016626
0.016985
0.016372
0.016816
0.016812
0.016591
0.016964
0.014728
0.014690
0.014764
0.014610
0.014821
0.014881
0.014862
0.015101
0.014741
0.012862
0.012987
0.013066
0.012758
0.012712
0.012967
0.012788
0.012949
0.012734
0.010825
0.010552
0.010549
0.010506
0.010524
0.010685
0.010929
0.011020
0.010644
0.008711
0.008874
0.008795
0.008679
0.008506
0.008954
0.008894
0.008794
0.008626
0.006645
0.006458
0.006850
0.007383
0.007312
0.007049
0.006924
0.006617
0.006491
0.004436
0.004309
0.004496
0.004642
0.005104
0.004707
0.004431
0.004619
0.004517
0.002410
0.002577
0.002720
0.002814
0.002787
0.002781
0.002651
0.002519
0.002366
0.000228
0.000170
0.000113
0.000067
0.000023
-0.000028
-0.000081
-0.000135
-0.000195
0.000298
0.000292
0.000280
0.000288
0.000279
0.000271
0.000279
0.000280
0.000301
0.000299
0.000290
0.000270
0.000232
0.000256
0.000270
0.000277
0.000274
0.000289
0.000286
0.000277
0.000252
0.000295
0.000364
0.000303
0.000282
0.000262
0.000245
0.000254
0.000252
0.000267
0.000265
0.000301
0.000257
0.000338
0.000381
0.000345
0.000309
0.000254
0.000313
0.000324
0.000203
0.000223
0.000234
0.000252
0.000432
0.000331
0.000271
0.000274
0.000043
-0.001757
-0.002867
-0.001185
0.000950
0.001013
0.002196
-0.001707
0.001561
0.002040
-0.001244
0.002806
0.015082
0.013283
0.010795
-0.009662
0.016250
-0.001010
-0.009526
-0.018496
0.000222
-0.016271
0.000169
-0.016964
0.018432
0.016058
-0.017636
-0.001774
-0.009849
0.008117
0.015308
0.013314
-0.009991
-0.002059
-0.012845
0.006423
-0.008966
0.006702
-0.008415
0.000175
0.000440
0.000279
-0.009972
-0.010295
0.007134
-0.000340
0.010323
-0.006959
-0.001192
-0.004698
-0.007012
0.006845
-0.005424
0.006532
0.006155
-0.015873
0.019597
-0.019180
0.019453
-0.019047
-0.018610
-0.003890
0.004893
-0.004001
0.003574
-0.003262
-0.010229
0.004830
0.009072
0.000237
-0.001512
-0.011010
0.002208
0.008392
0.008545
-0.005143
-0.007957
0.006880
0.006075
-0.007482
0.007056
-0.007017
-0.006462
-0.010858
-0.014422
0.016221
-0.009482
-0.000194
0.001387
0.016464
0.001697
-0.002917
0.002282
-0.002606
0.002864
0.006182
-0.016334
-0.017217
0.010338
-0.011250
-0.013871
-0.016986
-0.008057
-0.017913
-0.016136
-0.018481
0.001842
0.017662
-0.016692
-0.019450
0.016077
-0.012347
0.015625
0.017083
0.018895
0.018150
-0.028361
-0.013631
0.016575
-0.025169
-0.028029
0.014917
0.001036
-0.024617
0.016700
0.003064
-0.003119
0.000104
0.004080
0.001863
0.004166
-0.007311
0.002411
-0.005687
0.002444
0.007358
-0.007633
0.004954
-0.002924
-0.005113
0.005726
-0.001540
0.000953
0.010095
-0.007700
0.004648
-0.019450
0.008898
-0.010591
-0.012093
0.004631
-0.011559
-0.008802
0.010767
-0.016873
-0.019471
0.016771
0.017469
0.020928
0.020712
0.004016
-0.002387
-0.018653
0.024520
-0.011586
-0.012220
0.012043
0.012763
-0.012060
0.010419
0.014660
0.013889
-0.013293
-0.017106
0.012964
0.016257
0.016753
-0.014611
0.015071
0.015384
-0.002802
-0.007436
0.015492
-0.015898
-0.016628
0.017080
-0.016097
0.016926
0.001483
-0.003052
0.002525
-0.006511
-0.005548
0.006614
-0.003732
0.006621
-0.003994
-0.016668
0.019037
0.015683
0.016266
-0.020423
-0.015771
-0.015727
-0.017968
-0.018395
0.000217
0.018505
-0.016944
0.019305
0.018646
-0.025880
-0.017789
-0.018813
-0.030416
-0.011828
0.017902
-0.020232
-0.014744
0.029485
-0.003583
-0.019305
0.019727
0.018785
-0.023536
0.019776
-0.018063
-0.021778
0.002030
0.016815
-0.017047
0.018530
-0.021335
0.014893
-0.018008
-0.016241
-0.000546
-0.013809
-0.014226
0.018554
-0.022747
0.018502
-0.019415
0.018469
0.003590
0.003363
0.003688
-0.002237
-0.000568
0.002314
-0.002115
-0.002577
0.001195
-0.001274
-0.002682
-0.013737
0.019478
0.019430
0.001202
0.002979
0.007116
0.007116
0.002205
-0.008259
0.008719
0.008017
-0.019748
0.021926
0.019467
-0.019839
0.019713
0.019040
0.008267
0.008784
-0.009568
-0.007808
-0.009179
0.009866
-0.017688
-0.016717
-0.017283
-0.016691
-0.016976
0.003720
-0.003814
-0.004403
-0.005401
-0.005079
-0.004034
0.004046
0.005491
-0.011666
-0.011628
-0.011162
0.010281
0.011859
0.003276
-0.009471
-0.009941
0.011443
0.010830
-0.011174
-0.010205
-0.010181
0.010832
0.009623
-0.011209
0.019922
-0.018297
-0.031512
0.018962
-0.018350
0.019710
-0.017671
0.017870
0.000693
-0.018373
-0.017616
-0.012231
0.015170
0.013496
-0.017339
-0.010732
0.012054
0.015765
0.000235
0.012681
-0.014400
0.012299
0.008487
-0.012120
-0.012055
-0.017154
0.010390
-0.014850
-0.007678
-0.014213
0.013770
0.011873
-0.000602
0.000479
-0.000468
-0.002263
0.002089
-0.003067
-0.003307
-0.007376
-0.010963
0.004407
0.009693
-0.012485
0.011795
0.004002
-0.032071
-0.030984
-0.023547
-0.014884
-0.011501
0.012609
0.006460
0.012500
-0.010799
-0.013515
-0.018563
-0.023597
-0.000195
-0.021323
0.018823
-0.019734
0.019438
-0.000977
-0.000902
-0.000504
0.000588
0.001094
0.016100
0.018345
-0.019025
-0.019313
0.017086
-0.019173
-0.018053
-0.018278
0.017980
-0.003246
0.019133
0.018121
-0.018355
-0.000755
-0.019068
0.019736
0.018815
-0.002951
0.001697
0.004234
-0.000517
-0.000568
0.027978
0.018232
0.018284
0.020254
0.017369
0.015435
0.010801
0.011347
-0.011228
0.010313
0.010179
-0.014070
0.012340
0.011751
-0.013651
-0.018071
-0.018996
0.020942
0.014120
-0.013495
-0.015715
0.003879
0.016931
0.009064
-0.013698
-0.008515
0.007263
0.011496
-0.010389
-0.011633
-0.012397
0.011695
-0.012230
-0.011172
-0.009054
-0.008967
0.000318
-0.001087
-0.002109
0.001704
-0.000482
0.001846
-0.000593
-0.019292
-0.005964
-0.016025
0.000683
-0.006057
-0.005626
0.000084
0.005640
0.005856
-0.006419
0.006531
-0.006077
-0.006935
0.007492
0.006712
-0.007175
0.002824
0.019552
0.034328
0.032074
0.019372
-0.009308
0.009303
-0.020356
0.018225
0.019663
0.021077
-0.008522
0.018092
0.022291
0.004362
-0.013258
-0.003914
0.004525
0.004704
-0.003993
0.002599
0.006702
-0.022950
0.009553
0.019908
0.012081
-0.019312
-0.019457
-0.019347
0.019508
0.019340
-0.019474
0.019393
-0.016896
-0.015749
0.007332
0.015280
-0.016791
0.015685
0.012233
0.007872
0.015663
-0.003374
-0.013558
0.017006
0.016878
0.006351
0.003925
0.008730
0.015890
0.021658
0.016802
0.014446
0.009068
0.011396
0.011350
-0.011827
0.016388
-0.017015
-0.014702
0.017022
0.016403
0.016697
-0.016709
-0.016008
0.016728
0.005333
0.000450
0.017131
0.017326
0.012090
0.014404
-0.020653
-0.032425
0.010251
0.019076
-0.019323
0.019158
0.019292
-0.019400
0.001089
-0.013616
0.013763
-0.014078
0.013925
-0.014907
-0.000770
0.000570
0.000560
-0.011106
0.008937
-0.014967
-0.012657
0.013899
-0.019787
-0.019608
-0.019845
0.001100
-0.006352
0.015279
-0.000567
-0.000629
0.019676
0.019602
-0.020585
0.019237
0.018101
0.016771
0.019394
-0.017147
0.018654
-0.018576
0.011802
-0.022472
-0.022425
-0.019662
-0.019362
-0.024849
0.020577
-0.017810
0.017915
-0.017536
0.017301
0.012803
-0.017266
-0.017296
0.017302
-0.017577
-0.017854
0.017281
-0.017642
-0.019259
-0.018666
0.020476
0.018953
0.022712
-0.019528
-0.019636
0.019463
-0.019584
-0.019689
0.019511
-0.019455
0.019216
0.019565
0.019409
-0.002544
0.001271
-0.016616
0.019246
-0.000564
-0.000912
-0.019182
-0.026840
0.018248
0.017591
-0.019783
-0.003972
-0.017449
0.017141
-0.012688
-0.024484
-0.017018
-0.015433
-0.014231
0.000862
0.012881
-0.023765
-0.013063
0.010348
0.010193
0.009287
0.008506
-0.020219
-0.000718
0.000531
0.000409
-0.001094
-0.019781
-0.018689
-0.019573
0.014188
0.007324
0.007941
-0.007631
0.017563
-0.012848
-0.015043
0.014543
0.011358
0.007929
-0.007193
-0.009515
0.011486
0.030449
0.019152
0.016172
-0.016485
-0.017904
0.018935
0.007109
0.007668
-0.009746
-0.010181
0.031792
-0.018762
0.017527
0.017239
-0.021738
-0.017820
0.009733
-0.019349
0.018134
-0.010875
-0.009783
0.015707
-0.012280
0.014046
0.012950
-0.014939
0.012217
-0.013058
0.004064
-0.015547
-0.001735
-0.012378
0.019552
-0.016961
0.011516
0.013893
0.016466
0.016714
0.017601
0.017857
-0.018108
0.017824
0.016986
-0.018235
-0.019675
-0.018280
-0.019336
-0.019221
0.017477
0.008837
-0.001760
0.000499
0.006499
-0.001484
0.024329
0.017587
0.017572
-0.013146
0.004725
0.019548
0.011623
-0.019420
-0.015730
-0.019095
0.005273
-0.015817
0.015057
-0.013939
0.015908
0.002043
-0.015085
0.011277
-0.010675
-0.010256
-0.010193
0.009845
-0.016066
0.016685
-0.016153
0.015631
0.009566
0.018350
-0.018572
0.018303
0.019486
0.016507
0.006649
-0.007018
-0.008267
0.006514
-0.008518
0.014748
0.012777
0.012801
-0.007034
0.001160
-0.007328
0.016480
-0.019222
-0.012848
-0.016433
-0.011207
0.013056
-0.016791
0.007243
-0.007214
-0.007886
0.016964
0.010519
-0.019917
0.012954
-0.009989
-0.014467
0.017503
0.018739
-0.019048
0.008291
0.008985
0.004083
-0.003901
-0.019272
-0.019622
0.020207
0.018741
0.005195
0.019369
0.017023
0.011188
-0.011698
-0.014089
0.017928
0.014011
-0.012736
0.007791
-0.006272
-0.018431
0.020471
0.017978
-0.006797
0.010368
-0.013147
0.018499
-0.017694
-0.002533
0.000214
-0.016244
0.007838
0.008109
0.012384
0.019252
-0.019543
-0.013073
-0.012856
-0.007183
0.013212
0.017048
0.022143
-0.008622
0.034560
-0.010133
