1.18780190837313e-07
1.34594041797082e-07
1.32969114505962e-07
1.18673270044494e-07
2.57513131139947e-08
2.68434375356002e-08
3.33828138809306e-08
-2.77832645832754e-08
3.35321911474272e-08
-2.76045121290082e-08
0
0
0
0
1.19007507475010e-07
1.19738408070800e-07
1.21791385616600e-07
1.26288253613329e-07
1.29969877245462e-07
1.30057270374391e-07
1.29427241356263e-07
1.29006719889221e-07
1.27945475970694e-07
1.29503583839703e-07
1.29062025531415e-07
1.29764099930989e-07
1.30428175257596e-07
1.26563764672227e-07
1.21579390189404e-07
1.19490275641750e-07
1.18799009632550e-07
1.18797508261131e-07
1.18986555546313e-07
1.19010207915971e-07
1.19067940296786e-07
1.19089128722435e-07
1.19122017822691e-07
1.19125120057890e-07
1.19091553406099e-07
1.18920378332884e-07
1.04530099133765e-07
8.36238061264118e-08
6.44239374908412e-08
4.58918846429172e-08
2.69516161488931e-08
2.69234465472737e-08
2.74418998561166e-08
2.72609968377824e-08
2.71421281077639e-08
2.77546449373625e-08
2.76203998586934e-08
2.77328622009228e-08
2.67717309400004e-08
4.57894451168804e-08
6.43110758959727e-08
8.33051049953064e-08
1.05569556565316e-07
1.01248523743425e-07
8.34268291395538e-08
6.56027685932425e-08
4.87774552273780e-08
1.97638634842217e-08
7.45722816033475e-09
-4.11200179398493e-09
-1.57487767646061e-08
-2.75150403825955e-08
-2.73199918853642e-08
-2.71608469990530e-08
-2.70098931294224e-08
-2.69453093646661e-08
-2.69743804446682e-08
-2.71535272720142e-08
-2.73386778283293e-08
-2.75025045293039e-08
4.87941795622296e-08
6.56032253689282e-08
8.34254044641729e-08
1.01355176586496e-07
-1.55316852748624e-08
-3.99300749651303e-09
7.49417803362862e-09
1.98085485055531e-08
2.00921745744572e-08
1.51925461219488e-08
1.00153762682032e-08
5.08314747240615e-09
0
0
0
0
0
0
0
0
0
5.44714332704646e-09
1.02023776071408e-08
1.50400883571900e-08
2.02182202306666e-08
0
0
0
-1.70748799689175e-09
-3.75772450213791e-09
-8.07369831211094e-09
-1.20543643636174e-08
-1.62578617019494e-08
-2.03136760484374e-08
-2.32821053806358e-08
-2.55986208445163e-08
-2.70204545353689e-08
-2.76920115059702e-08
-4.21472503176039e-09
-8.05170857754643e-09
-1.23168654620303e-08
-1.65532662777446e-08
-2.04675077304343e-08
-2.34665923258475e-08
-2.56673817354816e-08
-2.70156927708133e-08
-2.74933443005417e-08
0
0
0
0
0
0
0
0
0
0
0
0
0
1.19075930796906e-07
1.19874920594827e-07
1.21593151871960e-07
1.24840606963340e-07
1.19193971226934e-07
1.19855277426447e-07
1.21457206298082e-07
1.24212471094442e-07
1.19198429504183e-07
1.19766421982369e-07
1.21145383678247e-07
1.24395659688166e-07
1.19193551015052e-07
1.19762545309406e-07
1.21293906868578e-07
1.24178290096236e-07
1.19166234599574e-07
1.19762248789658e-07
1.21326403920679e-07
1.24357101822044e-07
1.19146295256322e-07
1.19831550723846e-07
1.21421050312048e-07
1.24232183697241e-07
1.19121848596127e-07
1.19821092419711e-07
1.21314335325206e-07
1.24552412053392e-07
1.19158787895940e-07
1.19700634361060e-07
1.21223555822328e-07
1.24381653112941e-07
1.18922468609707e-07
1.19646607241928e-07
1.21452257828694e-07
1.25021220471281e-07
1.04168856028684e-07
8.39332918124105e-08
6.51200562661532e-08
4.69799693040256e-08
1.03579051791055e-07
8.40994385641016e-08
6.54857809083346e-08
4.72800623294830e-08
1.03616471775659e-07
8.41328320815754e-08
6.56886951491045e-08
4.73852715711894e-08
1.03653375029389e-07
8.42236538748444e-08
6.59196299823572e-08
4.75716278637658e-08
1.04214823272509e-07
8.42955743567047e-08
6.58194113252525e-08
4.76542249975626e-08
1.04075989437789e-07
8.40846673266447e-08
6.55707174986328e-08
4.75049087470324e-08
1.04114864211800e-07
8.40008752567203e-08
6.55072534069773e-08
4.75789009238719e-08
1.03951280740275e-07
8.39038825310120e-08
6.52556830524869e-08
4.70058083563531e-08
1.04108286205859e-07
8.35749466194825e-08
6.48350933167659e-08
4.63183987010548e-08
1.01574312990759e-07
1.01720578530992e-07
1.01822428752666e-07
1.01857996081830e-07
1.01850137165549e-07
1.01782379597405e-07
1.01719564825447e-07
1.01650190459506e-07
1.01409177143323e-07
8.38188280458147e-08
8.39880070555947e-08
8.41250241327702e-08
8.41881202340243e-08
8.42336145697009e-08
8.41776773349791e-08
8.40973201413359e-08
8.39765260157141e-08
8.36827937116137e-08
6.62767819398785e-08
6.66677766503676e-08
6.67896546347124e-08
6.68722258849631e-08
6.68903087088737e-08
6.68457640468282e-08
6.67858378025983e-08
6.65366210476148e-08
6.61910913728429e-08
4.95112892773341e-08
4.99220469562218e-08
5.01304439315297e-08
5.02162936820844e-08
5.02783693151586e-08
5.02719685971107e-08
5.01288237879776e-08
4.99184654595622e-08
4.95005372054371e-08
3.42897785706504e-08
3.47041143239598e-08
3.49011156539098e-08
3.50217103614424e-08
3.50256920121024e-08
3.49279619730443e-08
3.49008108400770e-08
3.46721117780829e-08
3.41740611554503e-08
2.04759680549686e-08
2.08982795017617e-08
2.10049271038761e-08
2.12033425171923e-08
2.12656372014674e-08
2.12120778639841e-08
2.10437305943417e-08
2.08408594375736e-08
2.04629642382724e-08
7.97778819870625e-09
8.34687421258690e-09
8.57989536591662e-09
8.64268326436448e-09
8.63454643054612e-09
8.59088680832388e-09
8.46705611539041e-09
8.23018943860798e-09
8.00672967215030e-09
-3.70068336147038e-09
-3.48298822129085e-09
-3.35776526268180e-09
-3.29610302888541e-09
-3.24574197042232e-09
-3.30133592590136e-09
-3.37821481028137e-09
-3.51189144210142e-09
-3.76905580763875e-09
-1.53637279871787e-08
-1.51948656754381e-08
-1.50807758484676e-08
-1.49803384748698e-08
-1.49381420637686e-08
-1.49749628410176e-08
-1.50812520821492e-08
-1.52486335449389e-08
-1.55367785824860e-08
2.08664887248950e-08
1.51268352773951e-08
1.01043393523645e-08
4.69290364217630e-09
2.09260725629457e-08
1.54192719786817e-08
1.00848491832940e-08
4.94504581718071e-09
2.09562219385236e-08
1.52356649296217e-08
1.01716951302908e-08
5.15710804602727e-09
2.10982811223023e-08
1.54697244310544e-08
1.02115828027675e-08
5.06438424052495e-09
2.09638705217789e-08
1.53549129478817e-08
1.02657374919105e-08
5.06122049850476e-09
2.13507117625836e-08
1.54932312823689e-08
1.04129419151862e-08
5.12292201002912e-09
2.14456368490577e-08
1.53755956232333e-08
1.02379860721179e-08
5.09301859148804e-09
2.09188570673834e-08
1.52119821841882e-08
9.88570188234093e-09
4.86984198238418e-09
2.05487330498640e-08
1.50120551177484e-08
9.90598218181500e-09
4.96027489260763e-09
1.61941227315092e-08
1.22850801498676e-08
4.02319177925598e-08
2.57627879043379e-08
9.22362602054201e-08
5.64045236041015e-08
3.59546123813759e-08
5.47183285144769e-08
9.57555103371431e-08
5.28068892650097e-09
-1.51561496298403e-08
-1.33502198649389e-08
-1.12886905683641e-08
-8.81442427166813e-09
-6.35172810177547e-09
-3.60720572095160e-09
-1.68299286035840e-08
1.28519615982471e-08
1.17799477041348e-09
1.03257916849343e-07
6.14930558207994e-10
-1.61368522076339e-08
7.43176185381054e-08
7.41178427731352e-08
8.54666699655730e-09
-8.16812085522499e-09
3.19637883976518e-08
-6.21312907262485e-09
6.46064663406928e-09
1.08625026879584e-07
4.74401239967124e-08
4.57586193131653e-08
1.87089250617049e-09
3.08918746598957e-09
-2.90907342921175e-09
5.79498579808973e-09
-5.54588587394027e-09
-3.97644745601020e-09
8.53013047568480e-08
1.92963148926652e-08
6.44814726609973e-08
1.06225734223567e-07
-5.07565018620186e-09
7.62689964152556e-09
-1.04975109197702e-09
-1.06841410735137e-09
1.83884051457596e-08
-5.46649308426355e-09
8.43195249322880e-08
6.38851008038293e-08
2.91771464838913e-08
9.30941839216169e-09
4.00738661232597e-09
1.64468236869954e-09
5.47813570827909e-08
3.83521387957485e-08
1.88246607837077e-09
2.29166483705143e-09
2.39021583428156e-08
1.14237439214387e-08
1.26652902170610e-09
7.03765784955617e-08
1.57453815580301e-08
1.88375887303441e-09
9.85982771214782e-09
1.01732829763968e-07
2.10735386740265e-09
-3.74985143616662e-09
-8.20551099395919e-09
-1.22989714176510e-08
-1.63673748220716e-08
-2.01974330564207e-08
-2.32532122945752e-08
-2.55428262045628e-08
-2.68170454341752e-08
-2.73854706913418e-08
-3.66020971526671e-09
-8.05870952100631e-09
-1.21123279736465e-08
-1.63308090302940e-08
-1.98214620392875e-08
-2.31100046987197e-08
-2.53745663061369e-08
-2.66250705989932e-08
-2.71932612864175e-08
-3.42657950303483e-09
-7.78593464136833e-09
-1.23765853492517e-08
-1.62280434979796e-08
-1.97821704544652e-08
-2.26505319194568e-08
-2.51379934755867e-08
-2.65719425101611e-08
-2.70297359050974e-08
-4.08330612959833e-09
-8.14867236869537e-09
-1.22224271902753e-08
-1.60370708115050e-08
-1.96237173457977e-08
-2.27860074275667e-08
-2.48593628468864e-08
-2.62611423776857e-08
-2.68568307286159e-08
-3.97100479396371e-09
-8.10611124943556e-09
-1.21090579352914e-08
-1.60516794096201e-08
-1.96552299509999e-08
-2.27036589928623e-08
-2.49008552697783e-08
-2.62460918693861e-08
-2.68406569957764e-08
-3.97145687677635e-09
-8.06798732411019e-09
-1.20824066784579e-08
-1.62395889793085e-08
-1.97197985276269e-08
-2.27317291166694e-08
-2.49388930496686e-08
-2.63385312699747e-08
-2.68948615191010e-08
-4.05580045576886e-09
-8.06002798941221e-09
-1.23146418867082e-08
-1.63332365386290e-08
-1.98019109875947e-08
-2.29052412610811e-08
-2.51210088736658e-08
-2.64770926350333e-08
-2.70565731188108e-08
-3.90782831971863e-09
-8.20513244252020e-09
-1.20771257877848e-08
-1.62867028956064e-08
-2.00825680117484e-08
-2.32353452679070e-08
-2.54071206254629e-08
-2.67055783315575e-08
-2.72253420391255e-08
-4.16242438592375e-09
-7.83381920483174e-09
-1.24591642401194e-08
-1.64584170215360e-08
-2.01759600797375e-08
-2.35376950491192e-08
-2.56491949097989e-08
-2.69256775209505e-08
-2.74062152545189e-08
9.44509149280843e-08
5.66108663871136e-08
2.58864940259055e-08
4.03780919056504e-08
3.59213255140911e-08
7.48413098547713e-08
-9.78897495568015e-09
1.19213180445499e-09
1.29503334029151e-08
-3.58677462590993e-09
-5.98080836094352e-09
-8.68885577256948e-09
-1.12007485934244e-08
-1.32778311790004e-08
-1.48144747985699e-08
-1.54696155655516e-08
2.32292925596248e-09
7.10223807455783e-10
1.59314140271419e-08
1.21944826833173e-08
8.80173181075818e-09
9.28557265662705e-08
7.36291746039679e-08
5.46970732203710e-08
9.88993511041358e-08
1.13370179263412e-07
6.07162787448697e-09
-1.16761153146346e-09
-2.03955075490283e-08
1.03501570842875e-07
1.94924974964370e-08
4.76908965434559e-08
6.44903769406240e-08
7.97248117280523e-09
-2.75292795813322e-09
8.52116995054755e-08
-4.96636198962187e-09
-5.56119762254086e-09
-5.81362453343815e-09
1.85982938437322e-08
3.39451048986557e-09
-5.25871882038494e-09
6.63795503439302e-09
3.21836798234331e-08
-9.60446720459628e-10
8.43111386989350e-08
-3.96975046795433e-09
5.99605989930426e-09
6.54753818764364e-08
4.58573684330809e-08
2.93888236365543e-08
9.29884676839841e-09
1.02297766306557e-07
2.23543742359013e-09
3.86120521759095e-08
5.58162900137175e-08
7.53941247064792e-08
4.07879752812523e-09
1.96882406521803e-09
1.81430548682167e-09
2.12142209681038e-09
2.40036504903234e-08
1.15232901179103e-08
9.98482636710581e-09
1.59131639385332e-08
1.59695924319492e-09
-1.09560735778845e-09
-1.54518281324675e-08
0
0
-1.84274060055086e-10
0
0
0
0
0
0
0
0
0
0
0
0
0
0
0
-2.60773749245694e-10
0
0
0
0
0
0
0
0
0
0
0
0
0
0
0
-2.28222208165567e-10
0
-7.35773624889235e-10
4.80071720220366e-09
1.28714112673397e-09
5.64683115444369e-09
1.07273245199526e-07
9.61901043478456e-08
-1.42678367005705e-09
-3.02366742429534e-09
-6.44843719207070e-09
-6.93779715489791e-10
-5.08127390689439e-09
-1.26050408740508e-09
-2.72806424284890e-09
1.28478763754479e-10
9.69983328159278e-08
1.13490363682440e-07
-8.95342095417963e-09
7.15840294552877e-08
7.78860955222941e-08
9.31572830230701e-08
8.04355131738489e-08
6.30184560423236e-08
6.64521389812973e-08
7.90034173746360e-08
6.27674241614039e-08
6.34352298000983e-08
1.23944959734432e-07
-1.87318307837776e-09
3.92594509464039e-09
-2.55181841689434e-09
-2.97385972471725e-09
2.41711264179115e-09
-4.90604062925673e-09
-1.75790474252063e-09
-7.41613756864194e-09
-4.37459168344486e-09
1.00452599228898e-08
1.16124655559851e-08
1.07450262115614e-07
1.07132412535044e-07
6.22766413064424e-09
-1.55326242031547e-09
1.57892880587777e-09
-6.86558757296118e-10
7.92835941039939e-11
7.75086205813814e-10
-4.58810460663815e-09
-4.69417413563801e-09
-6.35178552285492e-09
2.92870065776557e-09
2.72124871974557e-09
-7.22020067792431e-09
-3.29200076236225e-09
-3.25235624719750e-10
1.14995591770620e-08
1.42846181879199e-08
6.69619976550567e-09
-3.02539609548285e-09
6.60467137280723e-09
-2.67632687889261e-09
-2.26375039770956e-09
-7.24951958534857e-09
-1.52501110484962e-09
3.23092011887984e-09
8.44211209233267e-10
7.00371224325938e-09
-1.02694848001629e-09
4.42529187987145e-09
5.89048369306161e-09
8.88201990553545e-09
-2.35715139156007e-10
8.38516006569372e-09
1.47132151648753e-08
2.62248197800659e-09
-2.36185263099010e-09
-1.47171900864035e-09
9.16459336725848e-09
1.65608886935384e-08
1.50603985026151e-08
1.06598321383297e-07
8.36798475600250e-08
7.72970818225003e-08
9.45995330939558e-08
9.17699470734563e-08
1.01684111021011e-07
7.02293463996517e-08
6.71132541521578e-08
6.50081106367243e-08
7.45020526175340e-08
7.28409729865477e-08
9.05742240213105e-08
9.20921273038588e-08
1.00452471908227e-07
8.39965304296036e-08
8.71803612634841e-08
7.98094462575756e-08
7.10173617695746e-08
7.22572789396702e-08
1.06851734094678e-07
7.91210423731926e-08
1.33707900045371e-08
2.45011933830537e-08
2.45725225038389e-08
2.10202497593251e-08
4.31077382313243e-09
8.27000241553771e-09
1.70746633573197e-08
7.29667943393169e-09
3.18362709443669e-09
1.71986517814011e-08
2.76637574767479e-08
2.31562569842589e-08
3.16792029365575e-08
9.42749341457422e-08
9.83183603903415e-08
1.08329629416889e-07
2.94486758157382e-08
3.89107540939891e-08
3.48154348539546e-08
3.74627532836639e-08
2.29872027089422e-08
7.68964994787223e-08
6.47856879226650e-08
9.25796878801022e-08
9.26394429704486e-08
6.28207999069018e-08
-5.17969890172382e-09
-1.39868479481181e-08
1.36862906941758e-08
1.76465990388236e-08
3.53244674997269e-09
6.28721616223131e-08
7.91939415906989e-08
7.22844284847365e-08
6.25830287006975e-08
5.30390037083861e-08
9.41906500251865e-08
7.67261549369845e-08
9.18196170241403e-08
7.66981656732009e-08
8.17583632890607e-08
-1.38873987260268e-08
-1.34504146380325e-08
-1.74220613955976e-08
-5.54239351507482e-09
-1.38807297677449e-08
-7.31330664981729e-09
3.78813082510054e-09
2.88480057112085e-09
-1.37276833988906e-09
1.00375009923920e-09
9.78949177678586e-10
-1.80770530040557e-09
1.33054965851850e-09
3.79805836239434e-09
5.27815001608413e-08
9.31299216147097e-08
4.78856014065732e-09
7.77314035360975e-10
5.48002788071863e-09
3.34150881491178e-10
4.75708130696540e-09
3.55107246246656e-09
5.40286318052307e-08
6.76383157024937e-08
4.90096003726288e-09
1.59618149074546e-09
5.63843428564057e-09
4.79788491709396e-09
2.22714702181473e-09
1.12502050076397e-07
1.12204392100266e-07
5.58936883337273e-09
6.14347677370292e-09
4.93867987143976e-08
5.82505900627839e-08
5.63763901305871e-08
6.62166994880678e-08
4.87131265526235e-08
7.19354610550723e-08
3.32094643599879e-08
4.33512645824167e-08
4.13555158696837e-08
5.29056671603202e-08
4.34541743770760e-08
2.92064294651747e-08
3.98699338926959e-08
3.76136733858134e-08
2.59523435715077e-08
1.83066937126259e-08
3.35870706534527e-08
1.06727440038018e-07
-1.77530873051764e-09
2.39342839225829e-08
3.79667203319824e-08
4.40151497373649e-08
4.18601932946731e-08
6.78847509518836e-09
1.64440344989822e-08
1.53610451073338e-08
1.60822866016571e-08
6.59199696300690e-08
6.49298322566924e-09
-1.66627310966840e-09
-2.65162882797664e-09
-9.62212813897387e-10
-6.33337555754812e-09
-9.66797552576269e-10
7.07614625459736e-09
6.51660318503108e-09
-1.04956151093022e-08
-7.93496747456519e-10
4.33119602582122e-11
1.12939648333286e-09
9.74193521665833e-10
4.64630018981812e-09
2.46623482179735e-09
7.58050247468523e-08
1.13012065067541e-07
-7.35479852227164e-09
4.90160505797049e-09
1.23700600018581e-08
6.28878747348360e-09
3.44472883383170e-08
-5.57577534537678e-09
-1.18064045665199e-09
9.63775495086513e-09
1.66991551486915e-08
1.45488824947614e-08
2.39151795412950e-08
2.56135059429465e-08
1.46717588821658e-08
2.40512233814983e-08
2.23229342578696e-08
2.80088137749734e-08
3.34469005754079e-08
-5.68477041563617e-09
7.17116079125209e-09
9.06681851895945e-09
3.13093328548259e-09
3.17118107924111e-09
1.23061080637058e-08
1.23758143019761e-08
-1.20247475416074e-08
-9.79005065606273e-09
-1.40038086599021e-08
-1.47361505523061e-08
1.93046713419773e-09
1.70885885581828e-08
1.13559077139945e-08
2.15256988872233e-08
2.45751920145975e-08
6.38764335026336e-08
7.94622821390408e-08
9.24440722658174e-08
6.25982772113565e-08
1.07187945395598e-07
9.18415603791976e-08
-1.61871699880396e-09
5.58761184421064e-10
6.24727712479929e-09
-5.10236224008596e-09
-7.32291337368567e-09
-3.86402499926268e-09
-2.77501983721661e-09
-3.61985481738547e-09
-1.90635544398225e-08
6.19504317683818e-09
1.05017513843005e-08
2.35335962420647e-09
8.90601250709589e-09
2.12027628290132e-09
3.65038876194614e-10
-1.08224539019186e-09
-2.32757668649148e-10
5.04405105097136e-10
5.15294607515029e-09
6.24935020730605e-08
5.30961985503682e-08
4.40900397474151e-08
6.93407350474197e-08
4.63268666691729e-09
-6.24975633260570e-09
-4.83309764536000e-09
5.83485313673358e-09
9.10739550957914e-09
4.05947755964401e-09
9.78753506095342e-09
-5.92372491735836e-09
-1.65570510540704e-08
-1.61230182871637e-08
-1.39332249480292e-08
-5.16885386826347e-09
1.07469846948053e-07
1.07460181985049e-07
9.59289472265373e-08
-6.63754426007092e-09
1.03388260406348e-08
1.73943720645914e-08
1.50165149528089e-08
5.71705828205725e-08
7.03335926268589e-08
5.50755236506827e-09
3.93900574549026e-08
2.38791678903243e-08
1.36832954540379e-08
-1.07063711400068e-09
-1.06000456431505e-08
-1.13948378467621e-08
9.67810611124203e-08
-8.69239945253451e-09
6.06456490577134e-09
9.02109616822619e-08
-8.64018796610258e-09
1.08368920287610e-08
1.40227627938821e-08
1.64349353730426e-08
2.35324383776165e-08
-7.49751128938710e-09
-1.12892283891443e-08
-1.53902049479487e-08
-9.14054281911878e-09
-1.11617459010985e-08
-1.88398785707328e-08
-6.25800899007469e-10
-1.62996570819167e-08
4.81998408339365e-08
4.60900103125180e-08
5.17911205504567e-08
4.08003688916819e-08
5.08020900824519e-08
6.27533658353391e-08
5.90340109889938e-08
9.96052233834283e-09
1.70361590891026e-08
1.96560397527208e-08
1.49321869247993e-08
3.79502502631660e-08
3.61023602976979e-08
4.70248413169992e-08
4.74505175488219e-08
3.32461637233026e-08
2.83782043695381e-08
5.42532602402166e-09
2.13672603660713e-09
4.00198622987429e-08
3.06935930069334e-08
3.01108255068415e-08
4.19213859629450e-08
2.31149879544716e-08
3.42003202681423e-08
-1.88957450870069e-08
-2.25602521539685e-08
-3.35331488025125e-10
-2.13100414792501e-08
-8.54173364336614e-09
2.11293062496237e-08
2.50004912888727e-08
5.63937833852880e-08
4.85259693598643e-08
-5.46041891405511e-09
-9.34401727442373e-09
-1.06641865628780e-08
1.08918474967082e-07
1.08798584654991e-07
9.67456538880802e-08
1.62969043512623e-08
2.43763208558362e-08
1.10218401914942e-07
1.07610687440153e-07
1.07834341925001e-07
1.11077451512301e-07
1.07594502125830e-07
1.05585134830400e-07
8.98588432307691e-08
1.08472974867133e-07
9.40168666797463e-08
6.04768506462242e-08
7.95419463537331e-08
4.55970406496330e-08
-4.75434012753767e-09
6.21342074235083e-09
-4.49780780110924e-09
1.01890148771144e-08
1.59874434637440e-08
3.38132951029684e-09
-1.38063196701618e-08
-2.18468162819130e-09
-8.35215743239595e-09
-1.10235604897896e-08
-1.01628281885836e-08
5.55699106089885e-09
1.02049969177864e-08
4.69080882102110e-09
1.44296658040872e-08
9.11246744080054e-09
8.25104377481296e-08
9.78152927534570e-08
7.40227435241564e-08
2.93807263837030e-08
4.62877721503310e-08
-9.06187612153975e-09
-1.87095873438559e-08
-1.74450394510830e-08
-1.86103152462114e-08
-5.54701593062084e-10
-5.28240283103906e-09
-1.73346911127361e-08
1.21833807979898e-08
2.64784617538683e-08
3.35995689096305e-08
1.26957250211403e-08
2.78802248232433e-09
1.51220516076938e-09
2.15709671815713e-09
5.97598356313385e-08
5.07598960626789e-08
4.19304377856611e-08
-1.57884431432041e-08
-1.21456474890068e-08
-2.19225116613165e-09
-2.14999090295499e-09
-1.89745847135936e-08
7.23194046845536e-10
-1.04801390081568e-09
-3.34611551803322e-09
3.29180801662332e-08
2.61825693012433e-08
4.10283876698469e-08
3.19003665024750e-08
-1.49262516869960e-09
-5.17241740532053e-09
5.18322314499833e-08
4.03724509048692e-08
1.28001309843598e-08
1.34425709072027e-08
1.50702395319319e-08
1.64143757270045e-08
-1.47043641285931e-08
-1.17766696943541e-08
-2.60418175426001e-09
-8.69981190101583e-09
-1.74012998977647e-08
6.42705029707657e-08
-5.45615386012196e-09
-1.32418496426491e-08
-1.49107889194157e-08
4.32373043305237e-09
7.62085772208003e-09
7.77611261773072e-09
6.63463482424287e-09
1.38170588866683e-08
1.10943145880962e-08
1.03933535647955e-08
6.48029055648957e-09
5.79643120743527e-08
5.28874561689450e-08
4.15101472787038e-08
1.87668888073369e-08
5.10262302955122e-09
6.92782282758625e-08
8.56212376207378e-08
2.73477882068919e-08
9.51958572081523e-09
9.02986401321684e-09
9.43874469648984e-10
2.72475685958392e-09
4.65929176510849e-09
3.82584125579558e-09
1.40275366062821e-08
6.79788273487055e-09
-1.72846721313135e-08
-1.59933699196278e-08
-3.57918025698283e-09
-3.13564229445907e-09
-1.03575035886770e-09
-5.88765965702216e-09
-8.10165863851258e-10
7.70682729959158e-08
-3.57243563272409e-09
-1.74340198215566e-09
-4.26745320882719e-09
-8.11697738946621e-09
5.99020344309996e-09
1.72074513813543e-08
1.37181164218028e-08
-1.09391393312096e-11
7.71069974620162e-08
-6.15382401866208e-09
2.45075596527955e-08
5.87897803837882e-08
2.97089384496304e-08
6.23177827281241e-08
-1.16237226818706e-08
-1.04665272943628e-08
6.60921516462886e-08
5.08501331309088e-08
3.93741724829604e-08
2.29769311688780e-09
5.23596283166617e-08
-1.00732700347341e-09
-1.62255056789555e-09
-1.87982833068193e-08
-9.31949761901001e-09
-9.25833160330900e-09
3.09722924780476e-10
9.58262132152460e-08
1.07161829805344e-07
9.32441589792748e-08
1.07870024038526e-07
5.55632983945802e-08
7.10591194634413e-08
6.88416570028273e-08
9.44681952739425e-09
4.48395519447151e-09
-1.04167639780461e-08
6.19711062336090e-09
-1.36056597255341e-09
-5.54584138441337e-09
7.75161437801625e-08
1.08001673622828e-07
8.42594638790680e-08
9.56700194732416e-08
1.04888860014756e-07
7.95121309183273e-08
3.43878132063492e-08
1.38837587824290e-08
2.03483367738520e-09
2.70892180446701e-09
-7.07535931438123e-09
9.87549848651768e-08
-2.35316906076027e-09
-4.76967142730076e-09
-1.43322461927822e-09
1.06769352826760e-07
1.07851964348092e-07
9.59110337486549e-08
1.07850689088430e-07
9.03217489180251e-08
2.27180461279725e-09
2.25164901505430e-09
1.32653299922186e-09
4.03222849776927e-08
-7.70959743564712e-09
-1.27039958708973e-08
-3.29325595737026e-09
1.42349642592900e-09
9.39121465873861e-10
6.00921031284869e-08
-1.39986304579427e-08
-1.87215428134943e-08
-1.20264999828821e-08
-5.80474233083123e-09
-1.16426264401423e-08
1.06963823314871e-08
1.46441553469808e-08
6.82659245822934e-10
-1.19206920823520e-09
3.49575552258070e-09
9.06663492017634e-11
-5.78475224408312e-09
-1.21162829067398e-08
-9.02392402978234e-09
-6.68641253370440e-09
1.80223355020981e-08
6.89877835461257e-10
7.39040714295659e-08
6.92266065033002e-08
1.58576882475579e-08
2.15596174248258e-09
1.93173056162035e-08
2.95346408811586e-08
7.03612195625258e-10
2.49884593212801e-09
1.19665686788670e-08
-3.82203674247055e-09
4.24860848196083e-08
1.66266667919205e-08
1.39611522095988e-08
-1.65615888172939e-09
-1.01576837681855e-09
8.23445144612674e-08
6.96006774188164e-08
4.98951746673595e-08
8.11849961149008e-08
1.09361365102102e-07
1.71322113224420e-08
7.77883093300197e-08
4.94087116751654e-08
1.07869375082532e-07
1.83735338754726e-08
-1.13390116194857e-08
-5.18703649841309e-09
-1.98528241403403e-08
-4.53780484656947e-09
1.07950829344234e-07
1.07073113643929e-07
1.07308498698895e-07
2.00483997877675e-09
-1.86467196148436e-09
-4.10053783553057e-09
-1.93008454968073e-08
-1.88850609879093e-08
1.06840774238033e-07
-3.55878518869638e-09
1.07819186859178e-07
2.45175565782841e-09
2.06557948292121e-09
1.07611922231277e-07
1.11520793245445e-07
1.07411964049634e-07
1.09597093479113e-07
2.29644637871993e-09
-2.13414216327469e-08
-1.87471326734943e-08
-2.18967429349927e-08