——————###结果文件###——————

##节点位移##
节点号	x	y
——————————————————
1.00000000	0.00000000	0.00000000
2.00000000	0.00000000	0.00000000
3.00000000	-0.35949050	-0.92056611
4.00000000	0.37176708	-0.98194905
5.00000000	0.38404367	-3.32446421
6.00000000	-0.56721391	-3.26308128
7.00000000	0.39632026	-5.66697938


##单元应变##
单元号	εx	εy	γxy
——————————————————
1.00000000	-0.17974525	0.00000000	-0.46028306
2.00000000	0.18588354	-0.06138294	0.24028306
3.00000000	0.00613829	-0.06138294	-0.44000000
4.00000000	0.00613829	-0.06138294	-0.22000000
5.00000000	0.00613829	-0.06138294	-0.22000000


##单元应力##
单元号	σx	σy	τxy
——————————————————
1.00000000	-3.63121715	-0.36312171	-4.18439143
2.00000000	3.63121715	-0.86453700	2.18439143
3.00000000	-0.00000000	-1.22765871	-4.00000000
4.00000000	-0.00000000	-1.22765871	-2.00000000
5.00000000	0.00000000	-1.22765871	-2.00000000
