-0.042294
-0.11684
-0.039176
-0.11698
-0.035784
-0.11712
-0.032377
-0.11723
-0.029005
-0.11736
-0.025679
-0.11752
-0.022403
-0.11774
-0.019161
-0.11805
-0.015929
-0.11845
-0.012673
-0.11894
-0.009368
-0.11953
-0.0059892
-0.12021
-0.0025202
-0.12094
0.0010481
-0.12171
0.0047151
-0.1225
0.0084726
-0.12329
0.012302
-0.12405
0.016173
-0.12479
0.020067
-0.12552
0.023974
-0.12629
0.027881
-0.12725
0.027597
-0.12279
0.027204
-0.11879
0.02685
-0.11489
0.026551
-0.11103
0.026319
-0.10717
0.026164
-0.10327
0.026096
-0.099305
0.026119
-0.095221
0.026231
-0.090968
0.026417
-0.086493
0.026641
-0.081747
0.026846
-0.076702
0.026957
-0.071363
0.026888
-0.065783
0.026568
-0.060067
0.025957
-0.054352
0.02506
-0.048783
0.02392
-0.04348
0.0226
-0.038518
0.021163
-0.033922
0.019654
-0.029679
0.018095
-0.025755
0.016492
-0.022111
0.01483
-0.018698
0.013081
-0.015473
0.011211
-0.012399
0.0091705
-0.0094625
0.0068835
-0.0066387
0.0041391
-0.0037626
0
0
0
0
0
0
0
0
0
0
0
0
0
0
0
0
0
0
0
0
0
0
0
0
0
0
0
0
0
0
0
0
0
0
0
0
0
0
0
0
0
0
-0.0058253
-0.0040713
-0.010084
-0.007253
-0.013797
-0.010373
-0.017175
-0.013525
-0.020303
-0.01676
-0.023227
-0.020099
-0.025976
-0.023559
-0.02857
-0.027154
-0.03102
-0.030902
-0.033325
-0.034823
-0.035471
-0.038932
-0.037432
-0.043234
-0.03917
-0.047711
-0.040652
-0.05232
-0.041855
-0.056995
-0.042781
-0.061663
-0.043457
-0.06626
-0.043926
-0.070743
-0.044234
-0.075098
-0.044417
-0.07933
-0.044502
-0.083452
-0.044504
-0.087481
-0.044434
-0.091429
-0.044296
-0.095303
-0.044095
-0.099106
-0.043837
-0.10283
-0.04353
-0.10649
-0.043183
-0.11006
-0.042784
-0.11354
-0.017302
-0.074493
-0.017975
-0.074129
-0.018614
-0.073491
-0.019186
-0.072582
-0.019683
-0.071406
-0.020087
-0.069966
-0.020369
-0.068232
-0.020427
-0.066399
-0.02043
-0.064319
-0.020273
-0.062075
-0.019963
-0.059693
-0.019506
-0.057205
-0.018892
-0.05463
-0.018215
-0.052118
-0.017461
-0.049589
-0.01665
-0.047146
-0.015824
-0.044848
-0.015095
-0.042786
-0.014354
-0.040827
-0.013723
-0.039197
-0.013214
-0.037879
-0.012827
-0.03689
-0.012614
-0.036241
-0.012446
-0.035943
-0.012367
-0.036014
-0.012353
-0.036449
-0.012352
-0.037247
-0.012266
-0.038487
-0.012388
-0.039971
-0.012352
-0.041769
-0.012265
-0.043832
-0.012144
-0.046119
-0.011996
-0.048753
-0.011964
-0.051342
-0.011903
-0.054044
-0.011881
-0.056772
-0.011918
-0.059436
-0.012021
-0.061998
-0.012254
-0.064484
-0.012565
-0.066686
-0.012958
-0.068657
-0.01342
-0.070363
-0.013888
-0.071777
-0.014551
-0.072977
-0.015214
-0.073806
-0.015906
-0.07433
-0.016614
-0.074556
0.025146
-0.12394
0.0016346
-0.0016619
-0.00267
-0.0018769
-0.040506
-0.11481
-0.0057507
-0.004468
-0.0025289
-0.0019006
-0.037887
-0.11438
-0.040258
-0.11205
0.022118
-0.12281
0.024461
-0.12061
0.0013085
-0.0015948
0.0034726
-0.0039455
-0.0023503
-0.0019196
-0.002108
-0.0019086
-0.0017437
-0.0017604
-0.0013906
-0.0015803
-0.040281
-0.10844
0.018263
-0.12165
-0.040549
-0.10459
0.014092
-0.12091
0.010034
-0.1205
0.0062032
-0.11995
0.0054457
-0.0066379
0.0075084
-0.0097312
-0.040783
-0.10076
-0.040962
-0.096922
-0.041085
-0.093042
-0.04114
-0.0891
0.0096124
-0.013048
0.011431
-0.016337
0.013025
-0.019707
0.014485
-0.023253
-0.041114
-0.085086
-0.040994
-0.080983
-0.040771
-0.076771
-0.040437
-0.072434
-0.039972
-0.067964
-0.039336
-0.06336
-0.038492
-0.058652
-0.037416
-0.053899
-0.036103
-0.049188
-0.034569
-0.044604
-0.032838
-0.040203
-0.030929
-0.036005
-0.028845
-0.031998
-0.02658
-0.028152
-0.024133
-0.024437
-0.021506
-0.020829
-0.018695
-0.017317
-0.015696
-0.013901
-0.012512
-0.010596
-0.0091716
-0.0074371
0.015861
-0.027043
0.017173
-0.031124
0.018396
-0.035555
0.019527
-0.040362
0.020543
-0.045541
0.021402
-0.051041
0.022066
-0.056759
0.02252
-0.062556
0.022778
-0.068273
0.022882
-0.073778
0.022888
-0.078989
0.022853
-0.083882
0.022817
-0.088476
0.022799
-0.092818
0.022832
-0.096954
0.022924
-0.10095
0.023073
-0.10485
0.023279
-0.10872
0.023506
-0.11267
0.023878
-0.11669
-0.0011698
-0.0014989
-0.0010029
-0.0014579
-0.0008641
-0.0014389
-0.00072934
-0.0014137
-0.00059121
-0.0013792
-0.0004453
-0.0013389
-0.0002876
-0.0013004
-0.00011337
-0.0012815
8.7028e-05
-0.0012855
0.00032616
-0.0013229
0.00062131
-0.0014012
0.00096161
-0.0015065
0.0024967
-0.11927
-0.0011049
-0.11857
-0.0046131
-0.11788
-0.0080226
-0.11723
-0.011344
-0.11665
-0.014596
-0.11614
-0.017807
-0.11569
-0.021023
-0.11526
-0.024322
-0.11481
-0.027794
-0.11437
-0.031254
-0.11426
-0.034607
-0.11427
-0.018511
-0.04773
-0.017237
-0.044646
-0.015624
-0.041717
-0.014305
-0.039086
-0.01953
-0.051038
-0.020219
-0.054813
-0.020955
-0.058515
-0.013286
-0.037374
-0.012548
-0.036201
-0.012101
-0.035557
-0.011821
-0.035115
-0.011725
-0.035231
-0.011636
-0.035787
-0.011534
-0.037115
-0.010819
-0.038622
-0.021204
-0.061575
-0.021202
-0.064304
-0.020995
-0.066768
-0.020507
-0.069139
-0.010058
-0.040649
-0.0092738
-0.043313
-0.0088832
-0.047125
-0.0078007
-0.051054
-0.0074015
-0.054894
-0.0075057
-0.058788
-0.0084942
-0.06287
-0.0088317
-0.06672
-0.0097398
-0.069561
-0.010898
-0.071774
-0.012431
-0.073427
-0.013394
-0.074983
-0.014414
-0.075743
-0.015484
-0.075997
-0.016726
-0.075607
-0.017688
-0.075182
-0.018526
-0.074302
-0.019286
-0.073074
-0.019957
-0.071451
-0.010896
-0.07638
-0.012312
-0.077438
-0.009316
-0.074822
-0.00533
-0.004505
-0.0076002
-0.072683
-0.013723
-0.077973
-0.036831
-0.11082
-0.015175
-0.077951
0.0026486
-0.0038042
-0.016553
-0.077461
-0.017803
-0.076609
0.020878
-0.11885
-0.018938
-0.075389
-0.019978
-0.073755
-0.0083404
-0.0075224
-0.020872
-0.07165
-0.0048518
-0.0045011
-0.021571
-0.069239
-0.022102
-0.06666
-0.0043541
-0.0045781
-0.022411
-0.063811
-0.0031416
-0.0036751
-0.022474
-0.060593
-0.0025873
-0.003368
-0.022203
-0.056972
-0.002199
-0.0032204
-0.021563
-0.053054
-0.020545
-0.049138
-0.0018907
-0.0031422
-0.019141
-0.04541
-0.0016145
-0.0030852
-0.017422
-0.04194
-0.0013412
-0.0030212
-0.015585
-0.038987
-0.0010571
-0.002948
-0.013986
-0.03678
-0.00075279
-0.0028778
-0.012766
-0.035212
-0.00041873
-0.0028349
-0.011878
-0.034134
-3.8807e-05
-0.0028452
-0.011336
-0.03357
0.00041393
-0.0029326
-0.011017
-0.033453
-0.010711
-0.033705
0.00098803
-0.0031312
-0.010277
-0.034462
0.0017656
-0.0034752
-0.0095526
-0.03575
-0.011426
-0.010862
-0.0084111
-0.037518
-0.0068735
-0.039945
-0.01445
-0.014393
-0.0054194
-0.04337
-0.017311
-0.01802
-0.0043693
-0.047675
-0.019977
-0.021703
-0.0036019
-0.052186
-0.022441
-0.025436
-0.0033088
-0.056857
-0.024694
-0.02924
-0.0036879
-0.061595
-0.026737
-0.033155
-0.0046632
-0.066062
-0.028597
-0.03723
-0.0059942
-0.069789
-0.030314
-0.041508
-0.022323
-0.071831
-0.023093
-0.069145
-0.031897
-0.046008
-0.023651
-0.066249
-0.033305
-0.050702
-0.023966
-0.063001
-0.034495
-0.055508
-0.023974
-0.059348
-0.035447
-0.060312
-0.02358
-0.055332
-0.036174
-0.065021
-0.022706
-0.051104
-0.036711
-0.069601
-0.021349
-0.046893
-0.03713
-0.074055
-0.019594
-0.042867
-0.037485
-0.078384
-0.021301
-0.074413
-0.037735
-0.082573
-0.017468
-0.038863
-0.037859
-0.08665
-0.019941
-0.076576
-0.037882
-0.090652
-0.01843
-0.078169
-0.037825
-0.094599
-0.016791
-0.079458
-0.014999
-0.080273
-0.037707
-0.098507
-0.013187
-0.080429
-0.037529
-0.10243
-0.011446
-0.080018
-0.037259
-0.10645
-0.0097533
-0.079135
-0.0076228
-0.0076983
-0.0079738
-0.077803
-0.0059963
-0.075874
-0.010592
-0.011335
-0.0038711
-0.073171
-0.013475
-0.015133
-0.0018665
-0.069574
-0.016191
-0.018977
-0.00018646
-0.065005
-0.018679
-0.022797
0.00066745
-0.059653
-0.020928
-0.026608
0.00057107
-0.054193
-0.022924
-0.030453
-3.3739e-05
-0.049073
-0.024703
-0.034409
-0.0009852
-0.044178
-0.026373
-0.038551
-0.0023885
-0.039257
-0.02801
-0.042921
-0.005376
-0.036489
-0.029551
-0.04753
-0.0071637
-0.034514
-0.0083612
-0.032939
-0.030882
-0.052331
-0.0092025
-0.031808
-0.031936
-0.057195
-0.0098737
-0.031319
-0.032704
-0.061975
-0.010419
-0.031277
-0.033218
-0.066605
-0.011015
-0.031275
-0.033541
-0.071151
-0.012156
-0.032708
-0.033954
-0.075656
-0.013472
-0.034245
-0.034412
-0.079988
-0.015146
-0.036174
-0.034649
-0.08411
-0.016417
-0.035288
-0.014455
-0.033288
-0.034734
-0.088148
-0.012846
-0.031543
-0.034725
-0.092148
-0.011501
-0.029878
-0.034649
-0.096117
-0.020162
-0.040406
-0.034514
-0.10008
-0.018452
-0.037219
-0.022089
-0.044512
-0.034285
-0.10412
-0.023731
-0.048918
-0.033881
-0.10824
-0.024919
-0.053454
-0.033401
-0.11164
-0.025581
-0.057867
-0.030206
-0.11051
-0.02577
-0.061962
-0.030972
-0.10589
-0.02558
-0.065661
-0.03136
-0.10167
-0.025055
-0.068946
-0.031554
-0.097612
-0.024246
-0.071874
-0.031666
-0.093601
-0.023227
-0.074715
-0.031725
-0.089584
-0.021863
-0.077995
-0.031726
-0.085569
-0.019646
-0.079866
-0.031608
-0.081572
-0.01764
-0.081428
-0.03118
-0.077476
-0.015076
-0.083305
-0.012626
-0.0833
-0.03014
-0.072687
-0.010616
-0.082767
-0.030347
-0.067983
-0.0088426
-0.081848
-0.030195
-0.063557
-0.006908
-0.08072
-0.029726
-0.058962
-0.0011365
-0.080341
-0.028897
-0.054166
-0.0023106
-0.076721
-0.02768
-0.049319
0.00036444
-0.073469
-0.026136
-0.044614
0.002642
-0.069137
-0.024386
-0.04011
0.0050082
-0.063526
-0.022736
-0.035819
0.0049394
-0.056854
-0.021232
-0.031794
0.0044656
-0.051115
-0.019581
-0.027973
0.0037161
-0.04581
-0.017626
-0.024174
0.0027492
-0.040726
-0.015371
-0.020294
-0.0020676
-0.034925
-0.012849
-0.016305
-0.0045369
-0.033349
-0.010067
-0.01221
-0.0060852
-0.031607
-0.0072269
-0.030011
-0.0073256
-0.0083405
-0.0081113
-0.028573
-0.0051097
-0.0061104
-0.0092482
-0.028828
-0.0043765
-0.0057693
-0.0098815
-0.028764
-0.0036503
-0.0053959
-0.010332
-0.028017
-0.013662
-0.030407
-0.0031055
-0.0051764
-0.012109
-0.028654
-0.015516
-0.032123
-0.0026605
-0.00505
-0.017794
-0.034243
-0.0022449
-0.0049454
-0.010736
-0.026747
-0.0018239
-0.0048338
-0.020751
-0.037476
-0.0013797
-0.0047244
-0.022972
-0.042139
-0.00089854
-0.0046476
-0.024779
-0.046665
-0.00036109
-0.0046456
-0.026223
-0.051369
0.00026999
-0.0047626
-0.027203
-0.056096
0.0010634
-0.0050518
-0.027708
-0.060617
-0.019495
-0.033129
-0.02781
-0.064819
-0.018274
-0.029372
-0.016739
-0.025769
-0.01657
-0.030328
-0.01611
-0.02731
-0.014404
-0.029055
-0.014611
-0.02697
-0.014753
-0.021951
-0.01419
-0.023941
-0.012759
-0.027535
-0.013321
-0.026575
-0.012825
-0.024232
-0.011204
-0.025513
-0.011848
-0.02461
-0.027536
-0.068718
-0.026697
-0.072069
-0.028164
-0.075599
-0.025536
-0.074831
0.0021647
-0.0056196
0.0040414
-0.0067325
0.006403
-0.010636
0.0038371
-0.0087375
0.0020713
-0.0076711
0.008277
-0.014071
0.0055215
-0.012128
0.0098221
-0.01743
0.00084126
-0.0070715
-9.4743e-05
-0.0067592
-0.0008628
-0.006654
0.011127
-0.020887
0.012297
-0.024567
0.013407
-0.028527
0.014413
-0.032801
0.015308
-0.037452
0.016169
-0.042502
0.016975
-0.047896
0.017652
-0.053562
0.018174
-0.059395
0.018544
-0.065228
0.018778
-0.070888
0.018922
-0.076258
0.01903
-0.081298
0.019134
-0.086008
0.019245
-0.090429
0.019373
-0.09462
0.019525
-0.098634
0.019682
-0.10253
0.01981
-0.10639
0.019932
-0.11035
0.020162
-0.11456
0.0069868
-0.015422
0.0081198
-0.018684
0.0089414
-0.022205
0.0097895
-0.026117
0.010638
-0.030273
0.011167
-0.034746
0.011702
-0.039706
0.012467
-0.045031
0.013162
-0.050587
0.01373
-0.056394
0.014188
-0.062324
0.01453
-0.068124
0.014752
-0.073631
0.014954
-0.078816
0.01519
-0.08364
0.015437
-0.088131
0.015693
-0.092362
0.015956
-0.096391
0.016192
-0.10026
0.016269
-0.10402
0.016079
-0.10787
0.01605
-0.11208
0.016192
-0.117
0.011493
-0.11739
0.011978
-0.1137
0.011248
-0.10914
0.012516
-0.10517
0.012877
-0.10172
0.0076581
-0.11728
0.008868
-0.11486
0.0039423
-0.1167
0.00027078
-0.11602
-0.0032972
-0.11535
-0.0067563
-0.11472
-0.010108
-0.11415
-0.013361
-0.11366
-0.016529
-0.11323
-0.019642
-0.11278
-0.022804
-0.11219
-0.026195
-0.11142
-0.027548
-0.10746
0.0055029
-0.11413
0.0017038
-0.11336
-0.0019992
-0.11265
-0.0055609
-0.112
-0.0089874
-0.11143
-0.012277
-0.11095
-0.015425
-0.11058
-0.018385
-0.11027
-0.021232
-0.10968
-0.024235
-0.10868
-0.028845
-0.07924
-0.026703
-0.077495
-0.024539
-0.077684
-0.012486
-0.017912
-0.012192
-0.019783
-0.012006
-0.021467
-0.010913
-0.021461
-0.0015367
-0.0066965
-0.0099479
-0.013738
-0.0099898
-0.015711
0.012612
-0.098105
0.012223
-0.094245
0.011815
-0.0902
0.011405
-0.085943
0.010988
-0.081396
0.010576
-0.076418
0.010442
-0.071103
0.010131
-0.065576
0.0095858
-0.059616
0.0091188
-0.053609
0.0084892
-0.047963
0.0077086
-0.04255
0.0067683
-0.036952
0.0074556
-0.032167
0.0070866
-0.028055
0.0060999
-0.023735
0.0060044
-0.019731
-0.0021536
-0.0068266
-0.0027335
-0.0069921
-0.0032971
-0.0071624
-0.0038733
-0.0073356
-0.0045404
-0.0076134
-0.0054777
-0.0081901
-0.00699
-0.0092145
-0.0076901
-0.011702
-0.0061809
-0.010446
-0.0052481
-0.0099187
-0.0045105
-0.0097051
-0.0037753
-0.0094167
-0.003059
-0.009159
-0.002318
-0.0089491
-0.001528
-0.0088442
-0.00065342
-0.0088979
0.00036046
-0.0091742
0.0016302
-0.009763
0.0033092
-0.010712
-0.0079473
-0.01374
-0.0065669
-0.012302
-0.0098934
-0.017891
-0.0060278
-0.012846
-0.0049461
-0.012157
-0.004076
-0.011722
-0.0032207
-0.011392
-0.0023341
-0.011189
-0.0013798
-0.011222
-0.00030009
-0.011377
0.00092523
-0.011855
0.0045841
-0.01398
0.0058207
-0.016849
0.0035915
-0.016663
0.0014104
-0.014895
0.00015784
-0.013665
-0.0011049
-0.014133
-0.0022462
-0.013586
-0.0032461
-0.013697
-0.0042224
-0.014053
-0.028932
-0.082953
-0.026477
-0.080379
-0.023888
-0.081109
-0.021365
-0.082109
-0.028865
-0.086874
-0.026214
-0.084023
-0.023493
-0.084961
-0.028772
-0.09091
-0.028657
-0.094972
-0.028494
-0.099062
-0.028197
-0.10323
-0.025075
-0.10474
-0.025445
-0.10055
-0.019867
-0.10767
-0.025642
-0.096306
-0.025823
-0.092113
-0.026005
-0.087991
-0.017514
-0.1075
-0.014547
-0.10763
-0.011329
-0.10798
-0.007917
-0.10847
-0.0043087
-0.10908
-0.00051865
-0.10982
0.003494
-0.11069
0.0077624
-0.11176
0.0083179
-0.10521
0.0099667
-0.10276
0.0059053
-0.10802
0.0094401
-0.099739
0.0089024
-0.096039
0.0014309
-0.10698
-0.0027548
-0.106
-0.006733
-0.10526
-0.010405
-0.10474
-0.013803
-0.10431
-0.016969
-0.10418
-0.019809
-0.10471
-0.02249
-0.10237
0.0083778
-0.09212
0.0078193
-0.088067
0.0072106
-0.083836
0.0065227
-0.079279
0.0056184
-0.073815
0.0067823
-0.068708
0.0019251
-0.077685
0.0029443
-0.081907
0.0016894
-0.036209
0.0037926
-0.08595
0.0042549
-0.033492
0.0042187
-0.030088
-0.00014299
-0.083982
-0.0037478
-0.082271
0.0008657
-0.032119
-0.0060684
-0.083584
-0.008082
-0.084254
-0.0021809
-0.032165
0.0045233
-0.089907
-0.0036599
-0.030495
0.0051292
-0.093842
-0.0011717
-0.029643
0.0056438
-0.097796
0.0014181
-0.028434
0.0065241
-0.10163
-0.0049393
-0.028616
0.0038467
-0.10415
-0.0025581
-0.02753
-0.00046344
-0.027014
-0.023169
-0.089056
0.0039166
-0.026478
-0.022568
-0.098018
0.0013323
-0.025246
0.0036101
-0.02063
-0.019627
-0.10075
-0.016429
-0.1003
0.0015598
-0.018381
-0.013012
-0.10069
-0.02089
-0.086044
0.0013579
-0.02196
-0.0015398
-0.017641
-0.019057
-0.083476
-0.00041397
-0.019956
-0.016682
-0.085212
-0.0021808
-0.015886
-0.0031632
-0.016058
-0.01394
-0.087778
-0.0042689
-0.016475
-0.0010666
-0.02404
0.00072099
-0.087656
-0.0029044
-0.085519
-0.0036671
-0.025333
-0.0056734
-0.086418
-0.0022339
-0.088902
-0.0059276
-0.026843
0.001414
-0.091413
-0.0026148
-0.021371
0.0018852
-0.099674
-0.00063207
-0.10298
-0.0029242
-0.018405
-0.0046542
-0.023539
0.0018638
-0.095306
-0.0039131
-0.020814
-0.0041634
-0.018851
-0.0017005
-0.09247
-0.0051707
-0.014526
-0.0015403
-0.096042
-0.0053234
-0.016938
-0.0053227
-0.10158
-0.0055407
-0.019764
-0.0052218
-0.021833
-0.0094075
-0.10133
-0.0064473
-0.025001
-0.0053103
-0.089592
-0.0078788
-0.026071
-0.006602
-0.023097
-0.015583
-0.096369
-0.0087916
-0.026486
-0.019287
-0.095712
-0.0092742
-0.026078
-0.020308
-0.090389
-0.0095208
-0.024867
-0.018349
-0.087459
-0.0076975
-0.024091
-0.0067639
-0.021791
-0.01574
-0.089372
-0.0064759
-0.019732
-0.0083997
-0.024518
-0.017391
-0.091877
-0.0084663
-0.023308
-0.0062996
-0.017467
-0.0075509
-0.02231
-0.0074255
-0.020412
-0.012068
-0.096744
-0.0061708
-0.015218
-0.0085812
-0.098471
-0.0063194
-0.097399
-0.0073521
-0.018409
-0.0084933
-0.021623
-0.0044483
-0.095979
-0.0047448
-0.093073
-0.0074049
-0.016544
-0.0096961
-0.094931
-0.012907
-0.092072
-0.0077128
-0.015169
-0.0073764
-0.093791
-0.0097494
-0.023385
-0.0090219
-0.018705
-0.010754
-0.090884
-0.011798
-0.086855
-0.0082655
-0.090088
0.0025318
-0.012862
-0.022178
-0.10627
-0.0047653
-0.079068
-0.022803
-0.093461
0.0032512
-0.023599
-3.0241e-05
-0.016389
-0.0026733
-0.09905
-0.014807
-0.093184
-0.0086168
-0.019963
-0.0090639
-0.086225
-0.010155
-0.022165
