1539
843
21
98
210000
0.3
2

 20      21     148   
148      21      22   
 50      51     149   
149      51      52   
 70      71     150   
150      71      72   
100       1     151   
151       1       2   
150      72     152   
152      72      73   
 69      70     153   
153      70     150   
151       2     154   
154       2       3   
 99     100     155   
155     100     151   
 19      20     156   
156      20     148   
148      22     157   
157      22      23   
149      52     158   
158      52      53   
 49      50     159   
159      50     149   
 68      69     160   
160      69     153   
 67      68     161   
161      68     160   
 66      67     162   
162      67     161   
 65      66     163   
163      66     162   
 98      99     164   
164      99     155   
 18      19     165   
165      19     156   
 97      98     166   
166      98     164   
 17      18     167   
167      18     165   
 16      17     168   
168      17     167   
 15      16     169   
169      16     168   
 48      49     170   
170      49     159   
 47      48     171   
171      48     170   
 96      97     172   
172      97     166   
 95      96     173   
173      96     172   
 94      95     174   
174      95     173   
 93      94     175   
175      94     174   
 46      47     176   
176      47     171   
 45      46     177   
177      46     176   
 44      45     178   
178      45     177   
 43      44     179   
179      44     178   
 92      93     180   
180      93     175   
 91      92     181   
181      92     180   
 90      91     182   
182      91     181   
 89      90     183   
183      90     182   
 88      89     184   
184      89     183   
 87      88     185   
185      88     184   
 86      87     186   
186      87     185   
 85      86     187   
187      86     186   
 84      85     188   
188      85     187   
 83      84     189   
189      84     188   
 82      83     190   
190      83     189   
 81      82     191   
191      82     190   
 80      81     192   
192      81     191   
 79      80     193   
193      80     192   
 78      79     194   
194      79     193   
 77      78     195   
195      78     194   
 76      77     196   
196      77     195   
 75      76     197   
197      76     196   
 74      75     198   
198      75     197   
 73      74     199   
199      74     198   
152      73     199   
 42      43     200   
200      43     179   
 41      42     201   
201      42     200   
 40      41     202   
202      41     201   
 39      40     203   
203      40     202   
 38      39     204   
204      39     203   
 37      38     205   
205      38     204   
 36      37     206   
206      37     205   
 35      36     207   
207      36     206   
 34      35     208   
208      35     207   
 33      34     209   
209      34     208   
 32      33     210   
210      33     209   
 31      32     211   
211      32     210   
 30      31     212   
212      31     211   
 29      30     213   
213      30     212   
 28      29     214   
214      29     213   
 27      28     215   
215      28     214   
 26      27     216   
216      27     215   
 25      26     217   
217      26     216   
 24      25     218   
218      25     217   
 23      24     219   
219      24     218   
157      23     219   
 64      65     220   
220      65     163   
 63      64     221   
221      64     220   
 62      63     222   
222      63     221   
 61      62     223   
223      62     222   
 60      61     224   
224      61     223   
 59      60     225   
225      60     224   
 58      59     226   
226      59     225   
 57      58     227   
227      58     226   
 56      57     228   
228      57     227   
 55      56     229   
229      56     228   
 54      55     230   
230      55     229   
 53      54     231   
231      54     230   
158      53     231   
 14      15     232   
232      15     169   
 13      14     233   
233      14     232   
 12      13     234   
234      13     233   
 11      12     235   
235      12     234   
 10      11     236   
236      11     235   
  9      10     237   
237      10     236   
  8       9     238   
238       9     237   
  7       8     239   
239       8     238   
  6       7     240   
240       7     239   
  5       6     241   
241       6     240   
  4       5     242   
242       5     241   
  3       4     243   
243       4     242   
154       3     243   
115     116     244   
244     116     245   
245     116     117   
245     117     246   
246     117     118   
246     118     119   
247     246     119   
247     119     120   
114     115     248   
248     115     244   
113     114     249   
249     114     248   
112     113     249   
250     112     249   
111     112     250   
247     120     251   
251     120     121   
251     121     252   
252     121     122   
252     122     253   
253     122     123   
253     123     124   
254     253     124   
254     124     125   
254     125     255   
255     125     126   
255     126     256   
256     126     127   
256     127     257   
257     127     128   
257     128     129   
258     257     129   
258     129     130   
110     111     259   
259     111     250   
109     110     260   
260     110     259   
108     109     261   
261     109     260   
107     108     262   
262     108     261   
106     107     262   
258     130     263   
263     130     131   
263     131     264   
264     131     132   
264     132     265   
265     132     133   
265     133     134   
266     265     134   
266     134     135   
266     135     267   
267     135     136   
267     136     268   
268     136     137   
268     137     269   
269     137     138   
269     138     139   
270     269     139   
270     139     140   
270     140     271   
271     140     141   
271     141     272   
272     141     142   
272     142     273   
273     142     143   
273     143     144   
274     273     144   
274     144     145   
274     145     275   
275     145     146   
275     146     276   
276     146     147   
276     147     277   
277     147     101   
277     101     102   
278     277     102   
278     102     103   
278     103     279   
279     103     104   
279     104     280   
280     104     105   
280     105     281   
281     105     106   
281     106     262   
159     149     158   
273     274     282   
156     148     157   
282     274     283   
283     274     275   
155     151     154   
272     273     284   
153     150     152   
284     273     282   
153     152     285   
271     272     286   
285     152     199   
286     272     284   
160     153     285   
283     275     287   
155     154     288   
287     275     276   
288     154     243   
287     276     289   
164     155     288   
289     276     277   
159     158     290   
289     277     291   
290     158     231   
291     277     278   
170     159     290   
291     278     292   
292     278     279   
156     157     293   
292     279     294   
293     157     219   
294     279     280   
165     156     293   
294     280     295   
285     199     296   
295     280     281   
296     199     198   
295     281     297   
160     285     298   
297     281     262   
298     285     296   
297     262     299   
299     262     261   
161     160     298   
299     261     300   
300     261     260   
162     161     301   
300     260     302   
301     161     298   
302     260     259   
163     162     303   
302     259     304   
303     162     301   
304     259     250   
220     163     305   
304     250     306   
305     163     303   
306     250     249   
221     220     307   
306     249     308   
308     249     248   
307     220     305   
308     248     309   
222     221     310   
309     248     244   
310     221     307   
309     244     311   
223     222     312   
311     244     245   
312     222     310   
311     245     313   
224     223     314   
313     245     246   
314     223     312   
313     246     315   
225     224     316   
315     246     247   
316     224     314   
315     247     317   
317     247     251   
226     225     318   
317     251     319   
318     225     316   
319     251     252   
227     226     320   
319     252     321   
320     226     318   
321     252     253   
228     227     322   
321     253     323   
322     227     320   
323     253     254   
229     228     324   
323     254     325   
325     254     255   
324     228     322   
325     255     326   
230     229     327   
326     255     256   
327     229     324   
326     256     328   
231     230     329   
328     256     257   
329     230     327   
328     257     330   
290     231     329   
330     257     258   
296     198     331   
330     258     332   
332     258     263   
331     198     197   
332     263     333   
331     197     334   
333     263     264   
334     197     196   
333     264     335   
334     196     336   
335     264     265   
336     196     195   
335     265     337   
336     195     338   
337     265     266   
338     195     194   
337     266     339   
339     266     267   
338     194     340   
339     267     341   
340     194     193   
341     267     268   
340     193     342   
341     268     343   
342     193     192   
343     268     269   
342     192     344   
343     269     345   
344     192     191   
345     269     270   
344     191     346   
345     270     347   
347     270     271   
346     191     190   
347     271     286   
346     190     348   
297     299     349   
348     190     189   
349     299     350   
350     299     300   
348     189     351   
350     300     352   
351     189     188   
352     300     302   
351     188     353   
352     302     354   
353     188     187   
354     302     304   
353     187     355   
354     304     356   
355     187     186   
356     304     306   
355     186     357   
356     306     358   
357     186     185   
358     306     308   
357     185     359   
358     308     360   
359     185     184   
360     308     309   
359     184     361   
360     309     362   
361     184     183   
362     309     311   
361     183     363   
362     311     364   
363     183     182   
364     311     313   
363     182     365   
295     297     366   
365     182     181   
366     297     349   
365     181     367   
364     313     368   
367     181     180   
368     313     315   
367     180     369   
294     295     370   
369     180     175   
370     295     366   
369     175     371   
292     294     372   
371     175     174   
372     294     370   
371     174     373   
291     292     374   
374     292     372   
373     174     173   
289     291     375   
373     173     376   
375     291     374   
376     173     172   
287     289     377   
376     172     378   
377     289     375   
378     172     166   
283     287     379   
378     166     380   
379     287     377   
380     166     164   
282     283     381   
380     164     288   
381     283     379   
298     296     382   
284     282     383   
382     296     331   
383     282     381   
301     298     382   
286     284     384   
382     331     385   
384     284     383   
385     331     334   
347     286     386   
385     334     387   
386     286     384   
387     334     336   
345     347     388   
387     336     389   
388     347     386   
389     336     338   
343     345     390   
389     338     391   
390     345     388   
391     338     340   
341     343     392   
391     340     393   
392     343     390   
393     340     342   
339     341     394   
393     342     395   
394     341     392   
395     342     344   
337     339     396   
396     339     394   
395     344     397   
335     337     398   
397     344     346   
398     337     396   
397     346     399   
333     335     400   
399     346     348   
400     335     398   
399     348     401   
332     333     402   
401     348     351   
402     333     400   
401     351     403   
330     332     404   
404     332     402   
403     351     353   
328     330     405   
403     353     406   
405     330     404   
406     353     355   
326     328     407   
406     355     408   
407     328     405   
408     355     357   
325     326     409   
408     357     410   
409     326     407   
410     357     359   
323     325     411   
411     325     409   
410     359     412   
321     323     413   
412     359     361   
413     323     411   
412     361     414   
319     321     415   
414     361     363   
415     321     413   
414     363     416   
317     319     417   
416     363     365   
417     319     415   
416     365     418   
315     317     419   
419     317     417   
418     365     367   
368     315     419   
418     367     420   
368     419     421   
420     367     369   
421     419     422   
420     369     423   
422     419     417   
423     369     371   
422     417     424   
423     371     425   
424     417     415   
425     371     373   
424     415     426   
425     373     427   
426     415     413   
427     373     376   
364     368     428   
427     376     429   
428     368     430   
430     368     421   
429     376     378   
362     364     431   
429     378     432   
431     364     428   
432     378     380   
360     362     433   
432     380     434   
433     362     431   
434     380     288   
358     360     435   
434     288     436   
436     288     243   
435     360     433   
436     243     242   
356     358     437   
434     436     438   
437     358     435   
438     436     242   
354     356     439   
438     242     241   
439     356     437   
432     434     440   
352     354     441   
440     434     438   
441     354     439   
429     432     442   
350     352     443   
442     432     440   
443     352     441   
427     429     444   
349     350     445   
444     429     442   
445     350     443   
425     427     446   
366     349     447   
446     427     444   
447     349     445   
423     425     448   
370     366     449   
448     425     446   
449     366     447   
420     423     450   
372     370     451   
450     423     448   
451     370     449   
418     420     452   
374     372     453   
452     420     450   
453     372     451   
416     418     454   
375     374     455   
455     374     453   
454     418     452   
377     375     456   
414     416     457   
456     375     455   
457     416     454   
379     377     458   
412     414     459   
458     377     456   
459     414     457   
381     379     460   
410     412     461   
460     379     458   
461     412     459   
383     381     462   
408     410     463   
462     381     460   
463     410     461   
384     383     835   
406     408     465   
835     383     462   
465     408     463   
386     384     466   
403     406     467   
466     384     835   
467     406     465   
388     386     468   
401     403     469   
468     386     466   
469     403     467   
390     388     470   
399     401     471   
470     388     468   
471     401     469   
392     390     472   
397     399     473   
472     390     470   
473     399     471   
394     392     474   
395     397     475   
474     392     472   
475     397     473   
396     394     476   
393     395     477   
476     394     474   
477     395     475   
398     396     478   
478     396     476   
391     393     479   
400     398     480   
479     393     477   
480     398     478   
389     391     481   
402     400     482   
481     391     479   
482     400     730   
387     389     483   
404     402     484   
483     389     481   
484     402     482   
385     387     485   
405     404     486   
486     404     484   
485     387     483   
407     405     487   
382     385     488   
487     405     486   
488     385     485   
409     407     489   
301     382     488   
489     407     487   
303     301     490   
490     301     488   
411     409     491   
305     303     492   
491     409     489   
492     303     490   
413     411     493   
493     411     491   
307     305     494   
426     413     495   
495     413     493   
494     305     492   
422     424     496   
310     307     497   
496     424     498   
498     424     426   
497     307     494   
421     422     499   
312     310     500   
499     422     496   
500     310     497   
430     421     501   
314     312     502   
501     421     499   
502     312     500   
498     426     503   
316     314     504   
503     426     495   
504     314     502   
428     430     505   
318     316     506   
505     430     501   
506     316     504   
431     428     507   
320     318     508   
507     428     505   
508     318     506   
433     431     509   
322     320     510   
509     431     507   
510     320     508   
435     433     511   
324     322     512   
511     433     509   
512     322     510   
437     435     513   
327     324     514   
513     511     465   
513     435     511   
467     465     511   
513     465     463   
467     511     509   
469     467     509   
514     324     512   
469     509     507   
471     469     507   
471     507     505   
473     471     505   
437     513     515   
515     513     463   
515     463     461   
439     437     515   
473     505     516   
516     505     501   
475     473     516   
439     515     517   
517     515     461   
441     439     517   
517     461     459   
477     475     518   
518     475     516   
479     477     519   
519     477     518   
518     516     520   
520     516     501   
520     501     499   
519     518     521   
521     518     520   
520     499     522   
522     499     496   
521     520     523   
523     520     522   
481     479     524   
524     479     519   
524     519     525   
525     519     521   
525     521     523   
522     496     526   
526     496     498   
523     522     527   
527     522     526   
525     523     528   
528     523     527   
526     498     529   
529     498     503   
527     526     530   
530     526     529   
528     527     530   
441     517     531   
531     517     459   
443     441     531   
531     459     457   
445     443     532   
532     443     531   
532     531     457   
532     457     533   
533     457     454   
447     445     534   
534     445     532   
534     532     533   
329     327     535   
535     327     514   
290     329     536   
536     329     535   
170     290     536   
171     170     536   
176     171     537   
537     171     536   
537     536     538   
538     536     535   
538     535     539   
539     535     514   
177     176     540   
540     176     537   
540     537     541   
541     537     538   
178     177     542   
542     177     540   
539     514     543   
543     514     512   
543     512     544   
544     512     510   
544     510     545   
545     510     508   
179     178     546   
546     178     542   
200     179     547   
547     179     546   
201     200     548   
548     200     547   
202     201     549   
549     201     548   
203     202     550   
550     202     549   
204     203     551   
551     203     550   
205     204     552   
552     204     551   
206     205     553   
553     205     552   
207     206     554   
554     206     553   
208     207     555   
555     207     554   
209     208     556   
556     208     555   
210     209     557   
557     209     556   
211     210     558   
558     210     557   
212     211     559   
559     211     558   
213     212     560   
560     212     559   
214     213     561   
561     213     560   
215     214     562   
562     214     561   
216     215     563   
563     215     562   
217     216     564   
564     216     563   
218     217     565   
565     217     564   
219     218     566   
566     218     565   
293     219     566   
542     540     567   
567     540     541   
546     542     568   
568     542     567   
547     546     569   
569     546     568   
548     547     570   
570     547     569   
549     548     571   
571     548     570   
550     549     572   
572     549     571   
551     550     573   
573     550     572   
552     551     574   
574     551     573   
553     552     575   
575     552     574   
554     553     576   
576     553     575   
555     554     577   
577     554     576   
556     555     578   
578     555     577   
557     556     579   
579     556     578   
558     557     580   
580     557     579   
559     558     581   
581     558     580   
560     559     582   
582     559     581   
561     560     583   
583     560     582   
562     561     584   
584     561     583   
563     562     585   
585     562     584   
564     563     586   
586     563     585   
565     564     587   
587     564     586   
566     565     588   
588     565     587   
293     566     589   
589     566     588   
165     293     589   
167     165     589   
168     167     590   
590     167     589   
590     589     591   
591     589     588   
591     588     592   
592     588     587   
592     587     593   
593     587     586   
593     586     594   
594     586     585   
169     168     595   
595     168     590   
595     590     596   
596     590     591   
232     169     597   
597     169     595   
233     232     598   
598     232     597   
234     233     599   
599     233     598   
235     234     600   
600     234     599   
236     235     601   
601     235     600   
237     236     602   
602     236     601   
238     237     603   
603     237     602   
239     238     604   
604     238     603   
240     239     605   
605     239     604   
241     240     606   
606     240     605   
438     241     606   
440     438     607   
607     438     606   
597     595     608   
608     595     596   
598     597     609   
609     597     608   
599     598     610   
610     598     609   
600     599     611   
611     599     610   
601     600     612   
612     600     611   
602     601     613   
613     601     612   
603     602     614   
614     602     613   
604     603     615   
615     603     614   
605     604     616   
616     604     615   
606     605     617   
617     605     616   
607     606     617   
533     454     618   
618     454     452   
534     533     619   
619     533     618   
447     534     620   
620     534     619   
449     447     620   
483     481     621   
621     481     524   
621     524     622   
622     524     525   
622     525     623   
623     525     528   
623     528     624   
624     528     530   
545     508     625   
625     508     506   
485     483     626   
626     483     621   
626     621     627   
627     621     622   
594     585     628   
628     585     584   
628     584     629   
629     584     583   
629     583     630   
630     583     582   
630     582     631   
631     582     581   
631     581     632   
632     581     580   
632     580     633   
633     580     579   
633     579     634   
634     579     578   
634     578     635   
635     578     577   
635     577     636   
636     577     576   
636     576     637   
637     576     575   
637     575     638   
638     575     574   
638     574     639   
639     574     573   
639     573     640   
640     573     572   
640     572     641   
641     572     571   
641     571     642   
642     571     570   
642     570     643   
643     570     569   
643     569     644   
644     569     568   
625     506     645   
645     506     504   
645     504     646   
646     504     502   
646     502     647   
647     502     500   
647     500     648   
648     500     497   
648     497     649   
649     497     494   
649     494     650   
650     494     492   
650     492     651   
651     492     490   
651     490     488   
651     488     485   
651     485     626   
651     626     652   
652     626     627   
650     651     652   
649     650     653   
653     650     652   
648     649     654   
654     649     653   
647     648     655   
655     648     654   
646     647     656   
656     647     655   
645     646     657   
657     646     656   
625     645     658   
658     645     657   
545     625     659   
659     625     658   
544     545     660   
660     545     659   
543     544     661   
661     544     660   
539     543     662   
662     543     661   
538     539     663   
663     539     662   
541     538     663   
567     541     675   
653     652     664   
664     652     627   
654     653     665   
665     653     664   
664     627     666   
666     627     622   
666     622     623   
666     623     624   
655     654     667   
667     654     665   
656     655     668   
668     655     667   
657     656     669   
669     656     668   
658     657     670   
670     657     669   
659     658     671   
671     658     670   
660     659     672   
672     659     671   
661     660     673   
673     660     672   
662     661     674   
674     661     673   
663     662     833   
833     662     674   
541     663     675   
568     567     676   
676     567     675   
644     568     676   
644     676     677   
677     676     675   
677     833     678   
678     833     674   
678     674     679   
679     674     673   
679     673     680   
680     673     672   
680     672     681   
681     672     671   
681     671     682   
682     671     670   
682     670     683   
683     670     669   
618     452     684   
684     452     450   
619     618     685   
685     618     684   
620     619     685   
449     620     686   
686     620     685   
451     449     687   
687     449     686   
684     450     688   
688     450     448   
685     684     689   
689     684     688   
686     685     689   
687     686     690   
690     686     689   
688     448     691   
691     448     446   
691     446     692   
692     446     444   
692     444     693   
693     444     442   
693     442     694   
694     442     440   
694     440     607   
694     607     695   
607     617     695   
834     617     616   
693     694     696   
696     694     695   
834     616     697   
697     616     615   
692     693     698   
698     693     696   
691     692     699   
699     692     698   
688     691     700   
700     691     699   
689     688     700   
690     689     700   
697     615     701   
701     615     614   
701     614     702   
702     614     613   
702     613     703   
703     613     612   
703     612     704   
704     612     611   
704     611     705   
705     611     610   
705     610     706   
706     610     609   
706     609     707   
707     609     608   
707     608     708   
708     608     596   
708     596     591   
708     591     592   
708     592     711   
709     592     593   
709     593     710   
710     593     594   
707     708     711   
711     592     709   
710     594     712   
712     594     628   
712     628     713   
713     628     629   
706     707     714   
714     707     711   
705     706     715   
715     706     714   
704     705     716   
716     705     715   
703     704     717   
717     704     716   
702     703     718   
718     703     717   
701     702     719   
719     702     718   
697     701     720   
720     701     719   
834     697     720   
696     695     721   
721     834     720   
698     696     753   
713     629     722   
722     629     630   
722     630     723   
723     630     631   
723     631     724   
724     631     632   
724     632     725   
725     632     633   
725     633     726   
726     633     634   
726     634     727   
727     634     635   
727     635     472   
472     635     636   
727     472     470   
474     472     636   
726     727     470   
474     636     637   
726     470     468   
476     474     637   
726     468     728   
728     468     466   
476     637     638   
725     726     728   
478     476     638   
724     725     729   
478     638     639   
729     725     728   
480     478     639   
729     728     464   
480     639     640   
728     466     464   
400     480     730   
730     480     640   
723     724     731   
730     640     732   
732     640     641   
731     724     729   
732     641     733   
731     729     734   
734     729     464   
733     641     642   
734     464     735   
735     835     462   
730     732     736   
735     462     737   
737     462     460   
736     732     733   
737     460     738   
482     730     736   
738     460     458   
484     482     739   
739     482     736   
722     723     740   
486     484     741   
740     723     731   
741     484     739   
713     722     742   
741     739     743   
742     722     740   
743     739     736   
712     713     744   
743     736     745   
744     713     742   
745     736     733   
710     712     746   
746     712     744   
487     486     747   
709     710     746   
747     486     741   
711     709     748   
747     741     749   
748     709     746   
749     741     743   
714     711     748   
749     743     750   
750     743     745   
690     700     751   
745     733     752   
751     700     699   
752     733     642   
751     699     836   
752     642     643   
836     699     698   
750     745     754   
754     745     752   
753     696     721   
752     643     837   
753     721     756   
755     643     644   
756     721     720   
755     644     677   
756     720     719   
754     752     837   
756     719     757   
757     719     718   
755     677     758   
757     718     759   
758     677     678   
759     718     717   
758     678     838   
687     690     760   
754     837     761   
761     755     758   
760     690     751   
678     679     838   
451     687     763   
763     687     760   
838     679     680   
453     451     763   
761     758     764   
764     758     838   
455     453     765   
762     680     766   
766     680     681   
765     453     763   
766     681     767   
767     681     682   
456     455     831   
767     682     769   
769     682     683   
768     455     765   
754     761     770   
740     731     771   
770     761     764   
771     731     734   
750     754     770   
771     734     772   
749     750     770   
734     735     772   
772     735     737   
747     749     773   
772     737     774   
774     737     738   
773     749     770   
771     772     775   
487     747     776   
775     772     774   
776     747     773   
740     771     777   
777     771     775   
489     487     776   
742     740     777   
773     770     778   
748     746     779   
778     770     764   
779     746     744   
778     764     762   
714     748     780   
778     762     781   
781     762     766   
780     748     779   
781     766     767   
715     714     780   
776     773     782   
782     773     778   
779     744     783   
782     778     784   
784     778     781   
783     744     742   
784     781     785   
785     781     767   
783     742     777   
785     767     769   
783     777     786   
786     777     775   
683     669     787   
780     779     839   
787     669     668   
788     779     783   
769     683     789   
788     786     822   
788     783     786   
789     683     787   
715     780     790   
785     769     791   
790     780     839   
791     769     789   
716     715     790   
784     785     792   
792     785     791   
717     716     793   
782     784     792   
793     716     790   
776     782     794   
794     782     792   
759     717     793   
489     776     794   
786     775     795   
491     489     796   
795     775     774   
796     489     794   
822     786     795   
796     794     797   
797     794     792   
756     757     800   
797     792     791   
798     757     759   
493     491     799   
753     756     800   
800     757     798   
799     491     796   
751     836     802   
802     836     800   
495     493     801   
801     493     799   
760     751     802   
503     495     803   
803     495     801   
763     760     804   
799     796     805   
804     760     802   
805     796     797   
765     763     804   
805     797     806   
806     797     791   
768     765     807   
806     791     808   
808     791     789   
807     765     804   
801     799     809   
809     799     805   
807     804     810   
803     801     811   
811     801     809   
810     804     802   
808     789     812   
812     789     787   
805     806     813   
813     806     808   
810     802     800   
809     805     813   
810     800     798   
813     808     814   
814     808     812   
810     798     840   
809     813     811   
811     813     814   
815     798     759   
815     759     793   
812     787     816   
807     810     840   
816     787     668   
815     793     817   
817     793     790   
816     668     667   
817     790     818   
814     812     819   
819     812     816   
818     790     839   
811     814     820   
820     814     819   
818     839     821   
821     788     822   
819     816     823   
815     817     824   
824     817     818   
823     816     667   
807     840     825   
825     815     824   
823     667     826   
826     667     665   
768     807     825   
826     665     664   
818     821     827   
826     664     666   
827     821     822   
820     819     841   
841     819     823   
824     818     827   
823     826     829   
829     826     666   
825     824     830   
830     824     827   
841     823     829   
768     825     830   
829     666     624   
455     768     831   
831     768     830   
843     829     624   
843     624     530   
456     831     842   
832     831     830   
843     530     529   
832     830     827   
820     828     803   
803     828     503   
820     803     811   
828     529     503   
832     827     822   
832     822     795   
842     795     774   
842     774     738   
738     458     842   
842     458     456   
663     833     675   
677     675     833   
617     834     695   
721     695     834   
466     835     464   
735     464     835   
800     836     753   
698     753     836   
761     837     755   
643     755     837   
764     838     762   
680     762     838   
821     839     788   
779     788     839   
825     840     815   
798     815     840   
820     841     828   
829     843     841   
795     842     832   
831     832     842   
841     843     828   
529     828     843   
                    
           150.0             0.0       
           150.0             5.0       
           150.0            10.0       
           150.0            15.0       
           150.0            20.0       
           150.0            25.0       
           150.0            30.0       
           150.0            35.0       
           150.0            40.0       
           150.0            45.0       
           150.0            50.0       
           150.0            55.0       
           150.0            60.0       
           150.0            65.0       
           150.0            70.0       
           150.0            75.0       
           150.0            80.0       
           150.0            85.0       
           150.0            90.0       
           150.0            95.0       
           150.0           100.0       
           145.0           100.0       
           140.0           100.0       
           135.0           100.0       
           130.0           100.0       
           125.0           100.0       
           120.0           100.0       
           115.0           100.0       
           110.0           100.0       
           105.0           100.0       
           100.0           100.0       
            95.0           100.0       
            90.0           100.0       
            85.0           100.0       
            80.0           100.0       
            75.0           100.0       
            70.0           100.0       
            65.0           100.0       
            60.0           100.0       
            55.0           100.0       
            50.0           100.0       
            45.0           100.0       
            40.0           100.0       
            35.0           100.0       
            30.0           100.0       
            25.0           100.0       
            20.0           100.0       
            15.0           100.0       
            10.0           100.0       
             5.0           100.0       
 -3.55271368E-15           100.0       
 -3.55271368E-15            95.0        
 -3.55271368E-15            90.0        
 -3.55271368E-15            85.0        
 -8.34055047E-16            80.0        
 -3.55271368E-15            75.0        
 -3.55271368E-15            70.0        
 -3.55271368E-15            65.0        
 -3.55271368E-15            60.0        
 -3.55271368E-15            55.0        
 -3.55271368E-15            50.0        
 -3.55271368E-15            45.0        
 -3.55271368E-15            40.0        
 -3.55271368E-15            35.0        
 -3.55271368E-15            30.0        
 -3.55271368E-15            25.0        
 -3.55271368E-15            20.0        
 -3.55271368E-15            15.0        
 -3.55271368E-15            10.0        
 -3.55271368E-15             5.0        
 -3.55271368E-15             0.0        
             5.0             0.0       
            10.0             0.0       
            15.0             0.0       
            20.0 1.816602424E-15       
            25.0             0.0       
            30.0             0.0       
            35.0             0.0       
            40.0             0.0       
            45.0             0.0       
            50.0             0.0       
            55.0             0.0       
            60.0             0.0       
            65.0             0.0       
            70.0             0.0       
            75.0             0.0       
            80.0             0.0       
            85.0             0.0       
            90.0             0.0       
            95.0             0.0       
           100.0             0.0       
           105.0             0.0       
           110.0             0.0       
           115.0             0.0       
           120.0             0.0       
           125.0             0.0       
           130.0             0.0       
           135.0             0.0       
           140.0             0.0       
           145.0             0.0       
            90.0            50.0       
 89.866162322322 48.000695669393       
 89.467037625816 46.037068971931       
 88.809748300146 44.144160872548       
 87.906023688902 42.355750361121       
  86.77199077918 40.703751665596       
  85.42788641512 39.217644741831       
  83.89769617094 37.923949203086       
   82.2087263278   36.8457510769       
 80.391116592563 36.002290834376       
 78.477302254013 35.408620043524       
 76.501435374361 35.075332773672       
 74.498775344883 35.008376544046       
 72.505059681253 35.208946190149       
 70.555866286712 35.673462541897       
 68.685978563575 36.393636293985       
 66.928764702549 37.356615928748       
 65.315582226618  38.54521705179       
  63.87521841528 39.938229047912       
 62.633376594873 41.510793585041       
 61.612217462102 43.234848211759       
 60.829963625881 45.079627132406       
 60.300574424451 47.012210223443       
 60.033496820653 48.998110493823       
 60.033496820653 51.001889506177       
 60.300574424451 52.987789776558       
 60.829963625881 54.920372867594       
 61.612217462102 56.765151788242       
 62.633376594874 58.489206414959       
  63.87521841528 60.061770952088       
 65.315582226618  61.45478294821       
 66.928764702549 62.643384071252       
 68.685978563575 63.606363706015       
 70.555866286712 64.326537458103       
 72.505059681253 64.791053809851       
 74.498775344883 64.991623455954       
 76.501435374361 64.924667226328       
 78.477302254013 64.591379956476       
 80.391116592563 63.997709165624       
   82.2087263278   63.1542489231       
  83.89769617094 62.076050796914       
  85.42788641512 60.782355258169       
  86.77199077918 59.296248334404       
 87.906023688902 57.644249638879       
 88.809748300146 55.855839127452       
 89.467037625816 53.962931028069       
 89.866162322322 51.999304330607       
 146.76608712632 96.869397403962       
 3.1301853111676 96.765834613537       
 3.1769175435548  3.147414941312       
  146.7701866205 3.2235363607394       
 7.0184894481342 3.7372695269991       
 3.7959549584455  6.970053658534       
 146.03964800823 7.2007436991445       
 142.72856832046 3.9584068496954       
 146.01993558292  93.05587386086       
 142.79870897515 96.317854389062       
 3.6758226695754 92.795056861396       
 6.9392861723214 96.016718321558       
 4.2600921986546 11.720386549241       
 4.5384683031539 16.906695714553       
 4.3927933111066  22.27265727777       
 4.0463374768745  27.49238735728       
 137.60311831699  4.352511890839       
 145.38056253658 88.182075052104       
 132.28528258579 4.3692378854526       
 145.37635842611 82.827901506683       
 145.82686760623 77.529409982613       
 146.07256308116 72.461513306529       
 11.775101480076 95.342853193908       
 17.104360168307  95.26324642071       
 127.12248038258  4.359443939656       
 122.05870515329 4.3461218388636       
 117.03501155476 4.3254514831901       
 112.02702563523 4.3044687875194       
 22.434063836283 95.652044857403       
 27.543924376079  95.90521336786       
 32.563717789806 96.015031937482       
 37.562704824513 96.060770980748       
 107.02657450273 4.2914347689732       
 102.02750317007 4.2905673982908       
 97.025259917298 4.2976103900149       
 92.022456177837 4.2987704295867       
 87.023935982875 4.2896139730899       
 82.027383411537 4.2795394289012       
 77.027518892444 4.2736782328526       
 72.025118282621 4.2701282224431       
 67.027832493062 4.2659823798486       
  62.04408012791 4.2577666438599       
 57.075868468921 4.2437348950391       
 52.116828450394 4.2309999195605       
 47.155104987675 4.2372778952844       
 42.175479765224  4.276925234212       
 37.162108289703 4.3452926516282       
 32.104771014771 4.4208023951252       
 27.003531931371  4.476779622388       
 21.872424340182 4.4846187743268       
 16.753719920948  4.401262463878       
 11.739418967381 4.1671134109742       
   42.5522167457 96.091278095606       
 47.531841410524 96.119078372641       
 52.530274184224 96.116304169907       
 57.533872373934 96.108945510558       
 62.534275843723 96.109898267959       
 67.530842949555 96.115112831304       
 72.527473119086 96.120223494484       
 77.526322135065 96.125115260048       
 82.526264537044 96.129388701358       
 87.526093778153 96.132270360271       
 92.525597023117 96.134220711023       
 97.524478083584 96.135658417198       
 102.52421717707  96.13187224869       
 107.52985523748 96.107358797395       
 112.52471229829 96.080581660584       
 117.51669072445  96.05108743409       
 122.51311167347 96.019714710949       
 127.53843795264 95.988785215695       
 132.68435966476 95.918820040175       
 137.86938426354  95.98486376427       
 3.9032081802905 32.533356621683       
 3.8474298130111 37.529336368979       
  3.851569249753 42.546412699547       
 3.8542031730719 47.556072933647       
 3.8476998143631 52.554544144215       
 3.8350863994727 57.541362312743       
 3.8244519061009   62.5190666174       
 3.8489929012492 67.510652332983       
 3.8975883814038 72.506740601902       
 3.9703983531374 77.543366101334       
 4.0425706995621 82.676673775266       
 3.9932982913903 87.860571914539       
 146.14552591229 67.461970271859       
 146.17392717129  62.47561033414       
 146.17876492938 57.475795428746       
 146.18113429925  52.47321046398       
   146.185580297 47.473058353804       
 146.19038748151 42.478650379024       
 146.17378341704 37.492197845752       
 146.05723594707 32.497488078582       
 145.80622466457 27.424529248612       
 145.47361492896 22.169154554193       
 145.55785858757  16.98686375553       
  145.7437176533 12.027680527348       
 68.746673275551 33.350812758296       
 66.242953166927 34.562245539814       
 63.887014859834 36.677128863251       
 61.443198282812 38.643098992367       
 71.418346098406 32.701643289696       
 74.482691786166 32.779067411702       
 77.520775512072 32.656490047952       
 59.780128524104 40.885143333504       
 58.581918248068 43.402265681493       
 58.047563545275 46.511729001779       
 57.359275724989 49.574300542367       
 57.456787204809 52.353775366515       
 58.099955994696 55.043940362532       
 59.597682009578 57.767548140618       
 60.905770519389 60.570193936845       
 80.122877863496 33.201916107762       
 82.517565067945 34.135341398564       
 84.736023556049 35.458036204684       
 86.847114963909 37.544500214172       
  62.62687172922 62.723668127802       
 64.763424347367 64.496649890946       
 67.661133980925 65.713976996819       
 70.458522009438 67.082981855655       
 73.168143457087 67.640360458083       
 75.953058266173  67.64316930666       
 78.995098711397 66.794332891276       
 82.067916442458 66.093906657371       
 84.539514161564 64.786859730991       
 86.672245258634 63.038249527256       
 88.474573555834 60.586357913736       
  90.43877707009 58.283401910004       
 91.651547871088 55.872005658926       
 92.349085683528 53.215114576221       
  92.27255274942 50.078832536107       
 92.363370529632 46.960258677803       
 91.755902265276 44.255583881068       
 90.689116822125 41.750600833836       
  89.14307499319 39.495822081476       
 91.920070475936 61.125293155775       
 93.627442677197 58.401856158493       
 89.876274031704   63.7002744641       
 8.2063691408841 8.1056720997024       
 87.501706613037 66.057195198402       
 94.865538556482 55.384487668494       
 140.84459674244  9.110353823885       
 95.495196292968 52.010248389788       
 8.0371043774439 91.187009301357       
  95.52325534291 48.452132800856       
 95.009610266132  44.99711151008       
 141.22090309589 91.911067561562       
 93.944539255628   41.7388020941       
 92.309244222366 38.740264399679       
 13.151556440231 8.7877611854557       
 90.096844330921 36.180046974766       
 9.0566672565798  13.11353315065       
 87.611424165846 34.051431419675       
 85.060233264929 32.330614628253       
 9.8803910170743  19.04700262534       
 82.345195573302 31.031622578332       
  8.476963216683 24.965757705674       
 79.402013767241 30.103060651873       
 8.0403076486611 30.101530165598       
 76.210747894959 29.612229765616       
 7.8516681957194 35.145052850212       
 72.850124043798 29.542661060392       
 69.508377816918 29.966202544596      
 7.7888707549206  40.16494616538      
 66.291410561997 31.014971905692      
  7.777162295465 45.184512623299      
 63.202142509037 32.723593156179      
 7.7622816474489 50.189200866713      
 60.439185064189 35.093823505729      
   7.73564965185 55.171082090215      
 58.210157845308 37.817727843619      
 7.7102838294219 60.129081488427      
 56.450815871116 40.709125056582      
 7.7202419912481 65.077737908359      
 55.125813672404 43.962583117374      
 7.7941631952788  70.03355933385      
 54.432659562244 47.537365059706      
 7.9409488624458 75.039814218759      
 54.372521415394 51.073569184096      
 54.833894834391 54.446594805329      
  8.160182308545 80.211497044296      
  55.93915901137 57.692720041382      
  8.379767532151 85.699503105143      
 57.526069287077  60.74882084516      
 18.408513547322 9.0724451377826      
  59.37750056302 63.550699859092      
 61.584227771626 66.162523559302      
 23.758533404162 9.0976722258311      
 64.464273424057  68.23328822872      
 29.060555302057 8.9956924205726      
 67.794399726543 69.588847548632      
 34.259959492242 8.8348866846774      
  71.11491838725  70.46019251189      
 39.347482053856 8.6711926478458      
 74.509764417941 70.790738711648      
 44.342888180026  8.558131233241      
  78.03333942487 70.452312651395      
 49.280509034592 8.5262501704519      
 81.524550616288 69.482766723453      
 54.193041600052 8.5483864833021      
 84.717891940794 68.011857458591      
 59.105652800817  8.565767063655      
 90.785116960376 32.500836710564      
  87.92507090864 30.474687080613      
 64.041333337817 8.5545662613793      
  84.97072713823 28.867566844867      
 69.011938515882 8.5349969174162      
  81.79597429587 27.627369711558      
 74.005141537887 8.5304812681293      
 78.362796120717 26.764432865728      
 78.995577879995 8.5500833868817      
 74.700611172431 26.350243569554      
 83.971131784072 8.5960175251289      
 70.901402769523 26.484485102866      
 88.949702897908 8.6637822044066      
 67.098225359413 27.234390137655      
 93.958654957781 8.6987663734838      
 63.355405502001 28.594351952365      
 98.982945212476 8.6648708224402      
 93.625286933475 35.091471844768      
 103.98695776691 8.6313039198095      
 59.380463031501 30.598068216305      
 108.97750940762 8.6447920643855      
 95.972016195962 38.466614018721      
 113.97979363136 8.6851448986217      
 97.535125774076 42.320245711025      
 119.00672909309 8.7330585305863      
 98.607321995437 46.356303298488      
 98.929063911843  50.57313844874      
 124.08175909758  8.772813351665      
 98.314135499757 54.602301843225      
 129.27675018016 8.8080951516064      
  97.04991602322 58.161649139003      
  134.7399249898 8.8901914901708      
 95.348781029769 61.292661859156      
 14.453462984398 13.823147046255      
 93.309102834634  64.17106491606      
 90.862477656415 66.926015562741      
 20.147731166113 13.893259626543      
 87.954289988866 69.503418186392      
 25.799117180485 13.733592629769      
 84.578453005854 71.693161476298      
 31.285248597627 13.449893642207      
 80.725402788358 73.395315927829      
  36.54787400048  13.15795219232      
  76.51377840517 74.268189559297      
 41.618942675637 12.936525309468      
 72.361311332357 74.232258301175      
 46.563524796324  12.86559467293      
 68.456358835789 73.680686117474      
 51.453526046489 12.932405703592      
   64.5547996848 72.699414058079      
 56.323887798715   12.9793492895      
 60.273315130986 70.995576952942      
 61.188775135447 12.889116187327      
 57.875224241382 67.120296697336      
 66.083198228695 12.737441323269      
 55.829053300768 63.970654392427      
 53.885591341118 60.792610997625      
 71.025003796407 12.642678138539      
 52.237079565187 57.251179597926      
  75.97557613461 12.648280316231      
 51.337088295281 53.345980133221      
 80.887019803328  12.75558051289      
  51.07363167349 49.322414042685      
 85.769616109279 12.958591717794      
 50.883133522831 44.809420061653      
 90.736813442346 13.237134337732      
 52.768330875317 40.775638928096      
 95.847524044933 13.234283761709      
 54.642265619416 37.417983981217      
 100.91788270454 13.021068621069      
 56.757803338554 34.208449816005      
 105.87926357263 12.987209672944      
 55.037335880402 30.470890479508      
 52.928437608959 33.868945782762      
 110.84576129344 13.049334224248      
 50.892172767313 37.216889729846      
 115.85770898892  13.13479138742      
 48.785240671225 40.644112038403      
 120.92386767419 13.213913277399      
 60.246774250865 25.820031537693      
 126.08672839293 13.278862805811      
 56.858785754378 27.256428400104      
 64.357943118778 24.431890394863      
 131.46519544731  13.38853094907      
 68.572416435061 23.496682415536      
 137.10458362925 13.669490409699      
 72.828756204881 23.124268890872      
 141.88192231002 14.067307103491      
 76.984011699321 23.320653799525      
 140.09925119472  18.93754960294      
 80.923612893086 23.995472663181      
  133.7266446799 18.184185999684      
 84.609703804704 25.065137037009      
 128.08917600235 17.872325501344      
 88.013941857999 26.553693636357      
 122.78789962054 17.746459078393      
 91.169398357081 28.491985257498      
 117.66197339938 17.640281218582      
 94.346775163884 30.844782704408      
 112.62109285244 17.505429483074      
 98.122581651262  33.90021001732      
 107.66632198866 17.345847260672      
 100.04903376381 38.870117992803      
 102.82067201117 17.253252400059      
 101.51655354524 43.404542714035      
 97.958943611427 17.510669464486      
 103.10693959586 48.713639187117      
 102.13587493534 53.924426679965      
 92.449337194594 18.499379802818      
 100.62996287022 57.934997978555      
 87.270050288998 17.470767338592      
 98.804206129012  61.23811569663      
 82.599448895376 16.877890117984      
 96.851730450819 64.373605381196      
 77.916792060272 16.528132563694      
 95.634870911859 71.099355012024      
 73.129468697486 16.408725596951      
  91.62763704285 70.511993882899      
 68.289470721129 16.548387401161      
 88.240880523501 73.509192290951      
 63.483286912916 16.924754829626      
 84.238762927438 75.937899260368      
  58.67721227828  17.41302495141      
 79.483298573606 78.370521167459      
 53.782403803074 17.542016397341      
 74.145558839099   78.4795478248      
 48.878956436455 17.272903583208      
 69.605610952518 78.196305843219      
 44.017452239104 17.124918857561      
 65.265128286274 77.633315240591      
 39.046177397352 17.293687349074      
 60.798223105638 76.777282894954      
 33.811217341434 17.691889513885      
 55.672680881628 70.936615762615      
 28.237532330465 18.182586887827      
 54.191531797679 67.366632240699      
 22.266598397004 18.705051273705      
 52.154241228739 64.234920963416      
 50.005795107788 60.813555164794      
 16.222259131223 18.839235915152      
 47.820690802993 56.608806359789      
 12.913709410922 23.010373135445      
 47.829681103536 51.739226245196      
 12.635227236541 27.634596171469      
 47.529623764692 47.683483603069      
 12.162010239553 32.813784894638      
 46.378676713299 43.899330561057      
 49.086445307771 33.748547244458      
 11.914445257734 37.895972652861      
 46.954347668801  37.10008080222      
  50.97841215436 30.204318012825      
 11.828988758243 42.932082636547      
 53.165732305351 26.489687499479      
 11.786709707032 47.948638242817      
 44.536949576318 40.400471176358      
 11.733359766763 52.932141457493      
 56.450184479172 22.601027474381      
 11.675344808083 57.869232084455      
  61.43114741419 21.298612490614      
  11.65103678893 62.761267839867      
 66.011020293776 20.417409983202      
 11.714426858234 67.630875092563      
 70.616282958422 19.931063193637      
 11.907906667076 72.532868716163      
 75.198484391585 19.893859311152      
 12.255466209065 77.583142414343      
 79.632856770309 20.271746119154      
 51.172122544669 21.923718805032      
 83.878601040873 21.001259697447      
 46.377193749701  21.31891324702      
  41.68890635725  21.22233927834      
 48.201160192234 26.106740694007      
 44.090199359063 24.418004213844      
 47.006568541879 30.473404393891      
 44.024487207218 27.959160972751      
   36.6265155614 21.716889336077      
 39.777759734666 25.794997615578      
 45.254167268903 33.856574095143      
  43.77353664921  31.19323685024      
 40.555196008214 30.162123440927      
 42.727771863952  37.10212996045      
 41.322273664995   33.7684312845      
 87.975896462307 22.136542736683      
 91.623262339638  24.03578297069      
  95.73449973245 22.038779250945      
 94.714724429232 26.440186594617      
 12.802203232226 83.023885980387      
 13.648225129424 89.527183752945      
 19.872054503276 90.753226730895      
 17.961490872415 85.321290676661      
 16.902822892455 79.920101567794      
 25.182342832915 91.509968027233      
 23.206275821454 86.718814794083      
 30.210314745715 91.884935784287      
 16.235939589057 74.885208589977      
 15.827624746429 70.069535348405      
 15.640717111094 65.330718164613      
  35.18775271152 92.004230500702      
 40.189538415759 92.035451227778      
 45.190687289155 92.075031700364      
 50.194671634458 92.054046481158      
 55.223090885228 91.978386562478      
 60.244817864931 91.958732115908      
  65.23010149333 91.994488353868      
 70.199713758124 92.033568379083      
 75.182886270836 92.069827537449      
 80.178749004044 92.105129099783      
 85.176017968366 92.130433167242      
 90.173485897544 92.144863689353      
 95.169835696704 92.157535902407      
 100.16029302429 92.165919880403      
  105.1456920479 92.156828072553      
 110.12303337372 92.127567565626      
 115.08893245275 92.082930714551      
  120.0551979691 92.000082658381      
 125.06972671101 91.835376370263      
 130.26182980354 91.610918256566      
 135.76163995627 91.466805035998      
 28.124709617974 87.600829238277      
 32.881163964257 87.903704843887      
 37.847086151577 87.748546490282      
  42.97282537462 87.744377364039      
 48.013298610603 87.813460877785      
  53.07648166876 87.525089539596      
 58.212888189903 87.322204537599      
 63.232868544018 87.448902188757      
 68.128288657694 87.589318453001      
 73.043545627358 87.700998165154      
 78.014808023497 87.818844566997      
 82.990000913251 87.924095372979      
 87.969518230464 87.963746980271      
 92.970932233014 87.995625704192      
 97.962263542884 88.043546644008      
 102.92826460377 88.069700301952      
 107.87528034698 88.071359650889      
 112.79840666692 88.051683322363      
 117.68470056479 87.977615983109      
 122.57023202888 87.692333558681      
 127.68135220187 87.037032020759      
 133.26663671169 86.505862065299      
 139.74534729466 86.092807818705      
 141.29725316387 79.924013617147      
 136.25119202462 81.075850387006      
 130.31398928833 80.769260812884      
 124.78273293531 82.910746110409      
 120.16536860876 83.801304209986      
 142.06997452636 74.849366964144      
 138.50731714367 76.832089798746      
 142.21338979677 69.892122903034      
 142.23536087152  64.87848740948      
 142.24055085814 59.856708456147      
 142.25012739191 54.831391995737      
 142.27294635083 49.815897546609      
 142.30751689985 44.827637720284      
 142.32988832549 39.894751638621      
 142.21563074124 35.025325099454      
 141.80743382072 30.120199377596      
 141.07442345999 24.943421550134      
 135.66195118731 23.262439751122      
 138.30692071135 72.442447666733      
 138.19800070528 67.352713666709      
 138.14861236263  62.22301328845      
 138.15020663143 57.108853127331      
 138.19467595237 52.015848415761      
 138.27307389034 46.978949779135      
 138.38751374868 42.055709688806      
 138.47587367366 37.377731312331      
  138.0748421336 32.913640226912      
 137.04541672294 28.287888257315      
 100.01385045008 21.338047582169      
  97.89739435607 24.707531312111      
 98.005350014301 28.567241367941      
 31.092824391916 22.344102384882      
 34.143859569015 26.296866533438      
  36.74280279713  29.37318980834      
 37.022453727606 33.183311375338      
 15.624397466316 60.570593422506      
 25.136349892313 23.192875447246      
 28.467709898394 27.331970227488      
 115.51053033469 83.933024759042      
 110.68004502952 83.930703245981      
 105.78737579754 83.899728978227      
 100.86740058315 83.839344251197      
 95.911539141557 83.728515710727      
 90.860677757692 83.570495669145      
 85.859076994477 83.633222105644      
 81.013620415943 83.506296784451      
 76.078472947215 83.163494336155      
 71.164926207492 82.990639465936      
  66.45097399863 82.718187555168      
 61.673986653261  82.32641167047      
 56.299111289796 81.773723972391      
 50.910289496703 83.230219049238      
 46.056973079917 83.367216222719      
  40.69750917134  82.70545537677      
 35.119160271965 83.598788722196      
 15.707319001898  55.73583397502      
 15.821790662938 50.815503358409      
 15.931432575079 45.818343797911      
 16.037635294959 40.773965036178      
 16.306456829705 35.701000019852      
 17.025648317922 30.442693515635      
 18.280170395916 24.339679524397      
 22.574127292168 28.516779264416      
 20.943497627797 33.689864595704      
 20.355304850582 38.642332320994      
 20.248584833484 43.729790000333      
 19.995173075775 48.806091724338      
 19.774400104089 53.708192925789      
 19.601307291033 58.481177555756      
 19.550096512651 63.134470562116      
 19.681539361558 67.698521728957      
 20.060623497755 72.238056912162      
 20.777421644104 76.876154482206      
 21.797762686067 81.733691431397      
 25.966958253708 32.388558342058      
 24.027043163498 36.569319900986      
 31.960203728102 31.712673747732      
 25.146526354864 41.378026679419      
 24.345664659653 46.962101193396      
 23.899044257381 51.847491842566      
 23.585314522432 56.530583434758      
 23.421396030102  61.05626252606      
 23.564585529658 65.481211615704      
 23.791627101775 69.786537094383      
 24.386617072275 73.971631474996      
 26.751062188891 83.068397874582      
  30.82305616815 84.360353880796      
 31.234701659936 79.747247010082      
 29.035417102092 74.981449680438      
 27.329570990457 71.543889276463      
 28.154368701744 67.725166356315      
 27.263046078883 63.362471921524      
 27.301457120298 59.189772645242      
 27.644406082852 54.804774933529      
 104.46666295995 21.506096949575      
 101.31902192143 25.357963764331      
 102.08144987688 30.028294360621      
 103.07661728831 34.964783423773      
 109.24080796874  21.83024022103      
 105.70642046681 26.050993750088      
 106.72165629656 30.874130675752      
 114.22526431577 22.080018098211      
  119.3224226151 22.244174508587      
 124.55003497485 22.371131508835      
 130.00056747281 22.597506965424      
 131.77521364102 27.352156201811      
 126.28785792173 27.088890691101      
 135.12580473254 35.349756878271      
 120.87184182342 27.007182242453      
 115.61789077384 26.838004018928      
 110.53770891262 26.534870898232      
 134.54374389574 39.165360056049      
 134.18573062721 43.919366131529      
  134.0086037406 48.980532333064      
  133.8942527255 54.200474290868      
 133.84164405407 59.514783622479      
 133.91233771182 64.863956639024      
 134.12129372289 70.291889541996      
 134.57968313898 75.845497832187      
 125.67810444105  77.60120905221      
 122.08699487949 80.062222760405      
 129.96199994092 73.998937588615      
 118.20563110168 79.873367625263      
 113.50138118019  79.79075971566      
 129.59665191849 68.140710301745      
 129.30243882116 62.411983521651      
 129.29750119926 56.653553261779      
 129.47408797157 51.043404266786      
 129.62150144695 45.665149446461      
 130.02469307236 40.521341232138      
 131.14580241659 35.810619395503      
 128.39880638135 31.695594724691      
 108.62703484566 79.757485011509      
 103.75337957482 79.680247007752      
 98.892711996663  79.51684687109      
 93.963683982065 79.217951958063      
 88.510470125955 78.651051703448      
 83.831111109351 80.006841038986      
 92.498651206114 74.669461090993      
  97.08433163801 75.198667726601      
 56.439995666629 75.631198437913      
  101.7335909398 75.498651141571      
 53.012352868455 78.926310807642      
 49.091780942138  79.08108117135      
 99.874011205853 71.445489059484      
 98.285486935988 67.708741532178      
 52.060625496774  74.48512327875      
 100.43607934786 64.357174954641      
  101.8730194043 61.210502366689      
 52.513898586125  70.34921389289      
 106.48457324746  75.63831427744      
 50.642723590125 67.761998034482      
 111.37491995685 75.623088127532      
  49.38120516789 71.366411806988      
 116.41075317477 75.507188816444      
 47.542997027265 75.110091953149      
 121.29901454623 75.909812384574      
 48.270007679209 64.743763698538      
 125.24043274874 71.961454185536      
  46.82769670175 68.648880238952      
 45.990726223325 72.044507221334      
 111.69058288854 31.420252127339      
 44.694132024668 78.903115525226      
 122.80261983132 31.943244599491      
 43.504389973558 74.857789684958      
 36.960236717859 78.993368436096      
 125.94720554491 36.582379494706      
 124.89496169348 41.988664334062      
 34.137182788751  75.09019084603      
 124.72480444142 47.625920750887      
  107.8145099893 35.739703227609      
 39.143650754844 74.717972025007      
 33.335348310399 67.575485767478      
 104.41362576756 39.723602177082      
 36.560524069647 70.919047286415      
 106.04638511185 44.470242492445      
 30.751067619034 64.912499554314      
 30.922623344779  61.61408869035      
 108.50500977788 49.279365664085      
 31.360279591778  57.55932875369      
  42.17647541086 70.444695959989      
 104.30694431276 71.616948896696      
 102.27129654095 67.770793893426      
 43.931883431017 65.662846377982      
 104.09262248806 63.828840754739      
 106.51272087426 67.607145128024      
 45.808195371444 61.389986221036      
 108.97992537298 71.572758031274      
  38.58739366224 66.280917089269      
 119.72609073084   70.2686144912      
 124.73600857536 66.095695896317      
  34.37081816612  63.96902851685      
 41.435436353022 62.292597787705      
 113.96238346595 71.223286538789      
 37.704415725876 62.528155690822      
 34.867724663601 60.237084931733      
 111.07202689377 67.260318689152      
  28.12288048527 50.275931588171      
 115.74974655447 66.485836296602      
 31.795547823047  53.22320166322      
 124.05013607964 59.627722414926      
  35.92251368006  55.82495782701      
  38.96222887934 59.189815357924      
 124.73061473619  53.35368072481      
 43.173337362508 58.166921074862      
 108.21074908841 63.169513459981      
  44.29260395712 53.920848414914      
 40.433646642609  55.37487924577      
 119.71580919258 44.099360205987      
 44.598122807026 50.047392091234      
 119.51358778466   37.7440497162      
  43.89458900866 46.710844851344      
 113.05119384628 36.490554508236      
 42.147292866219 43.609251188037      
  109.1791354819 40.566560589412      
 41.523926501776 51.834086970622      
 38.513673772705 52.949088531263      
 111.00248425844 45.289155901749      
 35.623107473542 51.488800338266      
 41.926792053568 48.953926122474      
 114.45093651574 41.660151316573      
 40.202651399192 46.724333482939      
 32.314757357141 48.915078282023      
 39.033078075199 49.920514582398      
 36.340486607766 47.651611207259      
 119.42947191968  50.06068917294      
 28.907460300513 45.636566063536      
 120.79860321352 55.355173939207      
 118.79274182411 59.189776767987      
 33.422726978406 44.752503766777      
  37.80219297007  43.98528250836      
 116.42209534104 62.377968221365      
 112.66672888818 62.819739850225      
  30.59858943695 41.110633115169      
 116.48936550684 54.518368496492      
 113.67860933348 49.841109315047      
  28.36516386489 36.709896202959      
 114.34727226096 58.617471493854      
 40.024201487319 40.484055765773      
 33.424315742363 36.846542952737      
 111.54437393251 54.035386977258      
 106.61951951392 53.747521990232      
  109.7442465021 58.493393559478      
 25.622968696859 78.380822092045      
 133.53345278999 31.804292468577      
 94.478154170382 67.437511414332      
 117.09623197682 31.872992016462      
 41.045555529297 78.053868135719      
 31.454882418185 71.301949607137      
 120.02124477058 64.128897535218      
 115.55331535889 46.117080309002      
 35.379616710036 40.785311371407      
 104.83919450424 58.815910921374      
 38.208253816432 37.093568482867      

101 -200.0  0
102 -200.0  0
103 -200.0  0
104 -200.0  0
105 -200.0  0
106 -200.0  0
107 -200.0  0
108 -200.0  0
109 -200.0  0
110 -200.0  0
111 -200.0  0
112 -200.0  0
113 -200.0  0
114 -200.0  0
115 -200.0  0
116 -200.0  0
117 -200.0  0
118 -200.0  0
119 -200.0  0
120 -200.0  0
121 -200.0  0
122 -200.0  0
123 -200.0  0
124 -200.0  0
125 -200.0  0
126 -200.0  0
127 -200.0  0
128 -200.0  0
129 -200.0  0
130 -200.0  0
131 -200.0  0
132 -200.0  0
133 -200.0  0
134 -200.0  0
135 -200.0  0
136 -200.0  0
137 -200.0  0
138 -200.0  0
139 -200.0  0
140 -200.0  0
141 -200.0  0
142 -200.0  0
143 -200.0  0
144 -200.0  0
145 -200.0  0
146 -200.0  0
147 -200.0  0
  1 100.0 0
  2 100.0 0
  3 100.0 0
  4 100.0 0
  5 100.0 0
  6 100.0 0
  7 100.0 0
  8 100.0 0
  9 100.0 0
 10 100.0 0
 11 100.0 0
 12 100.0 0
 13 100.0 0
 14 100.0 0
 15 100.0 0
 16 100.0 0
 17 100.0 0
 18 100.0 0
 19 100.0 0
 20 100.0 0
 21 100.0 0
 21 0    -200.0      
 22 0    -200.0      
 23 0    -200.0      
 24 0    -200.0      
 25 0    -200.0      
 26 0    -200.0      
 27 0    -200.0      
 28 0    -200.0      
 29 0    -200.0      
 30 0    -200.0      
 31 0    -200.0      
 32 0    -200.0      
 33 0    -200.0      
 34 0    -200.0      
 35 0    -200.0      
 36 0    -200.0      
 37 0    -200.0      
 38 0    -200.0      
 39 0    -200.0      
 40 0    -200.0      
 41  0    -200.0        
 42  0    -200.0        
 43  0    -200.0        
 44  0    -200.0        
 45  0    -200.0        
 46  0    -200.0        
 47  0    -200.0        
 48  0    -200.0        
 49  0    -200.0        
 50  0    -200.0        
 51  0    -200.0
      

 
            
