7.2178,-38.379,-4.3944
3.7199,-27.349,-6.1874
176.19,7.821,-36.89
120.51,36.153,-42.883
-193.95,-58.184,-47.717
-253.24,-28.604,-39.302
20.417,-0.65423,-0.58138
13.937,-1.6517,-2.5999
-183.08,4.1883,-18.065
-180.12,-4.1514,-12.628
-153.74,-46.122,-40.439
-167.01,-32.935,-31.098
9.4522,0.062195,0.24847
9.9388,-2.823,0.53651
16.744,0.07752,-1.0237
12.875,0.12615,-1.0703
8.962,-29.447,-1.3586
10.371,-26.124,-2.2281
6.8371,-18.687,-0.80708
10.245,-20.874,0.32304
96.143,11.327,-27.547
82.147,24.644,-35.042
110.45,-16.031,-11.362
112.71,-23.305,-16.813
-127.32,-38.195,-36.395
-133.31,-31.244,-30.06
-107.19,-32.156,-33.967
-112.55,-28.46,-28.903
-91.603,-27.481,-32.367
-97.184,-25.685,-28.508
-79.311,-23.793,-31.544
-84.862,-23.728,-28.475
14.592,-0.064798,-0.78156
12.293,0.1743,-0.63499
9.3506,-27.744,-0.22531
9.8858,-25.668,-0.42957
12.841,-0.14107,-0.77543
11.05,0.09474,-0.74175
9.7236,-28.103,0.26574
9.9428,-25.802,0.24748
10.176,-29.142,0.36777
9.9344,-26.96,0.43668
10.361,-29.93,0.18362
9.8864,-27.625,0.26907
90.636,-18.051,-6.5969
94.394,-18.786,-7.8927
80.021,-18.878,-4.4577
77.116,-19.387,-4.6137
10.804,-0.10113,-0.89031
9.2462,0.018408,-0.95294
8.4295,-0.043832,-1.0117
7.0252,-0.029532,-1.1308
5.7899,-0.0073847,-1.1027
4.4642,-0.0507,-1.25
2.944,-0.01152,-1.1793
1.6035,-0.057736,-1.3335
72.85,-19.069,-3.0535
68.338,-19.674,-3.4717
67.57,-19.602,-1.9866
62.512,-19.744,-2.3338
63.81,-19.908,-1.2817
57.815,-19.678,-1.5694
61.263,-20.291,-0.86475
54.098,-19.575,-1.0172
-0.13483,-0.074012,-1.2929
-1.5555,-0.061304,-1.4289
-3.6137,-0.17534,-1.5091
-5.0786,-0.070462,-1.6056
-7.7852,-0.30121,-1.8807
-9.1562,-0.09258,-1.9179
-13.04,-0.44025,-2.4525
-14.015,-0.13408,-2.4043
-19.841,-0.51401,-3.2261
-19.912,-0.19469,-3.0817
-28.524,-0.38249,-4.0715
-27.169,-0.26406,-3.8785
-38.935,-0.072159,-4.7561
-35.783,-0.32907,-4.5574
-50.416,0.33696,-5.0908
-45.432,-0.37931,-4.9186
-62.003,0.70054,-4.9918
-55.444,-0.40012,-4.8395
-72.754,0.89121,-4.5269
-65.059,-0.3851,-4.3559
-82.09,0.86994,-3.89
-73.743,-0.34728,-3.6583
-89.946,0.68853,-3.3079
-81.359,-0.30797,-2.9955
-96.677,0.43787,-2.9386
-88.107,-0.27586,-2.552
-102.83,0.19596,-2.8331
-94.356,-0.24948,-2.3867
-108.95,0.0029474,-2.9679
-100.53,-0.23358,-2.4617
-115.5,-0.12786,-3.2983
-107.05,-0.24106,-2.716
-122.86,-0.21624,-3.8016
-114.29,-0.28626,-3.107
-131.46,-0.30772,-4.5153
-122.68,-0.38547,-3.6495
-142.05,-0.52633,-5.6037
-132.81,-0.56633,-4.4452
-156.38,-1.4968,-7.6751
-145.73,-0.87014,-5.7892
-162.9,-1.2045,-8.686
59.273,-20.635,-0.78339
51.147,-19.475,-0.79259
57.102,-20.931,-1.0083
48.527,-19.389,-0.85015
53.972,-21.294,-1.5565
45.688,-19.315,-1.1459
48.99,-21.51,-2.4705
41.967,-19.312,-1.8518
41.464,-21.401,-3.5519
36.828,-19.385,-2.8541
31.386,-20.938,-4.4633
30.015,-19.535,-3.8407
19.601,-20.19,-4.8727
21.735,-19.749,-4.4888
7.6478,-19.349,-4.5862
12.851,-20.004,-4.5389
-2.7222,-18.681,-3.6443
4.5759,-20.252,-3.91
-10.16,-18.371,-2.3157
-1.9153,-20.444,-2.7658
-14.153,-18.433,-0.96216
-5.9826,-20.552,-1.4396
-15.019,-18.698,0.15691
-7.7196,-20.571,-0.25953
-13.514,-19.067,0.92527
-7.511,-20.525,0.62099
-10.537,-19.42,1.3428
-5.982,-20.433,1.149
-6.8899,-19.689,1.5093
-3.7247,-20.318,1.3975
-3.1016,-19.884,1.5058
-1.2074,-20.217,1.4507
0.49535,-20.019,1.3975
1.294,-20.134,1.3838
3.7223,-20.103,1.2393
3.5851,-20.066,1.2508
6.5028,-20.214,1.0584
5.5123,-19.995,1.0933
8.7542,-20.4,0.83141
7.0113,-19.903,0.8603
7.6081,-19.785,0.40801
-69.162,-20.749,-31.017
-73.998,-21.119,-28.487
-60.153,-18.046,-30.607
-64.474,-18.515,-28.37
-51.773,-15.532,-30.175
-55.74,-15.86,-28.143
-43.669,-13.101,-29.625
-47.44,-13.133,-27.724
-35.459,-10.638,-28.951
-39.213,-10.414,-27.082
-26.795,-8.0385,-28.199
-30.721,-7.7103,-26.247
-17.354,-5.2061,-27.464
-21.653,-5.0254,-25.294
-6.7972,-2.0392,-26.891
-11.713,-2.3689,-24.338
5.1528,1.5458,-26.639
-0.63832,0.31576,-23.522
18.957,5.6871,-26.912
11.868,3.0067,-23.001
35.467,10.64,-27.995
26.208,5.6631,-22.924
55.571,16.671,-30.471
42.773,7.8462,-23.647
63.533,9.8908,-25.184
10.439,-30.042,-0.11455
9.8329,-27.806,0.018809
10.496,-29.319,-0.47442
9.8073,-27.401,-0.27654
10.478,-27.648,-0.85036
9.8001,-26.24,-0.61908
10.401,-25.068,-1.1884
9.8184,-24.306,-0.95503
10.286,-21.729,-1.4483
9.8538,-21.691,-1.2333
10.151,-17.862,-1.6058
9.9006,-18.571,-1.4227
9.9966,-13.751,-1.6433
9.9547,-15.193,-1.5123
9.8389,-9.7759,-1.5386
10.003,-11.822,-1.4985
9.6878,-6.3911,-1.2897
10.031,-8.6951,-1.3693
9.5605,-3.9372,-0.92698
10.036,-5.9596,-1.0716
9.5449,-2.435,-0.47322
10.02,-3.5273,-0.60646
9.5121,-1.9874,0.074827
9.9931,-2.0977,-0.13992
9.9341,-0.86773,0.3263
-34.545,24.746,-51.253
-37.919,24.119,-43.84
-24.075,38.764,-51.714
-30.393,30.919,-42.016
-17.947,49.026,-55.327
-13.255,52.514,-57.446
-33.749,46.549,-38.023
-15.04,65.1,-50.165
-46.471,11.073,-51.794
-43.194,15.974,-46.401
-58.242,1.6684,-52.822
-48.31,7.4406,-48.935
-69.082,-1.5275,-55.802
-49.215,-8.7373,-57.489
-70.875,-19.125,-64.045
-32.909,42.402,-32.333
-20.778,65.569,-43.066
-33.904,33.533,-28.152
-27.898,56.419,-33.694
-37.865,17.35,-24.244
-38.391,38.446,-25.158
-47.893,7.9469,-22.186
-46.452,2.5797,-20.33
-54.401,-23.736,-22.412
-54.413,-22.756,-22.393
-64.409,-54.332,-28.543
-63.224,-42.051,-25.253
-78.06,-78.655,-38.395
-71.83,-61.242,-29.569
-86.712,-92.527,-54.318
-95.514,-102.82,-60.2
-96.472,-52.22,-38.744
-122.79,-93.589,-58.693
-67.312,-33.055,-70.055
-44.101,-17.609,-60.352
-57.506,-46.441,-73.404
-35.837,-25.919,-61.874
-42.797,-59.238,-72.714
-25.1,-33.537,-61.412
-23.403,-64.971,-72.52
-11.447,-39.932,-58.171
-5.5938,-61.513,-67.903
-98.171,-46.819,-32.323
-134.69,-76.594,-52.733
-93.439,-38.248,-23.775
-137.54,-57.375,-38.949
-80.899,-27.458,-13.275
-129.76,-31.663,-25.765
-101.48,-12.898,-13.397
-76.188,-11.554,5.4226
-71.38,-9.8741,8.0711
-40.779,-5.3173,16.12
-33.466,-5.7162,19.74
-8.5519,-1.1444,22.066
6.1871,-4.4723,24.181
28.911,1.4765,24.15
42.339,-5.6601,19.383
74.726,4.7206,15.649
47.431,2.773,15.329
93.775,13.177,3.7133
67.302,5.828,8.0282
101.93,20.167,-9.6891
78.06,7.9881,0.30319
100.72,28.721,-19.793
83.586,10.711,-8.33
87.511,35.523,-28.783
86.503,34.45,-28.211
66.803,20.098,-10.263
78.312,35.29,-21.998
62.381,12.984,-9.5683
67.156,28.498,-17.736
57.933,4.654,-9.7404
58.286,17.012,-13.49
53.258,-7.4571,-10.983
51.146,1.8725,-10.291
45.536,-17.793,-13.261
46.46,-17.635,-13.612
38.034,-34.858,-18.976
40.43,-31.784,-21.042
30.203,-50.068,-27.94
32.85,-41.673,-29.362
20.119,-61.022,-39.061
23.054,-49.537,-39.077
7.9826,-66.338,-51.665
9.2112,-56.041,-51.124
111.21,11.931,-37.72
74.015,11.946,-11.746
5.3732,-26.949,-3.1962
65.783,0.40692,-4.0973
68.419,5.734,-14.909
12.748,0.17131,-1.3627
71.491,16.821,-7.172
-183.81,-32.953,-41.975
67.099,6.0266,1.1248
-152.43,-11.379,-27.733
65.505,16.908,-2.8413
-162,-13.597,-27.728
62.649,9.9468,5.7849
-148.82,-33.081,-40.585
62.415,-5.2873,-9.5582
10.12,0.30395,-0.66195
60.073,-0.9491,-18.503
9.6638,-1.139,-0.87142
56.233,-10.821,-15.22
11.926,-0.37303,-1.6612
49.624,-7.8446,-22.024
82.329,-8.4019,-24.414
47.353,-15.805,-20.421
75.179,11.696,-35.007
37.916,-21.2,-26.924
91.762,-6.262,-24.813
36.419,-20.547,-25.744
24.79,-29.301,-31.914
8.3859,-21.252,-0.83407
24.971,-24.858,-30.354
6.872,-22.445,0.11899
11.889,-35.706,-36.704
7.1955,-26.267,-0.91315
14.005,-28.728,-34.214
-140.5,-5.3157,-20.381
-0.35098,-39.978,-41.449
-145.7,-6.6256,-20.131
3.5707,-32.613,-38.121
-126.61,-17.629,-30.108
-11.818,-42.309,-46.294
-139.57,-19.427,-34.028
-6.7021,-34.464,-42.745
-25.595,-45.159,-52.902
-123.25,-30.363,-38.079
-15.6,-32.001,-46.236
-35.318,-40.17,-55.286
-101.23,-27.448,-36.3
-24.295,-28.967,-48.979
-106.82,-19.506,-30.13
-42.353,-33.203,-56.802
-85.309,-24.912,-34.563
-31.562,-23.664,-51.312
-92.785,-20.317,-31.133
-47.245,-23.752,-57.545
-74.135,-21.533,-33.532
-37.936,-15.523,-52.769
-79.493,-19.525,-30.931
-50.001,-11.361,-57.52
-64.544,-18.669,-32.946
-43.303,-3.5302,-52.505
-49.52,1.7519,-56.44
-69.292,-18.13,-30.59
-46.714,9.9005,-50.177
-55.994,-15.927,-32.487
-47.43,16.303,-53.114
-60.246,-15.942,-30.369
-48.282,20.696,-45.357
-47.937,-13.276,-31.977
-44.02,28.793,-48.594
-51.848,-13.382,-30.033
-46.415,28.429,-38.643
-39.954,-10.65,-31.356
-38.884,37.74,-43.296
-43.733,-10.694,-29.488
-40.643,31.987,-31.692
-31.658,-8.0205,-30.639
-31.358,37.929,-38.533
-35.517,-8.0335,-28.733
-34.41,29.025,-27.629
-27.953,33.004,-35.759
-22.684,-5.3602,-29.904
-29.999,20.978,-27.491
-26.84,-5.5133,-27.818
-28.021,23.755,-35.864
-12.702,-2.6025,-29.278
-30.432,10.586,-30.283
-17.367,-3.2218,-26.852
-33.048,12.582,-37.737
-1.3553,0.23745,-28.928
-37.41,0.15865,-33.727
-6.7505,-1.2116,-25.987
-44.21,-8.5928,-40.118
11.793,3.2117,-29.049
-50.449,-10.14,-37.014
-58.625,-22.193,-42.361
5.2993,0.41201,-25.372
-65.078,-18.583,-36.263
27.617,6.3401,-29.879
-73.693,-33.97,-42.119
19.269,1.4392,-25.138
-76.865,-26.682,-31.43
48.287,9.2995,-31.764
-86.562,-44.862,-39.961
36.089,1.421,-25.206
-84.371,-34.821,-24.591
56.232,-2.1939,-25.5
-90.902,-56.144,-35.345
-129.2,-2.7653,-15.796
-83.425,-39.119,-17.804
-89.743,-56.772,-29.825
-133.28,-3.7037,-15.587
-74.35,-42.231,-12.184
-119.68,-1.5872,-12.824
-83.623,-54.208,-24.51
-123.28,-2.2601,-12.672
-58.882,-39.557,-8.1189
-111.37,-0.9797,-10.815
-74.711,-46.865,-20.835
-114.86,-1.4837,-10.689
-44.031,-34.002,-6.6355
-104.08,-0.63467,-9.3734
-49.59,-34.908,-15.09
-107.5,-0.90078,-9.3448
-28.316,-24.213,-6.1423
-30.363,-22.159,-11.223
-97.595,-0.40739,-8.3935
-12.353,-11.848,-4.4526
-100.78,-0.33627,-8.552
-10.853,-9.0661,-6.6677
-91.635,-0.21637,-7.8654
4.7102,0.7171,-0.15086
-94.308,0.32093,-8.331
10.05,2.0257,-1.4077
-85.935,-0.015836,-7.8931
22.195,9.3776,5.0225
-87.729,1.0511,-8.736
40.361,10.614,0.30531
-80.131,0.19605,-8.5668
37.834,12.924,7.467
54.851,15.014,-0.4035
-80.705,1.7226,-9.7346
52.127,12.983,8.0863
-73.884,0.33638,-9.8418
-19.109,-29.65,-39.336
-72.958,2.085,-11.119
-14.063,-25.746,-35.837
-24.76,-30.261,-41.879
-66.859,0.29219,-11.42
-19.361,-25.705,-38.754
-64.342,1.8896,-12.482
-29.787,-28.418,-44.836
-58.84,0.031026,-12.797
-24.85,-23.756,-42.177
-54.989,1.0556,-13.322
-34.335,-23.878,-48.084
-50.002,-0.36438,-13.439
-30.86,-18.75,-45.738
-45.353,-0.16883,-13.267
-38.771,-15.998,-51.025
-40.972,-0.75741,-13.053
-37.431,-10.184,-48.388
-36.055,-1.314,-12.255
-43.846,-5.3594,-52.595
-32.545,-1.0247,-11.734
-44.121,1.3993,-48.569
-27.648,-1.975,-10.565
-47.936,6.7759,-51.175
-25.234,-1.092,-9.8931
-49.594,12.84,-45.402
-20.444,-2.0567,-8.6549
-50.223,17.658,-46.881
-19.033,-0.90516,-7.9686
-52.037,21.437,-39.332
-14.462,-1.6154,-6.959
-49.673,24.305,-40.718
-13.9,-0.64128,-6.442
-10.517,-27.28,-37.162
-9.483,-1.136,-5.6677
-7.161,-23.818,-33.981
-9.5166,-0.43065,-5.338
-50.21,24.992,-31.936
-5.2707,-0.71564,-4.7619
-45.734,25.457,-34.747
-5.7357,-0.28873,-4.6106
-0.33437,-25.295,-36.446
-1.6359,-0.39142,-4.1788
1.8776,-20.455,-32.414
-2.2967,-0.20714,-4.163
11.865,-23.313,-35.092
1.5678,-0.26545,-3.7779
11.903,-18.753,-32.215
0.83063,-0.18469,-3.8174
25.914,-20.891,-32.413
24.421,-18.088,-30.51
4.4142,-0.29455,-3.4209
39.431,-18.338,-28.072
3.6388,-0.1886,-3.4497
36.93,-17.649,-26.744
6.922,-0.41645,-3.0182
50.889,-15.301,-21.436
6.0931,-0.17895,-2.9853
48.546,-17.255,-20.259
9.077,-0.57149,-2.5402
58.503,-10.976,-14.138
8.1194,-0.097465,-2.3949
56.491,-14.472,-12.433
10.82,-0.63624,-2.037
61.215,-5.1369,-7.3581
9.5159,0.15106,-1.6925
60.607,-9.6875,-4.71
-118.66,-9.8921,-26.133
58.592,1.6082,-1.9718
-130.11,-11.485,-27.781
60.496,-3.4769,2.1969
-118.4,-20.704,-35.834
50.23,6.9167,1.5905
-112.18,-5.742,-22.424
55.805,3.4624,7.2627
-121.15,-6.8936,-22.869
38.331,10.558,1.3906
-105.58,-3.4186,-19.273
45.978,10.15,8.9121
-112.81,-4.3755,-19.156
24.396,10.331,-2.8496
-99.346,-2.1447,-16.779
32.856,13.72,5.8994
-105.32,-2.862,-16.5
10.059,5.0211,-10.05
-93.429,-1.3,-14.865
19.751,12.414,-1.0172
-98.489,-1.6247,-14.722
-1.4201,-6.2062,-16.57
-88.024,-0.64261,-13.611
8.7284,3.3027,-9.2089
-92.055,-0.45665,-13.782
-10.633,-19.977,-20.556
-82.927,0.022717,-13.029
-0.12956,-9.8,-14.438
-85.753,0.91905,-13.716
-20.121,-32.767,-20.803
-7.5079,-24.014,-15.317
-78.013,0.77339,-13.358
-31.477,-42.24,-18.953
-79.413,2.3555,-14.564
-15.451,-34.997,-12.504
-72.908,1.4925,-14.67
-41.788,-44.195,-15.306
-72.876,3.5004,-16.163
-26.685,-41.412,-7.4227
-67.429,1.8298,-16.738
-55.758,-41.215,-16.05
-65.834,3.8414,-18.145
-48.942,-39.615,-6.6574
-61.086,1.4858,-18.974
-69.522,-34.811,-21.089
-65.893,-34.798,-9.3585
-58.041,2.9381,-19.888
-75.813,-27.021,-29.709
-53.558,0.4746,-20.59
-75.548,-27.555,-16.132
-49.652,0.85778,-20.686
-72.891,-19.497,-38.437
-45.149,-0.86944,-20.92
-76.811,-19.842,-26.17
-41.171,-1.6615,-20.1
-63.292,-14.894,-45.165
-36.795,-2.1068,-19.739
-70.653,-13.941,-36.205
-33.161,-3.5995,-18.237
-50.976,-10.749,-47.232
-58.247,-10.37,-42.404
-29.388,-2.8631,-17.429
-39.608,-5.9451,-44.554
-26.018,-4.3876,-15.67
-43.897,-7.3307,-42.586
-23.203,-2.9535,-14.685
-33.577,1.4173,-38.113
-19.925,-4.187,-13.051
-34.32,-0.98,-36.976
-17.532,-2.2796,-11.909
-34.225,11.401,-33.059
-14.737,-3.1795,-10.795
-31.485,7.1869,-30.381
-13.014,-1.5702,-9.8554
-39.507,20.57,-31.69
-34.997,15.442,-26.432
-10.13,-2.2594,-9.0374
-42.61,21.153,-26.587
-9.2713,-1.0628,-8.3865
-48.95,15.514,-29.864
-6.0363,-1.3661,-7.8145
-42.734,11.243,-26.065
-5.7199,-0.72521,-7.4861
-42.606,7.8977,-30.858
-2.4496,-0.91291,-6.969
-37.525,5.5909,-28.879
-2.3739,-0.58067,-6.8098
-38.37,-0.12453,-35.003
0.7038,-0.81023,-6.2699
-36.831,-0.9176,-34.448
0.69109,-0.57544,-6.1645
-37.964,-6.6017,-41.054
3.4549,-0.94508,-5.5599
-52.936,16.556,-33.561
3.4232,-0.63454,-5.421
-54.977,18.177,-29.001
-49.969,12.738,-27.39
5.8142,-1.2122,-4.7405
-53.225,15.328,-39.453
5.7684,-0.67434,-4.5
-55.205,18.768,-33.29
7.744,-1.5259,-3.7474
-49.964,8.9233,-44.119
7.6698,-0.55257,-3.3239
-52.984,13.861,-39.103
9.0573,-1.6327,-2.4864
-44.399,-0.23339,-46.285
8.9211,-0.82254,-2.207
9.6305,-1.3902,-0.84337
-47.422,5.2572,-43.026
8.8154,-2.5694,-1.3692
-38.052,-9.4022,-45.524
8.2734,-3.5904,-2.9685
-40.023,-4.629,-43.772
9.5888,-2.1455,-1.7407
-32.381,-16.552,-42.659
8.6229,-4.0217,-2.3925
-32.669,-12.905,-41.598
7.0521,-3.1535,-4.5332
-27.818,-20.87,-38.969
7.9127,-2.0094,-3.9289
-26.351,-18.099,-37.884
5.3069,-2.506,-6.1457
-24.026,-22.308,-35.738
6.0637,-1.7011,-5.7013
-20.863,-20.047,-34.097
3.0721,-2.0274,-7.4528
-20.355,-21.698,-33.379
3.8548,-1.5004,-7.1233
-16.468,-19.772,-31.118
0.44614,-1.7189,-8.5736
-15.8,-19.897,-32.127
1.2442,-1.3249,-8.3002
-12.311,-18.391,-29.532
-2.5821,-1.6881,-9.6009
-8.6376,-18.033,-32.492
-1.7275,-1.2449,-9.2984
-5.8089,-15.859,-29.197
-6.0251,-2.0878,-10.666
1.8728,-18.268,-33.941
-5.0158,-1.3709,-10.225
2.1964,-13.256,-29.543
-9.9645,-3.1581,-12.031
14.256,-18.772,-32.917
-8.3938,-1.7859,-11.228
13.702,-14.206,-30.697
-14.552,-5.1414,-14.166
28.875,-19.353,-30.115
27.061,-16.133,-28.833
-11.631,-2.5782,-12.636
42.855,-20.23,-23.736
-18.873,-6.7253,-16.862
37.916,-19.368,-22.765
-15.142,-3.8664,-15.113
50.892,-18.533,-15.61
-23.765,-7.3458,-19.774
47.227,-19.395,-14.832
-21.507,-5.6188,-18.733
53.23,-14.665,-7.8962
-29.96,-6.7984,-23.001
53.062,-15.933,-7.1215
-26.627,-5.8475,-22.076
50.859,-9.097,-1.4514
-37.145,-4.4168,-25.76
54.657,-11.003,0.12962
-32.954,-4.6837,-25.211
43.781,-2.6405,2.7001
-45.029,-0.5291,-27.141
51.095,-4.553,6.0277
-40.578,-2.4124,-27.316
32.766,3.1603,3.0568
-52.974,3.4359,-26.665
43.018,2.6017,8.7527
-48.689,0.3535,-27.66
20.415,6.4727,-1.0651
-60.243,5.849,-24.709
31.289,8.2416,6.6776
-56.02,2.7487,-26.183
8.5199,4.315,-9.4835
-66.408,6.1199,-22.232
19.498,9.4629,-0.28065
-61.723,3.9855,-23.547
1.859,-3.876,-18.368
-71.847,4.5783,-20.09
9.8748,3.5975,-10.005
-66.259,3.6813,-20.612
-1.8497,-16.22,-23.567
-77.364,2.3055,-18.715
5.1593,-6.6072,-17.538
-70.581,2.3352,-18.47
-5.1314,-27.374,-24.312
-83.161,-0.08909,-18.389
2.7266,-19.81,-19.936
-74.758,0.72781,-17.61
-9.7757,-35.648,-21.254
0.25479,-30.588,-17.634
-89.038,-1.9263,-19.161
-16.949,-37.707,-15.878
-78.978,-0.67575,-18.112
-3.8478,-37.197,-12.718
-95.043,-3.7603,-20.979
-27.711,-36.195,-9.6332
-83.163,-1.8843,-19.427
-26.793,-33.198,-10.229
-101.36,-5.7651,-23.729
-46.853,-28.819,-13.826
-87.892,-3.2812,-21.508
-46.684,-31.961,-7.512
-107.75,-8.6605,-27.396
-59.674,-20.3,-20.921
-59.624,-26.266,-11.244
-92.434,-5.1856,-24.102
-64.794,-12.745,-30.825
-114.29,-13.786,-31.96
-66.313,-18.347,-19.302
-96.241,-8.059,-26.824
-61.845,-9.0741,-40.569
-100.89,-13.417,-29.782
-66.429,-11.153,-30.056
-89.313,-21.536,-34.451
-102.33,-16.884,-34.508
-54.62,-8.5978,-46.498
-79.031,-20.33,-35.18
-62.258,-7.9818,-40.442
-85.699,-16.932,-31.906
-47.967,-8.0637,-46.969
-50.824,-7.249,-44.687
-68.761,-18.399,-34.992
-42.804,-6.0703,-41.601
-41.566,-7.4465,-44.609
-74.45,-16.955,-32.211
-45.755,-0.33944,-32.577
-59.915,-15.984,-34.71
-41.639,-0.88777,-32.116
-42.652,-5.6193,-37.34
-64.738,-15.411,-32.398
-50.667,5.9206,-29.401
-51.874,-13.415,-34.305
-44.879,3.8462,-27.958
-56.099,-13.282,-32.279
-54.993,10.572,-28.791
-44.087,-10.833,-33.742
-50.83,7.3157,-26.034
-48.008,-10.864,-31.863
-42.653,-5.1636,-37.652
-36.158,-8.2853,-33.011
-42.633,-7.3515,-42.136
-40.006,-8.353,-31.168
-56.517,10.945,-29.533
-27.679,-5.823,-32.165
-57.088,9.8139,-25.32
-31.693,-5.9977,-30.211
-56.246,11.162,-32.824
-18.303,-3.4789,-31.323
-59.938,13.135,-28.732
-22.688,-3.9845,-29.094
-53.146,8.5108,-37.054
-7.7278,-1.3247,-30.625
-56.807,12.477,-33.092
-12.619,-2.4513,-27.969
-47.406,2.7131,-39.687
4.461,0.52945,-30.202
-51.391,7.362,-36.951
-1.134,-1.5195,-26.963
-40.378,-4.2147,-39.883
18.89,1.8784,-30.146
-44.164,-0.99864,-34.01
-44.042,-0.26911,-38.606
-48.434,2.5145,-32.887
-40.542,-3.4605,-32.707
-51.447,3.4603,-33.049
-55.601,7.4132,-30.863
12.24,-1.4607,-26.155
-56.98,6.4765,-30.279
-61.262,9.4094,-27.753
-60.033,7.0063,-26.781
-65.169,8.3511,-25.11
-36.207,-7.6922,-37.437
-36.584,-5.4806,-32.817
-32.992,-8.2248,-30.388
-33.657,-10.301,-37.817
-63.461,5.0141,-22.852
-61.409,7.2948,-27.035
-69.207,4.6562,-23.262
-29.187,-12.801,-34.251
-30.021,-8.7955,-29.975
-28.203,-14.372,-34.426
-26.358,-10.554,-26.933
-74.318,0.91887,-22.449
-66.894,2.1847,-21.372
-79.695,-1.7135,-22.726
-71.013,-0.3043,-21.73
-65.404,2.1679,-25.911
-58.568,4.2221,-24.21
-57.825,4.0487,-28.16
-70.988,-0.96569,-25.904
-64.052,0.7086,-24.29
-52.278,1.4867,-27.408
-53.397,-0.36816,-30.643
-59.804,-0.81044,-28.253
-59.758,-0.82284,-28.214
-84.816,-4.1777,-24.357
-73.608,-2.1286,-23.052
-75.196,-4.0581,-27.079
-65.3,-1.8533,-26.297
-66.304,-2.711,-27.265
-47.69,-1.2654,-30.522
-49.046,-4.7858,-34.656
-53.37,-2.5924,-30.175
-55.052,-4.1896,-32.346
-60.98,-4.3318,-31.02
-59.029,-4.2186,-29.975
-46.29,-4.5115,-34.79
-47.071,-7.0967,-39.052
-51.496,-4.1894,-32.368
-51.952,-6.5066,-36.452
-55.959,-5.5565,-33.863
-23.29,-14.949,-30.393
-25.072,-10.503,-26.598
-24.188,-16.385,-30.99
-20.372,-10.476,-23.355
-20.991,-16.351,-28.772
-17.539,-14.481,-26.954
-21.739,-11.455,-24.04
-14.862,-8.1674,-20.545
-18.499,-8.4312,-19.618
-17.816,-14.932,-27.59
-14.168,-13.466,-25.375
-19.253,-11.554,-23.605
36.72,2.1436,-30.34
28.429,-2.7627,-25.447
63.024,-0.89358,-29.888
49.72,-6.1179,-23.33
69.916,-14.266,-17.466
78.714,-12.403,-17.374
71.23,-15.087,-11.571
56.796,-17.488,-13.599
61.422,-10.654,-19.041
41.128,-8.2824,-24.153
39.159,-6.4274,-22.391
24.494,-3.2077,-28.116
63.882,-17.425,-7.6006
53.191,-19.016,-9.2701
56.221,-14.113,-13.695
40.401,-16.176,-17.279
58.43,-18.333,-5.299
49.729,-19.298,-6.4904
19.953,-4.0098,-24.935
9.6965,-1.5718,-29.732
4.9507,-2.8359,-26.675
-2.9896,-1.6702,-30.891
-7.5412,-2.6748,-28.216
-13.972,-2.7203,-32.005
54.285,-19.175,-3.8372
46.061,-19.285,-4.5127
50.994,-20.106,-3.0605
42.41,-19.433,-3.3515
48.109,-20.887,-3.0133
39.433,-19.631,-3.0415
44.929,-21.834,-3.8001
37.002,-19.839,-3.3805
40.915,-22.773,-5.3939
34.063,-20.196,-4.5645
35.726,-23.068,-7.5921
30.586,-20.553,-6.6847
29.143,-22.496,-9.81
26.297,-20.663,-9.0883
21.371,-21.021,-11.251
20.811,-20.467,-11.009
13.16,-19.033,-11.291
14.447,-20.064,-11.72
5.5198,-17.149,-9.7708
8.1322,-19.629,-10.821
-0.59915,-16.078,-7.0568
2.9204,-19.329,-8.4111
-4.6408,-16.087,-3.9386
-0.32649,-19.274,-5.1886
-6.5577,-16.7,-1.0859
-1.8347,-19.435,-2.0697
-6.6537,-17.671,1.1026
-1.8532,-19.672,0.48837
-5.4209,-18.62,2.5018
-0.93438,-19.92,2.1955
-3.4097,-19.352,3.202
0.45185,-20.099,3.1011
-1.0664,-19.847,3.4073
1.9851,-20.184,3.4343
1.3064,-20.196,3.2875
3.482,-20.216,3.4006
3.5033,-20.429,2.9475
4.8892,-20.215,3.1312
5.3656,-20.642,2.4324
6.1283,-20.191,2.7196
6.6044,-21.176,1.6245
7.1137,-20.2,2.1397
7.9085,-20.355,1.0804
51.446,-15.872,-10.128
38.861,-17.705,-12.62
46.909,-17.15,-7.8412
37.047,-18.14,-9.1806
42.719,-18.561,-6.2662
33.295,-18.581,-6.8023
39.358,-20.038,-5.3387
29.046,-19.396,-5.7444
36.336,-21.979,-5.6366
27.116,-20.276,-5.5206
32.856,-23.878,-7.2097
25.227,-21.36,-6.3562
29.131,-25.301,-9.6556
22.246,-22.624,-8.7136
25.036,-25.094,-12.697
20.201,-23.28,-12.173
20.126,-23.039,-15.254
17.341,-22.77,-15.334
14.686,-19.548,-16.178
13.271,-21.209,-17.134
9.3709,-15.749,-14.905
8.6862,-19.221,-16.7
4.8818,-12.932,-11.628
4.8119,-17.448,-13.867
1.7228,-12.497,-7.3458
2.7631,-16.503,-9.2453
0.00012956,-13.343,-3.1716
2.167,-16.608,-4.5891
-0.48828,-15.126,0.23186
2.8316,-17.267,-0.51124
-0.068973,-17.041,2.5553
3.9396,-18.229,2.3293
0.92226,-18.569,3.8554
5.0655,-19.129,3.9254
2.1789,-19.611,4.3783
6.0329,-19.775,4.5902
3.5033,-20.288,4.3866
6.7788,-20.17,4.6485
4.7901,-20.808,4.0476
7.3563,-20.421,4.3456
5.9077,-21.191,3.4107
7.9584,-20.588,3.7936
6.6052,-21.95,2.364
8.6845,-20.771,3.1171
7.0199,-23.479,0.93933
8.7877,-21.413,2.0634
9.1587,-22.672,0.50284
8.67,-26.184,0.39665
10.157,-26.8,0.86281
9.4955,-24.651,0.92582
10.132,-23.932,1.7742
8.1219,-23.499,1.7751
10.627,-21.948,2.7653
8.197,-22.288,2.9352
10.916,-21.381,3.4137
7.6826,-21.671,3.8913
10.603,-20.928,4.2603
7.1966,-21.034,4.4921
10.713,-27.34,0.57443
9.9744,-25.674,0.72426
11.012,-25.205,1.1736
9.671,-24.427,1.2166
10.948,-27.475,-0.073937
10.069,-26.059,0.24944
11.154,-27.006,-0.90855
10.104,-25.949,-0.46133
11.175,-25.831,-1.8442
10.148,-25.136,-1.3872
11.035,-23.943,-2.7437
10.15,-23.639,-2.3334
10.771,-21.421,-3.4894
10.129,-21.507,-3.1683
10.434,-18.418,-3.9914
10.091,-18.863,-3.7835
10.095,-15.127,-4.2125
10.037,-15.959,-4.1127
9.7191,-11.747,-4.1433
9.9312,-13.068,-4.1869
9.342,-8.5913,-3.7704
9.7549,-10.297,-4.0125
8.963,-5.9349,-3.1514
9.5602,-7.7197,-3.5861
9.4667,-5.1017,-2.8312
7.4418,-4.9516,-5.1411
8.0438,-4.6198,-4.8861
11.545,-25.619,0.22315
10.383,-24.791,0.78214
12.156,-25.339,-0.9329
10.689,-24.979,-0.16941
12.334,-24.483,-2.3194
10.912,-24.475,-1.5847
12.175,-23.039,-3.7268
10.972,-23.308,-3.1077
11.731,-21.048,-4.9733
10.886,-21.498,-4.5276
11.056,-18.612,-5.8852
10.69,-19.096,-5.6634
10.368,-15.886,-6.369
10.412,-16.385,-6.3351
9.7803,-12.974,-6.4612
10.072,-13.694,-6.5575
9.1504,-9.9989,-6.2068
9.5233,-11.426,-6.509
8.5916,-7.2187,-5.6755
8.8517,-9.3594,-6.249
8.2632,-7.0961,-5.7741
-12.814,-4.6383,-17.124
-13.073,-5.6555,-16.461
-12.538,-8.4202,-21.232
-15.418,-8.4968,-20.715
-10.904,-12.477,-25.634
-15.741,-10.004,-23.29
-13.284,-12.384,-26.928
-89.966,-6.2082,-26.812
-77.559,-4.0253,-25.184
-79.448,-6.4618,-29.193
-68.6,-4.4071,-27.911
-70.067,-6.1421,-32.041
-62.511,-5.1123,-30.238
-60.423,-6.4246,-34.695
-56.815,-6.0612,-33.357
-18.278,-3.2438,-29.718
-23.705,-4.3421,-33.161
-94.869,-8.9735,-29.915
-80.98,-6.2037,-27.674
-83.075,-8.4787,-31.577
-70.872,-6.4859,-30.447
10.814,-20.468,4.9431
6.7562,-20.262,4.7761
10.891,-19.852,5.307
6.2326,-19.113,4.673
10.665,-18.817,5.2177
5.6243,-17.267,3.9245
9.9603,-17.239,4.3515
5.0187,-14.637,2.1989
8.6773,-15.218,2.2835
4.5877,-11.437,-0.81437
6.8195,-13.3,-1.4883
4.5612,-8.6549,-5.1114
4.4723,-12.415,-7.0301
5.3863,-7.8333,-10.343
4.2323,-12.858,-12.943
7.2711,-9.5176,-15.381
4.2729,-15.866,-18.688
10.039,-15.11,-18.674
6.9158,-19.984,-21.365
13.327,-21.426,-19.169
9.4754,-24.207,-20.882
16.362,-26.47,-17.05
10.738,-26.836,-17.746
18.705,-28.571,-13.526
10.139,-26.804,-13.542
20.556,-27.663,-10.516
12.229,-24.549,-8.6602
24.023,-24.426,-8.3372
13.849,-21.99,-7.6491
27.087,-20.616,-7.5491
14.924,-19.719,-8.4366
29.435,-18.079,-8.5601
19.443,-17.815,-8.5299
33.583,-16.697,-10.192
-27.72,-4.5087,-31.205
-32.397,-6.3336,-34.293
-36.217,-6.3251,-32.522
-40.315,-8.5596,-35.268
-44.16,-8.5035,-33.508
-47.834,-10.901,-35.975
-51.961,-10.724,-34.073
-55.431,-13.264,-36.4
-60.068,-12.553,-34.291
-63.46,-15.562,-36.59
-69.11,-13.735,-34.112
-72.819,-17.533,-36.644
-80.146,-13.926,-33.015
-85.946,-17.732,-36.548
-88.573,-13.261,-30.887
-97.962,-12.597,-33.086
-83.921,-9.7323,-30.232
-85.587,-10.858,-33.325
-73.69,-9.3035,-32.82
-74.898,-13.936,-35.565
-65.899,-13.934,-37.208
-73.706,-11.879,-34.701
-58.43,-12.559,-37.87
-63.729,-11.623,-35.621
-51.111,-10.677,-37.865
-55.497,-10.401,-35.846
-44.065,-8.6929,-37.326
-47.955,-8.4876,-35.647
-36.836,-6.738,-36.285
-40.42,-6.461,-34.738
-28.937,-5.0378,-34.89
-32.496,-4.7928,-33.264
-20.124,-3.7659,-33.298
-23.76,-3.6799,-31.438
-10.215,-3.1254,-31.605
-13.897,-3.2675,-29.433
0.72804,-3.4012,-29.725
-2.6149,-3.6843,-27.421
13.336,-5.0467,-27.367
10.666,-4.7676,-25.133
27.139,-8.994,-23.583
26.364,-6.8706,-22.453
43.053,-10.093,-19.014
41.074,-13.245,-14.759
-66.641,-11.716,-36.237
-75.077,-10.078,-35.058
-60.365,-11.51,-38.371
-66.665,-10.5,-36.693
-64.761,-8.9101,-34.661
-72.857,-8.2056,-33.625
-63.147,-6.3941,-33.254
-63.366,-7.5483,-33.359
-53.988,-10.142,-39.375
-58.027,-10.372,-36.916
-47.181,-8.7114,-39.142
-51.386,-8.3289,-37.535
-40.819,-6.9793,-38.147
-44.227,-6.4138,-36.857
-33.843,-5.5062,-36.561
-37.009,-4.8528,-35.272
-26.071,-4.4641,-34.613
-29.094,-3.8647,-33.176
-17.256,-4.0476,-32.439
-20.149,-3.5557,-30.744
-7.3845,-4.5149,-30.041
-10.129,-3.9569,-28.106
2.827,-6.1355,-27.139
1.327,-5.3938,-25.67
14.917,-9.2422,-23.531
14.71,-6.8865,-22.688
27.109,-14.045,-18.543
38.598,-14.449,-11.943
26.591,-16.308,-14.805
24.965,-16.905,-10.144
23.05,-14.492,-15.666
26.79,-13.07,-14.257
15.567,-9.1566,-19.691
2.8739,-9.2244,-23.151
3.9369,-6.6661,-23.861
-5.6244,-6.7014,-27.415
-8.3116,-5.695,-25.447
-15.042,-5.0765,-30.597
-17.114,-4.1648,-29.04
-24.19,-4.5467,-33.33
-26.328,-3.5389,-32.148
-31.554,-4.8623,-35.964
-34.173,-3.7631,-34.897
-38.28,-5.7394,-38.198
-10.276,-3.4905,-15.151
-8.8251,-3.7923,-14.648
-12.005,-5.8031,-19.064
-10.663,-5.9239,-18.616
-11.148,-8.6994,-22.325
-7.4836,-10.692,-26.144
-10.96,-7.5429,-21.978
-2.9577,-13.401,-30.171
-4.7979,-9.1546,-24.994
-7.1188,-2.7033,-13.951
-5.2243,-2.9395,-13.335
-8.9642,-4.6576,-17.845
-7.0687,-4.5715,-17.361
-7.9944,-6.8603,-21.664
-4.4283,-9.0031,-25.097
-5.6479,-6.0295,-20.875
-3.6224,-2.3289,-12.845
-1.9994,-2.7906,-12.042
-0.35969,-2.3023,-11.599
0.86057,-3.0254,-10.637
2.4525,-2.5271,-10.199
3.3577,-3.5597,-9.0609
4.8436,-2.8986,-8.566
5.5226,-4.2673,-7.2404
6.7325,-3.4358,-6.7151
6.2699,-6.4748,-8.0546
7.5719,-5.9341,-7.5772
8.5115,-8.3513,-8.1127
4.2113,-5.6607,-10.343
6.2366,-4.837,-9.6772
8.2713,-10.94,-8.721
9.2025,-11.077,-8.4005
1.901,-4.8419,-12.443
4.3775,-4.1878,-11.79
-0.75104,-4.3718,-14.316
1.8467,-3.7906,-13.659
-3.7647,-4.1779,-15.976
-1.3487,-3.6863,-15.362
-5.0191,-3.9042,-16.741
-4.701,-6.0663,-20.366
9.8288,-11.529,-8.7355
9.8518,-13.857,-8.5334
10.559,-13.969,-8.8185
10.939,-16.346,-8.2949
11.209,-16.821,-8.3467
12.204,-18.715,-7.4614
11.794,-19.538,-7.1795
13.353,-20.793,-6.0505
12.139,-21.847,-5.3639
13.915,-22.426,-4.2597
12.204,-23.352,-3.2832
13.922,-23.553,-2.358
11.959,-24.064,-1.1767
13.22,-24.195,-0.62433
11.416,-24.131,0.62081
11.571,-24.416,0.60587
10.992,-23.517,1.8022
10.345,-23.441,1.5592
11.674,-22.996,1.9783
10.58,-22.265,3.2267
13.184,-21.563,3.2018
10.228,-21.843,4.0008
13.572,-23.404,0.18522
13.464,-22.445,1.8475
13.727,-21.044,4.4578
10.577,-21.125,4.3913
14.749,-20.432,5.0796
10.807,-20.135,4.658
15.469,-22.95,-1.8308
13.027,-23.554,-0.025671
16.252,-22.105,-4.2402
13.773,-23.494,-2.6173
15.889,-20.757,-6.7043
13.898,-22.655,-5.521
14.188,-18.911,-8.7654
13.493,-20.327,-8.288
12.049,-16.731,-10.12
12.514,-17.607,-10.195
10.017,-14.476,-10.588
11.386,-14.347,-11.126
8.3712,-12.541,-10.251
10.287,-11.269,-11.113
9.4053,-9.0928,-10.112
5.3681,-8.3592,-11.125
6.7931,-10.786,-11.181
3.4428,-7.5597,-13.733
15.56,-19.298,5.5054
10.816,-18.35,4.6026
15.863,-17.367,5.5576
10.498,-15.497,3.8807
15.397,-14.514,4.8399
9.7877,-11.552,2.071
13.862,-10.963,2.7878
8.784,-6.6866,-1.3215
11.156,-7.8053,-1.5665
7.5661,-2.2122,-5.9684
5.6757,-7.3728,-9.3582
7.2368,-2.6753,-12.299
5.0408,-8.9329,-15.073
6.9087,-6.3848,-17.765
4.6558,-1.401,-13.477
2.5142,-14.637,-22.043
10.683,2.3897,-5.678
8.1036,-15.718,-20.412
10.699,1.0743,-5.604
2.6158,-22.587,-24.323
19.548,2.5989,2.5162
19.957,0.5187,1.2883
9.0059,-25.246,-19.811
12.53,-2.2379,-0.67723
2.2471,-29.26,-22.397
14.643,-8.3999,2.6567
9.1108,-31.313,-16.285
21.447,-5.2873,4.9405
0.11323,-32.241,-17.961
21.752,-5.8527,3.3881
7.9157,-32.696,-11.632
31.15,0.089558,7.3284
-9.1003,-37.15,-8.5314
-4.0499,-31.412,-13.828
15.743,-13.595,4.0168
1.1039,-29.532,-8.1861
9.5108,-27.545,-11.475
22.289,-11.101,5.8819
0.89145,-24.573,-8.8855
22.316,-12.033,4.0823
30.789,-7.712,7.0547
13.49,-22.828,-9.1359
30.537,-11.043,3.6382
40.175,-10.323,2.0514
-10.848,-27.534,-11.143
46.558,-11.475,3.6827
45.295,-15.43,-2.7945
0.5473,-25.495,-9.5541
48.683,-15.995,-2.3481
-13.885,-30.667,-7.8371
47.8,-18.441,-8.727
-29.111,-26.679,-10.072
-28.615,-26.017,-10.723
15.895,-17.429,4.3299
-43.46,-19.522,-15.903
22.07,-15.552,5.8022
-43.254,-25.35,-9.408
15.377,-19.993,4.0596
-29.059,-19.451,-13.737
21.009,-18.586,5.2279
-25.397,-24.42,-8.3908
14.536,-21.375,3.5549
-12.347,-21.203,-12.072
19.413,-20.411,4.4705
-11.88,-23.197,-9.2244
13.602,-22.03,3.1319
17.149,-21.422,3.917
-52.491,-12.423,-23.299
13.621,-22.137,3.3581
-51.188,-18.629,-14.339
13.503,-22.984,1.7609
-37.803,-13.395,-18.507
15.717,-22.248,1.3483
-34.916,-18.599,-11.692
16.201,-22.542,-0.46476
-23.618,-15.763,-15.241
-22.483,-20.193,-10.87
-1.3698,-5.4642,-19.475
2.6272,-19.801,-10.305
-1.5728,-6.1014,-18.534
2.1474,-21.162,-9.6077
2.1328,-5.4845,-17.596
15.422,-18.742,-9.1134
1.1918,-6.7164,-16.287
-8.6007,-16.302,-13.138
-9.5073,-18.374,-11.339
6.8614,-6.1903,-12.718
3.0257,-17.309,-12.413
5.314,-10.855,-14.075
17.97,-15.168,-13.785
9.2337,-8.4805,-12.537
11.492,-14.672,-12.457
8.0133,-12.764,-12.593
2.9419,-15.489,-11.538
10.857,-11.154,-13.814
10.741,-14.893,-12.87
10.516,-11.229,-18.135
12.65,-15.417,-13.564
0.66004,-11.594,-18.871
14.27,-17.199,-11.844
1.8131,-8.3984,-22.404
0.49547,-7.6739,-23.61
-10.012,-16.205,-13.722
-4.1659,-13.051,-15.576
-1.1706,-8.3889,-23.116
-7.4552,-8.3744,-23.11
5.7958,-10.441,-27.66
1.1717,-11.499,-27.645
-7.5187,-6.4873,-27.196
6.2777,-15.337,-31.118
-3.9726,-9.4865,-20.007
-11.623,-9.7093,-20.33
16.591,-18.345,-28.895
-17.414,-5.6225,-29.373
-24.038,-5.0687,-30.726
17.623,-12.651,-28.278
-24.427,-3.6942,-30.287
-30.128,-4.7351,-34.503
36.99,-19.96,-23.469
-32.253,-3.2741,-33.571
-36.755,-5.0407,-37.438
28.689,-15.784,-26.47
-8.6757,-12.444,-16.256
21.896,-16.656,3.7708
-18.928,-12.238,-17.293
29.542,-13.657,5.8999
-21.499,-15.702,-15.639
29.065,-16.344,2.6663
-23.573,-14.766,-13.73
37.894,-12.221,5.4402
36.907,-16.172,0.56908
-41.182,-12.677,-17.214
42.162,-16.622,0.9045
39.088,-19.966,-4.744
-30.176,-10.311,-20.683
34.929,-16.956,3.1588
-54.805,-11.591,-22.406
33.599,-19.979,-1.0945
-44.48,-8.4399,-25.082
27.534,-17.721,4.4881
26.869,-19.687,1.4085
-57.208,-7.3258,-32.455
20.632,-19.784,3.0098
-32.428,-10.127,-20.108
16.899,-22.727,1.5362
-19.151,-8.4977,-23.298
17.422,-22.418,1.2806
-23.089,-8.1536,-22.634
15.398,-23.61,-0.95525
-26.738,-6.2235,-28.945
-25.369,-4.8625,-27.566
19.479,-22.293,-1.493
-28.777,-5.2683,-32.354
18.528,-21.963,-3.4793
-44.54,-8.3543,-25.006
-33.585,-6.8341,-27.08
22.223,-21.76,1.9259
-38.611,-6.7572,-27.613
-29.46,-4.7321,-27.209
18.84,-21.838,2.0343
-35.78,-5.5375,-32.436
-31.472,-3.8773,-31.179
25.097,-20.264,3.1449
-36.056,-5.009,-35.824
24.067,-21.903,0.16047
31.526,-19.884,1.2658
-41.063,-4.8015,-37.244
18.267,-23.669,-2.186
-44.059,-7.074,-39.833
20.577,-23.048,-1.0489
-38.751,-3.5715,-36.763
26.071,-23.062,-3.72
27.916,-21.339,-0.5604
-42.344,-5.8963,-39.869
16.255,-23.308,-4.5763
-38.005,-3.4053,-35.242
22.252,-21.343,-5.3981
-42.237,-5.1864,-39.059
19.485,-20.976,-6.6901
-38.052,-4.2673,-31.779
-41.49,-5.0965,-36.555
17.352,-19.282,-9.6245
-38.98,-5.2444,-32.584
16.048,-21.287,-8.8021
-48.191,-6.1456,-32.781
-44.778,-4.6565,-31.876
14.493,-18.996,-11.735
-51.975,-6.2297,-32.094
30.075,-22.129,-2.7166
-52.652,-5.1057,-41.585
38.669,-19.611,-1.6238
-58.272,-6.0988,-39.102
32.609,-21.477,-3.286
-48.466,-3.1492,-38.186
-48.571,-5.0174,-37.638
7.8831,-12.874,-15.633
-44.456,-3.1888,-36.516
13.151,-15.398,-15.224
-50.809,-6.9559,-46.185
9.1091,-8.1043,-15.764
11.468,-12.957,-17.042
-55.325,-6.5056,-43.132
1.7119,-8.995,-20.39
7.1796,-7.9674,-18.921
-47.922,-8.1702,-45.387
-47.868,-6.9025,-45.047
4.321,-7.4976,-21.637
-45.684,-7.3857,-42.164
-45.237,-7.3073,-44.538
9.3132,-9.7875,-25.47
-49.635,-4.8259,-43.108
4.3109,-11.54,-24.64
-52.538,-5.4462,-41.794
8.98,-14.821,-27.693
-47.379,-3.4433,-40.685
-45.924,-4.7673,-40.394
16.27,-19.091,-24.537
-46.881,-4.977,-40.671
-42.627,-4.0342,-38.918
18.373,-12.662,-25.31
-49.503,-7.2508,-45.182
-50.844,-6.259,-43.862
10.689,-15.394,-23.865
-48.116,-7.7236,-44.246
-47.744,-6.4746,-44.558
11.318,-10.176,-22.529
-45.889,-6.0309,-41.357
-44.251,-4.912,-39.294
-49.734,-5.9123,-42.612
-45.911,-4.2915,-41.329
7.1074,-12.248,-21.006
-48.276,-5.3283,-43.298
11.864,-12.666,-19.128
-48.14,-6.2044,-42.934
-46.552,-4.9524,-41.251
13.091,-15.577,-20.287
-49.351,-6.8687,-44.159
-47.891,-5.6016,-43.136
14.9,-16.734,-15.894
17.912,-17.966,-13.443
-46.433,-7.1514,-41.282
17.809,-13.576,-21.59
-47.356,-6.3356,-38.873
17.042,-20.554,-12.829
20.871,-20.278,-10.169
-49.131,-8.7927,-40.461
21.993,-20.901,-10.068
-48.052,-7.1699,-42.488
-48.849,-6.1822,-40.827
20.538,-23.101,-6.3411
-48.534,-7.304,-43.486
-49.184,-6.2454,-42.425
25.576,-21.503,-6.9104
28.144,-21.976,-4.4975
-49.688,-8.3538,-41.339
23.497,-18.109,-14.155
20.774,-22.371,-11.036
-53.449,-7.586,-39.961
15.896,-18.928,-20.607
19.544,-20.594,-15.726
-53.957,-9.681,-39.05
-59.428,-9.2164,-39.363
24.793,-16.185,-22.481
-59.935,-10.238,-36.962
24.173,-23.05,-7.7616
-65.694,-9.0949,-37.649
26.881,-22.502,-8.1172
-49.45,-7.9691,-41.985
-52.549,-7.2787,-41.349
26.196,-20.84,-11.903
-58.019,-8.4154,-40.066
-58.405,-8.9185,-36.722
27.232,-18.469,-17.24
24.996,-22.357,-12.905
-52.638,-8.5658,-39.707
22.378,-20.952,-18.82
-59.897,-8.2528,-38.038
25.902,-21.018,-21.828
32.07,-18.792,-20.593
-55.107,-8.1655,-36.767
-55.655,-7.4845,-37.751
37.355,-21.628,-15.055
30.173,-22.095,-14.568
-50.841,-6.5184,-36.318
30.641,-21.197,-13.816
-47.998,-7.8277,-42.25
-47.305,-7.5508,-42.448
-48.041,-6.8205,-43.751
-46.955,-6.91,-39.171
29.905,-22.396,-8.4276
31.149,-22.995,-8.2439
35.576,-22.289,-7.2331
45.579,-19.119,-6.2784
41.152,-20.126,-8.144
45.195,-20.632,-15.715
28.503,-9.3434,-18.964
14.611,-12.45,-19.46
7.2477,-8.8804,-8.595
7.8617,-7.0417,-10.216
31.235,-4.317,3.8874
40.629,-5.3962,7.452
4.0196,-10.336,-17.206
5.3578,-5.6626,-15.236
3.9928,-13.099,-15.85
6.5538,-15.892,-10.48
-11.939,-7.2206,-25.705
-17.323,-6.4275,-24.961
21.857,-23.616,-4.2844
24.609,-21.823,-2.5358
21.121,-16.41,-19.015
16.442,-16.509,-17.768
-50.501,-7.2956,-42.122
-54.534,-7.8377,-40.308
37.43,-21.413,-7.8658
36.038,-21.924,-15.113
-50.338,-8.0703,-39.8
-51.145,-7.5934,-40.121
