********************************************************************************
Probe Values Report, written on Tue Jan 12 21:14:06 2021

Source
-------

   ODB: C:/Users/alein/Desktop/lhl-1.odb
   Step: Step-1
   Frame: Increment      1: Step Time =    1.000
   Variable: U, U2

Probe values reported at nodes

  Part Instance     Node ID                   Orig. Coords                                     Def. Coords                 
                                    X               Y               Z               X               Y               Z      
-------------------------------------------------------------------------------------------------------------------------
    PART-1-2          31              0.              0.              0.    -61.6351E-33    -13.0699E-33              0.
    PART-1-2         344              0.             15.              0.    -96.0373E-33             15.              0.
    PART-1-2          67              0.             30.              0.    -73.7806E-33             30.              0.
    PART-1-2         345              0.             45.              0.    -64.9381E-33             45.              0.
    PART-1-2          68              0.             60.              0.    -53.4532E-33             60.              0.
    PART-1-2         346              0.             75.              0.    -44.7459E-33             75.              0.
    PART-1-2          69              0.             90.              0.    -35.0819E-33             90.              0.
    PART-1-2         347              0.            105.              0.    -26.4086E-33            105.              0.
    PART-1-2          70              0.            120.              0.    -17.3928E-33            120.              0.
    PART-1-2         348              0.            135.              0.    -8.73394E-33            135.              0.
    PART-1-2          71              0.            150.              0.     -2.7266E-36            150.              0.
    PART-1-2         349              0.            165.              0.     8.73454E-33            165.              0.
    PART-1-2          72              0.            180.              0.     17.1992E-33            180.              0.
    PART-1-2         350              0.            195.              0.     26.2362E-33            195.              0.
    PART-1-2          73              0.            210.              0.     35.0028E-33            210.              0.
    PART-1-2         351              0.            225.              0.     44.9846E-33            225.              0.
    PART-1-2          74              0.            240.              0.     53.6769E-33            240.              0.
    PART-1-2         352              0.            255.              0.     65.1707E-33            255.              0.
    PART-1-2          75              0.            270.              0.     73.7678E-33            270.              0.
    PART-1-2         353              0.            285.              0.     95.9031E-33            285.              0.
    PART-1-2          66              0.            300.              0.     61.5344E-33            300.              0.


  Part Instance     Node ID  Attached elements           U, U2
---------------------------------------------------------------
    PART-1-2          31               2    -13.0699E-33
    PART-1-2         344               2    -16.3779E-33
    PART-1-2         344             641    -16.3779E-33
    PART-1-2          67             486    -8.72355E-33
    PART-1-2          67             641    -8.72355E-33
    PART-1-2         345               3    -5.91277E-33
    PART-1-2         345             486    -5.91277E-33
    PART-1-2          68               3    -3.51269E-33
    PART-1-2          68             487    -3.51269E-33
    PART-1-2         346               4    -2.12145E-33
    PART-1-2         346             487    -2.12145E-33
    PART-1-2          69               4     -1.0139E-33
    PART-1-2          69             293     -1.0139E-33
    PART-1-2         347               5    -243.042E-36
    PART-1-2         347             293    -243.042E-36
    PART-1-2          70               5     250.902E-36
    PART-1-2          70             649     250.902E-36
    PART-1-2         348             292     531.355E-36
    PART-1-2         348             649     531.355E-36
    PART-1-2          71             292     686.062E-36
    PART-1-2          71             647     686.062E-36
    PART-1-2         349             291     504.295E-36
    PART-1-2         349             647     504.295E-36
    PART-1-2          72             291     267.933E-36
    PART-1-2          72             645     267.933E-36
    PART-1-2         350             290    -303.799E-36
    PART-1-2         350             645    -303.799E-36
    PART-1-2          73             290    -955.537E-36
    PART-1-2          73             644    -955.537E-36
    PART-1-2         351             289    -2.20587E-33
    PART-1-2         351             644    -2.20587E-33
    PART-1-2          74             289    -3.60631E-33
    PART-1-2          74             643    -3.60631E-33
    PART-1-2         352             288    -5.92445E-33
    PART-1-2         352             643    -5.92445E-33
    PART-1-2          75             288    -8.89381E-33
    PART-1-2          75             492    -8.89381E-33
    PART-1-2         353             471    -16.2946E-33
    PART-1-2         353             492    -16.2946E-33
    PART-1-2          66             471    -13.0809E-33


