        1       -1.23676E+03         7.92593                -337.643
        2       -2.03075E+03          15.518                -278.115
        3       -3.13829E+03        -23.3317                -113.412
        4       -3.39825E+03        -3.63091                 4.80428
        5       -3.26548E+03         8.55482                 69.6218
        6       -3.09575E+03        -4.59785                 71.8596
        7        -2.7693E+03        -5.43684                 61.8304
        8       -2.53651E+03        -5.61303                 36.5119
        9       -2.46997E+03        -8.48357                 22.3395
       10       -2.43038E+03        -8.39047                -3.60163
       11       -2.48859E+03        -9.26295                -23.8201
       12         -2.546E+03        -1.10387                 -33.018
       13       -2.73022E+03         3.53569                -60.5295
       14       -2.95602E+03     777.414E-03                -56.8249
       15       -3.18925E+03         2.24987                -56.4151
       16       -3.31362E+03        -4.42438                -57.4276
       17       -3.56152E+03        -1.92508                 -56.579
       18       -3.80351E+03     845.774E-03                -61.2179
       19       -3.92763E+03         1.06911                -59.2348
       20       -4.17569E+03         3.82767                -53.7305
       21       -4.39863E+03     556.677E-03                -49.5454
       22       -4.49879E+03         2.52024                 -46.165
       23       -4.69823E+03        -18.9228                -81.9917
       24        -4.9998E+03         8.90758                 -80.906
       25       -5.29349E+03         4.57038                -55.6071
       26       -5.41738E+03    -260.135E-03                -49.9336
       27       -5.64079E+03        -4.94815                -44.9314
       28       -5.87829E+03        -28.1337                -64.6894
       29        -6.0496E+03         24.0744                -70.2606
       30            12.9364         7.29232                -3.88685
       31       -7.19984E+03        -737.335                -777.428
       32            112.384    -6.08834E+03                -672.916
       33           -18.5678    -2.18732E+03                -405.984
       34             28.797        -587.433                -87.3459
       35        6.66727E+03     -16.007E+03            -4.49052E+03
       36            111.063         424.166                -231.448
       37            676.371     1.74819E+03            -1.06712E+03
       38        1.67422E+03     2.19581E+03            -1.87157E+03
       39        2.91105E+03     1.80004E+03            -2.18478E+03
       40        3.69185E+03         959.263            -1.95874E+03
       41         3.8857E+03         822.371                -499.607
       42            55.0145         14.0635                -25.8886
       43        6.01751E+03        -24.9098                -73.5378
       44        5.83868E+03         26.7717                -72.1813
       45        5.58738E+03         7.65344                -50.6937
       46        5.37501E+03        -1.81284                -56.1091
       47        5.25017E+03     696.231E-03                -56.9785
       48        4.97995E+03         -7.3091                -71.5408
       49        4.74536E+03         10.1928                -51.3143
       50        4.63048E+03        -6.84381                -51.6158
       51        4.36418E+03         5.18527                 -67.261
       52        4.13954E+03    -514.874E-03                -46.6574
       53        4.01416E+03        -6.88479                -55.4518
       54        3.74173E+03         6.39118                -68.0558
       55        3.52533E+03     54.7428E-03                -46.9378
       56        3.39992E+03        -7.27519                -58.1537
       57        3.11235E+03          7.3434                -73.2012
       58        2.86995E+03     278.103E-03                -51.1577
       59        2.72761E+03         -9.1001                -62.5384
       60         2.3829E+03        -7.62316                -99.8114
       61        2.01869E+03     213.877E-03                -94.1616
       62        1.80629E+03        -11.3638                -106.883
       63        1.27323E+03        -15.2498                -158.028
       64            624.885         7.90472                -137.126
       65            340.027         19.1392                -91.9141
       66        7.17134E+03         726.934                -773.459
       67       -5.14267E+03    -1.12091E+03                -656.029
       68       -3.65155E+03        -908.502                -318.986
       69       -2.37239E+03        -621.663                -146.471
       70       -1.16796E+03         -313.26                  -59.89
       71            5.18135         1.39442                -33.3907
       72         1.1667E+03         316.546                -62.1762
       73         2.3631E+03         625.182                -141.824
       74        3.65639E+03          902.81                -319.948
       75        5.12833E+03     1.10994E+03                -651.486
       76           -870.884        -232.499            -1.17511E+03
       77       -1.51934E+03         234.076                -879.279
       78       -1.79977E+03         270.877                -460.622
       79       -1.96104E+03         192.386                -107.473
       80       -2.03264E+03         82.7934                   111.9
       81       -2.06153E+03         10.0248                 180.801
       82       -1.97508E+03        -30.7869                 166.686
       83       -1.89952E+03        -50.4011                 49.0098
       84       -1.96531E+03        -34.6649                 -68.583
       85       -2.00159E+03        -34.7154                -136.701
       86       -2.15883E+03        -33.6454                -168.448
       87       -2.24933E+03        -14.3459                -194.844
       88       -2.47998E+03        -1.76948                -199.657
       89       -2.70525E+03        -5.49791                -200.447
       90       -2.79688E+03        -1.07109                -225.196
       91       -3.13284E+03    -967.793E-03                -219.775
       92         -3.408E+03         8.42043                 -203.36
       93       -3.64128E+03        -1.43213                -223.338
       94       -3.41673E+03    -921.273E-03                -269.294
       95       -3.80795E+03         2.56716                -232.035
       96       -4.23165E+03         10.6943                -203.426
       97       -4.51234E+03         6.49828                -184.725
       98       -4.76155E+03        -5.57893                -183.106
       99       -5.25262E+03        -252.864                -419.879
      100           -399.403         88.1322            -1.54905E+03
      101            500.136         801.017                -984.092
      102            74.4713         690.419                -759.226
      103           -355.163         471.975                -271.369
      104           -648.842         244.487                 11.7676
      105           -826.853         40.5144                 132.231
      106           -902.042        -71.7346                 121.327
      107       -1.02882E+03        -129.029                 35.9003
      108       -1.07901E+03        -139.393            -677.165E-03
      109       -1.22074E+03        -114.935                -114.057
      110       -1.32709E+03        -92.5642                -196.582
      111       -1.29216E+03        -81.6583                 -275.49
      112       -1.47711E+03        -48.6689                -311.254
      113        -1.4058E+03        -35.6854                -372.033
      114       -1.92379E+03        -8.26901                -326.461
      115       -1.88189E+03        -10.8746                -345.318
      116       -1.73535E+03        -6.19037                 -385.91
      117       -2.11739E+03        -3.75384                -373.343
      118       -2.60407E+03        -3.42543                -341.919
      119       -2.42155E+03         2.75343                -366.117
      120       -2.50128E+03         5.15741                -366.866
      121       -2.61268E+03        -2.60384                -360.654
      122       -2.34954E+03         7.37738                -400.117
      123        -2.8145E+03         10.4775                -370.793
      124       -3.15563E+03         8.08037                -344.795
      125       -3.42375E+03        -16.3286                -341.979
      126       -3.65449E+03        -115.771                -379.042
      127       -3.74382E+03        -468.458                -420.459
      128         3.3314E+03         682.139            -1.41447E+03
      129        2.39593E+03     1.07403E+03             -1.2992E+03
      130        1.03873E+03         724.712                -661.359
      131            915.499         584.062                -408.268
      132            497.025         142.181                -208.218
      133            80.5531        -102.524                -102.717
      134           -79.3981        -210.747                -175.921
      135           -591.535        -224.353                 -159.64
      136           -526.371        -179.584                -294.804
      137           -730.913        -161.541                 -284.84
      138           -905.961        -102.498                -356.215
      139           -693.177        -91.8649                -416.211
      140       -1.04139E+03        -44.8719                -420.813
      141       -1.23855E+03        -17.1164                -419.224
      142           -745.437        -11.5478                 -468.91
      143       -1.21379E+03        -5.65793                -446.104
      144       -1.20815E+03         1.22323                -460.454
      145       -1.23231E+03     321.535E-03                -454.713
      146       -1.71278E+03        -2.17944                -417.802
      147       -1.56337E+03     842.563E-03                -447.598
      148       -1.43156E+03         9.75213                -459.476
      149       -1.72878E+03    -740.971E-03                -440.194
      150       -1.51328E+03        -2.69117                 -463.47
      151       -1.44222E+03          14.774                -470.479
      152       -1.78337E+03         2.18421                -462.607
      153       -2.09631E+03        -13.1466                -446.343
      154       -2.31774E+03        -93.1617                -440.542
      155       -1.78236E+03        -314.352                 -277.12
      156        2.63091E+03     1.65834E+03            -1.82502E+03
      157        1.33117E+03         649.351                 -667.06
      158        1.03375E+03         212.326                 -513.76
      159            961.599         9.53249                -526.052
      160            466.408        -234.912                -403.848
      161            188.393        -258.187                -404.191
      162            121.177        -229.028                -460.092
      163            -77.729        -198.095                -439.395
      164           -170.783        -133.453                -458.684
      165           -87.8217        -95.1494                -494.964
      166           -227.376        -46.1616                -491.103
      167           -324.723         -31.003                -488.504
      168           -281.373        -16.4573                 -497.53
      169           -309.414        -8.17513                -493.755
      170           -518.757        -3.96596                -484.884
      171           -333.338         5.74683                -495.874
      172           -373.485        -5.14015                -498.342
      173           -522.003        -3.30269                -488.969
      174           -414.987         9.23693                -497.759
      175           -610.624        -2.87087                -487.263
      176           -644.924         1.15487                -488.824
      177           -202.317     343.839E-03                -521.806
      178           -733.435        -14.9435                -491.775
      179       -1.13349E+03        -63.6724                -441.699
      180           -581.194        -108.337                -230.205
      181        1.69418E+03     1.42847E+03            -1.36445E+03
      182        1.36537E+03         583.858                 -920.39
      183         1.1248E+03         73.5564                -745.416
      184            892.346        -206.115                -652.048
      185            697.597        -256.769                -605.223
      186            378.263        -216.957                -524.861
      187            446.222        -185.014                -537.507
      188            286.954        -153.221                -519.981
      189            355.197        -97.5747                -511.081
      190            398.516        -71.2647                 -500.46
      191            338.468        -32.4195                -498.662
      192            30.0562        -19.3774                -502.945
      193            254.076        -10.0994                -499.804
      194            138.329        -4.70728                -496.099
      195             156.64     96.7018E-03                 -500.02
      196            89.0277         -1.2746                -496.892
      197            618.714        -1.76281                 -486.65
      198            440.489         9.38339                 -490.74
      199            531.234        -7.10183                 -500.55
      200            360.179        -5.50446                -512.643
      201            457.264        -3.16872                 -500.41
      202            599.446         1.62772                -511.233
      203            780.473          31.416                -482.541
      204              562.5          72.001                -389.668
      205            600.425         112.597                -228.834
      206            888.665         924.926                -956.036
      207        1.07162E+03         118.932                -858.557
      208            973.782        -174.068                -744.198
      209            908.841        -218.857                -680.471
      210            791.253        -212.579                -597.361
      211            813.387        -166.829                -568.916
      212            793.536        -129.431                -535.267
      213            886.769        -79.0286                -501.522
      214            829.262        -57.0078                -487.212
      215            845.582        -24.9586                -476.817
      216             788.54        -16.8969                -476.977
      217            824.611         -11.698                -472.295
      218        1.16131E+03        -3.47206                -458.726
      219        1.13147E+03     589.394E-03                -462.085
      220        1.22378E+03         1.95964                 -464.62
      221        1.50421E+03         3.72874                -443.879
      222        1.30863E+03         2.84208                -456.201
      223        1.61663E+03        -6.32338                -449.438
      224        1.37144E+03         1.29918                -463.811
      225        1.27608E+03        -9.11937                 -475.43
      226        1.77787E+03         19.6133                -459.504
      227        1.65901E+03         110.953                -424.076
      228        1.78229E+03         322.116                -275.453
      229            389.937         837.945                -593.381
      230            851.278         176.787                -799.518
      231            969.592        -41.1813                -738.208
      232        1.10293E+03         -118.04                -642.689
      233        1.23837E+03         -111.41                -530.407
      234        1.38732E+03        -71.2622                -455.029
      235        1.57365E+03        -44.7675                 -407.93
      236        1.58524E+03         -30.756                -403.524
      237        1.70636E+03        -16.0028                -383.484
      238        1.74324E+03        -11.4391                -384.813
      239        2.04343E+03        -3.74344                 -348.71
      240        2.25053E+03        -1.33778                -341.172
      241        2.23733E+03         4.63279                -356.871
      242        2.43282E+03        -3.18842                -347.791
      243        2.55805E+03         6.64829                -345.061
      244        2.75366E+03         5.86283                -328.419
      245        3.06728E+03        -7.34072                -313.784
      246        2.75531E+03        -5.18014                -365.804
      247        2.86317E+03        -7.70394                -365.364
      248        2.72981E+03         26.7065                -405.248
      249        3.25269E+03         129.811                -395.331
      250        3.63908E+03         477.569                -417.559
      251            420.088         114.022                -365.823
      252            765.687         25.7525                -460.956
      253        1.10198E+03        -47.1307                -518.259
      254        1.38394E+03        -60.8159                -417.552
      255        1.67081E+03        -40.3604                -350.965
      256        1.78067E+03        -34.5122                -334.946
      257        2.18833E+03        -23.7734                -237.301
      258         2.4331E+03        -9.20647                -206.081
      259        2.30195E+03    -137.761E-03                -260.076
      260        2.70348E+03        -3.51006                -207.598
      261        2.94855E+03        -5.80142                -200.911
      262        2.84766E+03        -2.17584                -232.333
      263        3.21831E+03        -8.88948                -199.702
      264        3.51567E+03          7.3212                -188.636
      265        3.30489E+03         1.85086                -236.889
      266        3.78448E+03        -11.6361                -201.523
      267        3.89839E+03         9.44299                -205.301
      268        3.71715E+03        -9.53978                 -244.84
      269        4.21554E+03        -4.07827                -193.458
      270        4.37108E+03        -6.20012                -191.666
      271        4.71758E+03         39.8944                 -226.95
      272        5.18013E+03         248.696                -419.453
      273           -378.912         -65.365                -264.719
      274       -2.70347E+03         73.7311                -210.819
      275       -3.34283E+03         68.1065                -57.3915
      276       -3.36879E+03         26.4896                 21.7016
      277       -2.92563E+03     950.069E-03                 70.0912
      278       -2.63725E+03        -5.62389                 51.2801
      279       -2.43539E+03        -3.38507                 8.65999
      280        -2.4488E+03     343.506E-03                -12.6375
      281       -2.62352E+03        -15.2583                  -55.72
      282       -2.84628E+03    -457.682E-03                -55.9988
      283        -3.0694E+03        -1.56851                -56.7811
      284       -3.43982E+03         3.77752                -59.3489
      285        -3.6804E+03         -1.6628                -60.7372
      286       -4.05277E+03     4.42791E-03                -57.8168
      287       -4.29043E+03    -192.446E-03                -49.7179
      288         -4.594E+03        -11.7209                -53.9618
      289       -4.83601E+03         4.88766                -92.8298
      290       -5.15542E+03         4.56916                -66.0518
      291       -5.53159E+03         4.49866                -45.1722
      292       -5.74766E+03         8.20542                -41.5396
      293       -6.67123E+03        -289.687                 -412.81
      294           -536.228     -13.296E+03             -4.4923E+03
      295       -2.67104E+03    -8.80247E+03            -2.20068E+03
      296            273.168    -6.85252E+03                -401.292
      297            83.2114    -4.83096E+03                -781.218
      298           -456.829    -3.51887E+03                -527.338
      299            232.728     -2.7251E+03                -181.778
      300           -46.7228     -1.4689E+03                -341.165
      301            -105.23        -898.538                -194.203
      302            27.1889        -377.686                -142.848
      303            19.5626        -137.089                -133.404
      304           -160.555        -17.6594                  -31.22
      305            5.18876         40.8306                -43.5478
      306            44.0554         113.907                -62.2616
      307            76.4336         226.783                -138.799
      308            173.308         670.495                 -345.74
      309            265.159         949.573                -486.462
      310            363.631     1.23348E+03                -661.763
      311            527.473     1.51266E+03                -842.541
      312            914.478     1.96168E+03            -1.25911E+03
      313         1.1224E+03     2.08783E+03            -1.49604E+03
      314        1.42001E+03     2.19811E+03            -1.66358E+03
      315        2.00901E+03     2.20775E+03            -1.97077E+03
      316        2.31063E+03     2.07382E+03            -2.12549E+03
      317        2.59883E+03     2.04156E+03            -2.14506E+03
      318        3.18204E+03     1.71598E+03             -2.1407E+03
      319         3.4067E+03     1.39225E+03            -2.15409E+03
      320        3.62968E+03     1.38835E+03            -1.97976E+03
      321        3.85289E+03     1.05071E+03            -1.62515E+03
      322         3.7588E+03         505.874            -1.62172E+03
      323        3.83889E+03          799.01            -1.16043E+03
      324        3.58432E+03         64.1873            -1.24367E+03
      325        4.17212E+03        -602.501                -758.958
      326        4.93104E+03     2.23717E+03                 480.339
      327        6.64443E+03    -2.96983E+03                -172.721
      328         6.6418E+03         284.431                 -410.99
      329        5.69706E+03        -7.96676                 -50.852
      330        5.48561E+03        -5.25105                -48.9538
      331        5.11909E+03        -3.11946                -60.6524
      332        4.85302E+03         8.60332                -69.0642
      333        4.49412E+03        -7.05303                -66.7424
      334        4.25225E+03         8.87915                -53.8063
      335        3.87028E+03        -5.40954                -69.6851
      336        3.63391E+03          6.7308                -53.7216
      337        3.24929E+03        -7.84897                 -74.953
      338        2.99364E+03         8.72449                -59.0975
      339        2.55537E+03        -9.07532                -83.9655
      340        2.20978E+03         5.06186                -98.9254
      341        1.55105E+03        -12.2927                -131.859
      342            964.612         12.7297                -158.104
      343            92.7159         13.9637                -66.8414
      344       -6.36694E+03        -959.766                 -808.61
      345       -4.36412E+03    -1.02245E+03                -437.725
      346       -3.00024E+03        -765.886                -211.997
      347       -1.76516E+03        -468.093                -90.6672
      348           -580.712        -157.399                -37.6163
      349            588.948         158.949                -38.4138
      350        1.75284E+03         471.251                -89.8885
      351        3.00448E+03         766.899                 -208.12
      352        4.35962E+03      1.0184E+03                -440.865
      353        6.34217E+03         944.443                 -801.74
      354           -168.981    -3.78798E+03            -1.04232E+03
      355           -79.2385    -1.75821E+03                -578.305
      356           -46.5871    -2.48041E+03                 -770.82
      357            -47.486    -1.42684E+03                -487.173
      358           -129.291    -1.03592E+03                -414.294
      359           -133.226        -589.301                 -312.04
      360           -84.8992    -6.12697E+03            -2.11263E+03
      361           -453.135    -3.32698E+03                -883.935
      362            6.91044        -286.706                -250.057
      363           -16.1236        -153.254                -186.785
      364        3.16504E+03     1.26613E+03            -1.76315E+03
      365        2.74846E+03        -443.257                -633.903
      366         2.2061E+03     1.82488E+03             -1.8385E+03
      367        1.22444E+03     1.81665E+03            -1.40083E+03
      368            210.428         410.243                -342.556
      369        3.27356E+03         743.897            -1.16463E+03
      370        2.84974E+03     1.47849E+03            -1.84212E+03
      371            54.8648         36.6174                -74.7895
      372        2.41993E+03     1.73854E+03            -1.86456E+03
      373            820.574     1.51059E+03             -1.0642E+03
      374        3.33415E+03         968.711            -1.54668E+03
      375        1.01299E+03     1.69091E+03            -1.23118E+03
      376             114.36         129.927                -130.238
      377             295.67         610.625                -462.919
      378            654.099     1.30527E+03                -895.085
      379        1.95726E+03     1.92391E+03            -1.77739E+03
      380            513.182     1.07133E+03                -739.463
      381            155.021         246.641                -235.473
      382         3.1457E+03         826.529                -567.084
      383         3.3025E+03     1.03532E+03            -1.67351E+03
      384        3.03579E+03     1.34952E+03             -1.8402E+03
      385        3.20192E+03         288.297            -1.06486E+03
      386        1.70148E+03     1.73986E+03                -144.802
      387       -2.60686E+03    -6.98774E+03            -2.43476E+03
      388           -698.821        -532.674            -2.17896E+03
      389           -148.544    -2.50091E+03            -1.24235E+03
      390           -403.121    -2.43908E+03            -1.46788E+03
      391           -613.354    -1.83894E+03             -1.8886E+03
      392           -243.366    -2.10314E+03            -1.40289E+03
      393           -157.484        -889.064                -699.978
      394        2.02617E+03     1.22894E+03            -1.33495E+03
      395        1.84362E+03     1.41492E+03            -1.40403E+03
      396        2.32426E+03         705.974            -1.12633E+03
      397            514.664         475.496                -648.049
      398        1.77212E+03         706.986                -771.895
      399            182.945         56.8675                -168.124
      400        1.97754E+03     1.38704E+03            -1.36926E+03
      401        1.18861E+03       1.207E+03            -1.14768E+03
      402            271.446         145.887                -265.734
      403        1.35598E+03     1.31582E+03            -1.23205E+03
      404        1.38051E+03         275.887                -625.405
      405            417.696         348.911                -527.443
      406        2.30948E+03     1.18658E+03            -1.32166E+03
      407             278.95     1.75897E+03                -710.238
      408           -184.733        -224.467                -171.518
      409        2.48061E+03          876.25            -1.13598E+03
      410            630.203          616.75                -756.359
      411        1.45752E+03     1.90572E+03            -1.54876E+03
      412            -440.18    -1.38208E+03            -1.79465E+03
      413            -483.09        -251.614            -1.72254E+03
      414           -242.394    -1.43481E+03            -1.24851E+03
      415           -857.851        -42.2144            -1.45971E+03
      416           -255.679        -424.407                 -458.55
      417        1.96875E+03     1.15424E+03            -1.17046E+03
      418        1.60116E+03     1.01458E+03            -1.10303E+03
      419         2.2525E+03         705.549                -819.703
      420        2.20151E+03     1.15106E+03            -1.27342E+03
      421        2.39305E+03     1.08462E+03            -1.34821E+03
      422        2.44094E+03          922.03            -1.23737E+03
      423           -415.473         51.4859            -1.36906E+03
      424            511.562         794.704                -806.931
      425             511.64         174.889                -509.853
      426            753.037         770.037                -857.124
      427        1.39235E+03         906.391             -1.0761E+03
      428         1.1578E+03         722.821            -1.00478E+03
      429           -738.117        -210.145             -1.3035E+03
      430           -801.958         9.84082            -1.51125E+03
      431        1.31093E+03         819.788                -872.752
      432            895.849         707.147                -929.605
      433        1.52616E+03         887.973                -749.466
      434           -714.241         -230.83                -876.873
      435        1.51893E+03     1.38701E+03            -1.31426E+03
      436        1.68619E+03     1.01908E+03            -1.07799E+03
      437        1.43819E+03         856.771                -808.024
      438        1.56239E+03         814.044            -1.04925E+03
      439        1.28841E+03         518.012                -931.388
      440        1.62356E+03         979.042                -955.688
      441            811.627         410.122                -835.984
      442        1.51007E+03         972.239            -1.09392E+03
      443        1.11735E+03         367.929                -920.007
      444            678.997         102.694                -580.847
      445        1.65843E+03         909.062            -1.04618E+03
      446           -298.303         731.119            -1.14461E+03
      447           -772.706        -165.113             -1.3842E+03
      448           -644.828         202.359            -1.45922E+03
      449        1.57048E+03         825.021                -899.323
      450        1.18926E+03         880.326                -919.771
      451           -518.944        -17.5722                -597.326
      452        1.64837E+03         939.015                -942.884
      453         1.4662E+03         675.784                -870.028
      454        1.61691E+03         949.138                 -872.04
      455        1.17871E+03         769.535                -613.953
      456            214.747         789.229                -972.111
      457            704.958         324.022                -750.903
      458        1.64771E+03         964.286            -1.01298E+03
      459         1.2109E+03         443.722                -930.087
      460            925.118          508.37                -903.381
      461        1.24043E+03         286.715                -812.625
      462       -1.15901E+03         5.74299                -724.453
      463           -517.246           570.1            -1.28285E+03
      464          1.029E+03         293.813                -901.309
      465        1.13906E+03         589.125                -567.778
      466        1.14086E+03          173.03                -857.643
      467        1.23439E+03          432.67                -608.313
      468        1.64194E+03         954.367                -947.122
      469            903.718         870.168                -884.838
      470       -1.23708E+03         193.409            -1.02762E+03
      471        1.27059E+03         334.352                -776.092
      472            942.555         229.975                -862.247
      473            604.009         245.461                -644.136
      474             874.96         805.774                -687.291
      475            640.148         810.266                -725.697
      476           -996.001         425.421            -1.24155E+03
      477            910.859         582.802                -495.661
      478        1.26618E+03          417.52                -668.523
      479        1.09833E+03          28.897                -784.069
      480        1.19093E+03         230.937                -844.319
      481            261.401         777.428                -806.344
      482             -382.6         734.037            -1.05253E+03
      483           -911.143         30.5959            -1.23844E+03
      484        1.13105E+03         151.834                -644.253
      485       -1.18149E+03         375.946            -1.01287E+03
      486           -660.059         612.787                -887.281
      487        1.02573E+03         670.913                -574.498
      488           -430.052         625.874                -725.756
      489         1.1004E+03         177.965                -578.603
      490            503.166         708.906                -403.206
      491        1.07042E+03          -11.41                -801.804
      492            632.884         621.607                -282.902
      493        1.41948E+03         639.618                -901.583
      494            -984.56         490.937                -471.875
      495        -1.1631E+03         441.035                -829.816
      496       -1.73594E+03         219.939                -666.441
      497            215.655         379.514                -179.201
      498        540.535E-03         692.458                 -550.63
      499       -1.81055E+03         103.642                -543.569
      500            991.254        -104.675                -721.728
      501        1.00797E+03         70.5908                -848.458
      502             578.35         67.1463                -421.479
      503       -5.24194E+03        -771.694                -605.547
      504       -3.69647E+03        -752.567                -366.373
      505        5.20815E+03         760.396                -598.284
      506        3.67463E+03         754.742                -367.218
      507        2.37306E+03         549.795                -200.136
      508        1.18215E+03         286.264                -131.305
      509            7.35799          1.0707                -100.967
      510       -1.17168E+03        -280.743                -126.509
      511       -2.38914E+03        -544.597                -210.167
      512        -4.4091E+03        -806.934                -468.762
      513       -3.02477E+03        -660.269                -276.736
      514       -1.77158E+03        -416.832                -159.508
      515           -580.012        -141.059                 -106.99
      516            596.221         143.648                -108.234
      517        1.76083E+03         424.805                -158.506
      518        3.01453E+03          663.38                -271.408
      519        4.37841E+03         801.697                -466.313
      520        6.16073E+03         495.556                -548.379
      521        1.70804E+03         997.374            -1.02873E+03
      522            889.467         37.7998                -456.099
      523            760.814         137.281                -705.581
      524            241.646         49.5804                -194.842
      525        1.04611E+03         482.201                -474.726
      526             996.26        -6.95419                -590.295
      527            876.034         240.753                -377.289
      528            424.716         594.729                -346.806
      529       -5.61173E+03        -32.7398                -116.642
      530       -5.47287E+03        -6.40772                 -97.884
      531       -5.23416E+03         2.00619                -91.2405
      532       -4.99036E+03         4.94374                -103.247
      533       -4.84864E+03         8.16354                -113.804
      534       -4.49018E+03         3.62134                -137.207
      535       -4.26076E+03        -9.93398                -130.193
      536       -4.12936E+03         1.57466                -101.931
      537       -4.03076E+03         2.00684                -102.691
      538       -3.79126E+03     366.052E-03                -110.828
      539       -3.53494E+03         1.44119                -115.916
      540       -3.42278E+03         -1.0958                -118.146
      541       -3.21373E+03     657.804E-03                 -113.93
      542       -2.99587E+03    -951.391E-03                -106.583
      543       -2.86703E+03    -343.595E-03                 -109.57
      544       -2.65042E+03        -4.19023                -103.223
      545       -2.37747E+03        -22.0394                -107.525
      546       -2.32905E+03        -13.2506                 -51.997
      547        -2.2918E+03        -11.0652                -30.4072
      548       -2.26537E+03        -17.4497                  11.414
      549       -2.33258E+03        -19.5687                 61.5129
      550       -2.40644E+03        -14.8349                 87.3738
      551       -2.62421E+03        -2.26365                 119.674
      552       -2.84593E+03          18.726                 106.978
      553       -2.93857E+03          41.714                 78.2797
      554       -2.60006E+03         113.749                -112.601
      555       -2.38982E+03         82.7861                -363.601
      556       -2.63549E+03         82.5221                -260.356
      557       -2.88164E+03         40.4425                -13.9322
      558       -2.74615E+03        -4.14904                 122.487
      559       -2.50678E+03        -14.5875                 107.328
      560       -2.28588E+03        -17.2112                 36.8439
      561       -2.26877E+03        -14.3307                -10.8157
      562       -2.36521E+03         -14.083                -70.2088
      563       -2.55773E+03     688.792E-03                -93.6157
      564       -2.74586E+03        -4.03555                -112.265
      565       -3.11045E+03        -3.95222                -109.114
      566       -3.31634E+03     416.173E-03                -118.243
      567       -3.65978E+03     62.8228E-03                -113.784
      568       -3.91705E+03         5.39694                -106.162
      569       -4.21533E+03         3.37779                -110.518
      570       -4.16832E+03        -11.6685                -164.366
      571       -4.68874E+03         9.19729                -127.149
      572       -5.11627E+03         3.68516                 -95.037
      573       -5.34827E+03    -901.332E-03                -87.5722
      574       -5.85132E+03        -51.3759                -209.347
      575        5.80615E+03          49.246                -212.418
      576        5.55027E+03         31.8497                -127.185
      577         5.2147E+03         4.84434                -107.094
      578         5.0155E+03        -2.46138                -102.046
      579        4.94212E+03     581.906E-03                -99.8545
      580        4.65882E+03        -5.86706                -116.529
      581        4.45799E+03         7.64629                -114.794
      582        4.40969E+03        -5.77423                -99.0481
      583        3.95006E+03         1.32982                -140.726
      584        3.93286E+03     26.0282E-03                -99.3011
      585        3.81693E+03        -7.74523                -99.7013
      586        3.37996E+03         2.89317                -140.925
      587        3.34308E+03        -3.02594                -102.053
      588         3.2299E+03        -9.13737                -104.985
      589        2.79497E+03         2.52444                 -153.77
      590        2.72643E+03        -2.77628                -106.067
      591        2.60298E+03         -12.241                -113.385
      592        2.16169E+03        -16.1651                -198.462
      593        1.90129E+03        -12.0001                -187.777
      594        1.71356E+03        -17.3034                -200.758
      595        1.22553E+03        -27.3138                -313.916
      596            680.539          15.154                -254.427
      597            426.805         35.0912                -209.876
      598        5.37927E+03         8.11571                -113.569
      599        5.09095E+03        -1.41111                 -107.71
      600        4.83037E+03        -4.89348                -104.257
      601        4.36605E+03         2.60371                -143.718
      602        4.25161E+03         -9.3912                -108.796
      603        3.98901E+03         5.89544                -114.255
      604        3.64666E+03        -6.11684                -112.098
      605        3.40929E+03         6.47246                -111.818
      606        3.06066E+03        -7.23339                -121.689
      607        2.79916E+03         5.05202                -121.223
      608         2.4294E+03        -12.2568                -137.729
      609        2.05784E+03        -3.83878                -183.518
      610        1.48655E+03        -25.9646                -238.782
      611            951.343     317.139E-03                -281.778
      612       -1.13751E+03         464.526                -636.379
      613       -1.68365E+03         247.723                -288.489
      614             884.66         40.7254                -732.303
      615            22.6583         513.225                -276.407
      616            13.5209         421.476                -208.393
      617            416.742         414.177                -146.423
      618            995.397        -143.445                -730.572
      619            658.779         105.771                 -295.71
      620           -670.518         419.365                  -358.5
      621       -2.40872E+03        -396.438                 -318.13
      622       -1.17572E+03        -216.098                -247.343
      623            6.36898         2.80027                -222.991
      624        1.20554E+03         221.089                -254.135
      625        2.37905E+03         411.564                -300.316
      626            861.513        -149.842                -603.514
      627            947.722        -18.9524                  -491.6
      628       -1.43743E+03         221.976                -166.704
      629        1.02351E+03        -64.1598                -799.703
      630       -2.75787E+03        -4.79393                -211.251
      631       -4.63439E+03         1.23245                -179.498
      632       -2.02441E+03        -15.8464                  185.35
      633       -3.47887E+03        -4.09603                -271.062
      634       -2.21031E+03        -6.54443                -171.649
      635        1.42727E+03         694.378                -754.176
      636            869.708        -129.273                -541.365
      637            947.827         50.0442                -806.048
      638              826.5         31.5645                 -619.63
      639        4.19733E+03         3.66178                -232.184
      640        3.68052E+03         4.56223                -233.633
      641        3.46724E+03         1.12073                -209.397
      642        2.95646E+03         2.13431                 -208.02
      643         2.4201E+03        -4.35885                -226.772
      644        1.76918E+03        -32.0332                -331.235
      645       -3.50853E+03         3.37761                -204.155
      646       -1.93189E+03        -40.6175                -32.0542
      647            670.815        -50.5923                 -366.17
      648       -4.89693E+03        -34.4804                -200.808
      649       -2.85591E+03     56.6363E-03                -231.174
      650       -1.93619E+03        -46.1987                 134.476
      651         4.3721E+03         418.358                -458.916
      652       -4.47044E+03        -421.478                 -465.23
      653       -2.25888E+03        -12.4147                -221.326
      654       -4.05186E+03         8.73461                -212.912
      655       -1.94934E+03          170.01                -31.7495
      656       -1.99498E+03        -34.7603                -105.071
      657        -3.5943E+03         3.26223                -208.093
      658        3.43181E+03        -2.10542                -177.626
      659        2.86691E+03        -8.64938                -195.864
      660         4.9474E+03         74.5062                -263.866
      661        4.34878E+03        -3.39316                 -185.87
      662        3.95097E+03     352.631E-03                -187.169
      663        2.35599E+03        -10.9802                -202.922
      664        1.53177E+03        -43.8515                -379.599
      665       -1.90933E+03        -47.7751                 93.4098
      666       -5.06385E+03        -71.9425                -247.934
      667        -2.9749E+03     854.313E-03                -229.077
      668       -2.07363E+03         39.2201                 152.462
      669       -2.62069E+03        -6.80968                -197.091
      670       -4.38066E+03         8.45283                -192.503
      671       -3.59568E+03        -6.52796                -244.696
      672       -1.96857E+03        -32.1378                 -176.12
      673        1.96208E+03        -32.6124                -300.303
      674        1.29215E+03        -56.9089                -441.382
      675        4.02449E+03        -4.45942                -208.046
      676        4.48619E+03         14.1743                -222.241
      677        3.46751E+03        -2.86576                -238.842
      678        2.92975E+03         1.01901                -242.743
      679        2.43292E+03        -6.82312                -252.128
      680       -3.28234E+03         2.08334                -209.482
      681       -1.90826E+03        -45.7145                 6.92724
      682            964.783        -156.278                -763.032
      683             248.45         602.512                -503.206
      684       -2.40662E+03        -263.086                -387.132
      685        2.81766E+03         308.716                -402.762
      686            909.363        -207.917                -676.349
      687            531.427        -28.6715                 -279.31
      688           -110.673         222.143                -37.1127
      689            841.187         441.698                -377.591
      690            958.548        -31.6628                -638.807
      691        1.01021E+03        -47.5592                -789.247
      692       -4.42517E+03        -168.509                -371.884
      693       -1.57208E+03        -78.6304                -66.8574
      694        -2.9395E+03         6.39882                -287.445
      695        1.19736E+03         177.319                -344.021
      696       -1.17226E+03        -155.874                -339.708
      697            706.887          -161.7                -455.949
      698        1.56769E+03        -59.3055                -408.794
      699       -2.30065E+03        -7.85143                -291.878
      700       -1.84604E+03        -26.5853                  -253.3
      701        1.91937E+03        -16.7051                -340.448
      702        3.29047E+03        -12.4296                -310.725
      703        2.51421E+03        -5.89753                -286.986
      704        2.80207E+03        -5.01429                 -302.38
      705       -3.06831E+03        -6.55241                -319.137
      706       -4.03019E+03        -2.46026                -265.487
      707       -1.43802E+03         -60.244                 167.489
      708       -4.15705E+03        -26.6506                -275.605
      709       -2.94419E+03     582.703E-03                -321.734
      710       -1.90089E+03        -32.3461                -220.084
      711        -2.2681E+03        -5.05453                -312.654
      712       -1.43532E+03        -18.9597                 187.706
      713       -3.76774E+03          10.661                -273.297
      714       -1.38204E+03         75.5403                 136.497
      715       -3.18179E+03         7.85921                -321.165
      716       -1.79517E+03        -19.1916                 -310.34
      717       -2.25616E+03        -12.4134                -268.991
      718       -1.65454E+03        -63.7181                -153.051
      719       -1.48724E+03        -93.3446                 33.9027
      720       -2.61673E+03        -1.22599                -307.941
      721       -2.97493E+03         3.06271                -313.127
      722       -1.42898E+03         24.8162                 176.867
      723        1.36061E+03          -91.04                -508.073
      724       -3.90324E+03         5.04019                -266.375
      725       -1.46803E+03        -89.9509                 88.2651
      726        3.89775E+03        -9.63722                -260.601
      727        1.44227E+03        -75.0241                -465.983
      728         1.8317E+03        -39.1318                -354.285
      729       -2.91015E+03         6.96251                -349.231
      730        2.10104E+03        -12.5373                 -286.76
      731        3.46417E+03           -5.25                -273.796
      732       -3.19925E+03        -7.07333                -291.176
      733        2.47956E+03        -3.56989                -271.209
      734        3.14569E+03         10.7971                -233.304
      735       -1.65142E+03        -57.9203                -187.658
      736       -2.42136E+03        -1.79412                 -323.18
      737        2.21208E+03        -7.24647                -310.412
      738         3.5472E+03        -2.11757                -283.797
      739        2.56413E+03        -4.15985                -322.543
      740        3.14078E+03        -3.93507                -302.856
      741       -1.81689E+03        -20.8679                 -278.03
      742       -2.29698E+03        -9.11419                -277.773
      743        4.01248E+03         80.2405                -327.185
      744       -1.26829E+03         158.574                 53.9777
      745       -3.41754E+03         7.51687                -296.533
      746       -2.14748E+03        -9.18144                -277.275
      747           -2.59814         6.08119                -319.872
      748            705.438        -237.796                -546.297
      749         1.0515E+03        -79.2656                -650.006
      750            812.357         341.518                -378.924
      751       -1.07819E+03         296.935                -86.9527
      752        4.24173E+03         173.316                -381.771
      753       -2.58031E+03        -5.02585                -370.514
      754         -1.342E+03        -34.5244                -350.126
      755            921.704        -195.992                -709.429
      756        1.88603E+03         229.637                -374.812
      757       -2.37794E+03        -158.626                -423.499
      758            336.294         200.285                -171.417
      759        3.47986E+03         260.737                -412.007
      760            583.544         91.8828                -318.379
      761       -1.91211E+03        -14.1974                -330.192
      762       -1.95662E+03        -21.9023                 -297.53
      763       -2.15995E+03        -2.49948                -341.373
      764       -1.62343E+03        -54.9682                -225.713
      765       -2.88126E+03        -3.17276                 -326.19
      766           -583.233        -79.0362                -326.792
      767       -2.99801E+03         11.0818                -354.788
      768           -950.202        -119.241                 79.6429
      769        1.28892E+03        -95.0531                -536.226
      770            -762.45         133.395                 82.1217
      771       -3.54319E+03        -49.2758                -350.003
      772         3.7461E+03         40.2841                -322.318
      773            715.119        -251.846                -554.935
      774       -2.78839E+03         4.34002                -293.712
      775        1.69668E+03        -39.3666                -371.862
      776        2.07658E+03        -5.40379                -317.612
      777        1.01435E+03         -127.98                -754.113
      778        2.59524E+03         4.38726                -294.203
      779        3.04543E+03         9.46268                -286.266
      780            596.536        -152.143                 -375.54
      781       -1.82263E+03        -12.1334                -363.887
      782       -3.72638E+03        -252.538                -414.806
      783           -873.577        -20.4372                 131.243
      784       -3.29593E+03          1.3005                -339.971
      785            741.949        -241.472                -598.461
      786            352.927        -209.724                -302.243
      787             124.87        -69.7774                -82.4909
      788       -2.60192E+03         11.0481                -388.039
      789       -1.32399E+03        -84.6522                -236.622
      790       -2.30397E+03     562.126E-03                -378.734
      791       -1.90812E+03        -3.08768                -387.055
      792        1.18357E+03        -133.014                -571.883
      793        3.00223E+03    -70.7092E-03                 -267.95
      794        2.48435E+03        -6.19442                -290.408
      795        3.38894E+03         -8.2584                -298.274
      796        2.07676E+03          -14.64                -303.796
      797        1.51604E+03        -69.2133                -435.523
      798        3.11601E+03        -6.85853                -341.789
      799       -3.01768E+03         3.75413                -294.238
      800        1.79001E+03        -30.2748                -365.599
      801       -1.52105E+03        -90.8052                -21.6833
      802        1.74071E+03        -11.5461                -397.279
      803        2.98177E+03        -9.61505                -326.039
      804        2.23714E+03         -1.8072                -368.621
      805        3.28707E+03         1.36055                -291.906
      806        3.54262E+03    -280.532E-03                -304.584
      807        -1.6238E+03        -70.1006                -112.212
      808       -1.76256E+03        -139.667                -414.254
      809           -12.1759         5.55729                -394.363
      810           -23.2425         -169.75                -124.937
      811           -378.381        -6.18877                 43.0327
      812       -1.63633E+03    -259.895E-03                -414.771
      813       -1.73177E+03         -12.243                 -350.82
      814       -1.23198E+03        -80.3595                -314.143
      815       -1.35359E+03        -17.2541                -426.223
      816       -1.06404E+03         -37.063                -400.155
      817       -2.04648E+03     381.675E-03                -415.472
      818       -2.11947E+03         4.26837                -403.006
      819       -3.00458E+03        -154.444                -416.577
      820        1.15273E+03         130.457                -402.721
      821       -2.54594E+03         2.49036                  -405.7
      822       -2.22313E+03          16.536                -425.429
      823       -1.58467E+03        -12.9082                -380.579
      824        -2.0243E+03         11.1441                -437.583
      825       -2.92627E+03        -75.8172                -408.086
      826           -584.581        -180.735                -44.5595
      827        2.40746E+03         168.981                 -419.96
      828        1.11839E+03        -142.703                -619.999
      829       -1.00569E+03         -117.27                -281.199
      830       -1.64134E+03        -5.17617                -422.332
      831           -778.445        -153.153                -95.2827
      832       -1.98481E+03        -1.57818                -406.408
      833        2.29991E+03         5.02268                -378.956
      834        1.88424E+03         4.87861                -390.849
      835        1.00558E+03        -165.815                -595.028
      836        1.41714E+03        -15.4979                -422.728
      837            500.223        -262.921                -516.759
      838        2.56202E+03        -2.30105                -398.935
      839           -692.067        -172.444                -62.8856
      840        1.28158E+03        -66.9843                 -465.27
      841        1.03816E+03        -143.183                -560.897
      842        1.14988E+03        -63.1298                -473.538
      843        1.28407E+03        -45.1697                 -447.56
      844        2.24602E+03        -6.84811                -397.482
      845        1.39702E+03        -12.7846                -433.667
      846        1.70878E+03         1.13264                -424.432
      847       -2.03781E+03         5.10162                -407.477
      848        2.07158E+03        -11.8396                -432.062
      849        1.21811E+03        -13.5488                -445.554
      850           -964.494        -110.349                -319.926
      851       -1.45073E+03        -3.55402                -439.606
      852        2.02127E+03     404.339E-03                -413.891
      853        1.83929E+03     229.979E-03                -398.882
      854       -2.27383E+03        -1.53023                -367.206
      855        1.02861E+03        -103.727                -725.727
      856       -1.79222E+03         3.20922                -449.759
      857       -1.47629E+03        -11.5734                 -400.54
      858        3.00137E+03         61.8075                -392.399
      859            825.366        -237.443                -650.343
      860       -2.69129E+03        -6.63979                 -402.43
      861           -303.557        -86.0436                 4.70595
      862            125.684        -258.174                -289.857
      863           -982.784        -68.8256                -386.624
      864       -2.17105E+03        -8.36836                -400.602
      865        -1.1455E+03        -8.57663                -443.992
      866       -2.53513E+03         3.09178                -355.985
      867        1.29124E+03        -100.126                -499.145
      868        1.38006E+03        -30.4488                -431.881
      869        2.00282E+03        -1.00188                -404.077
      870          1.934E+03        -6.45783                -375.268
      871        2.73674E+03        -12.1314                -376.955
      872            996.685        -180.347                -671.563
      873       -1.06924E+03        -138.915                -82.1294
      874        2.99993E+03          473.87                -363.697
      875        2.45826E+03    -219.591E-03                -385.149
      876        3.01378E+03         9.44918                -363.378
      877            465.939        -265.548                -451.144
      878           -988.596        -137.056                -207.743
      879            402.894        -249.864                -504.727
      880       -1.94037E+03        -1.68695                -455.211
      881           -538.901        -35.7498                -447.905
      882        1.09908E+03         72.8968                -433.787
      883       -1.08632E+03        -17.7429                -444.611
      884           -815.681        -62.1866                -429.929
      885       -3.05563E+03        -276.865                -408.271
      886        2.29669E+03         78.5814                -441.772
      887        1.42865E+03         3.43364                -440.147
      888            850.224        -13.8301                -471.905
      889            734.008         -76.029                -499.327
      890       -1.05163E+03     62.7012E-03                 -470.85
      891       -2.39352E+03         9.37757                -412.211
      892            834.032        -223.535                -641.714
      893            807.908        -190.774                -582.943
      894           -367.879        -192.015                -152.951
      895       -1.13362E+03        -70.8707                -347.052
      896         2.0696E+03         35.5767                -446.211
      897           -628.078        -183.245                -239.631
      898        1.05419E+03        -102.313                -512.927
      899           -645.806        -138.677                -358.697
      900         2.0158E+03        -3.27866                -424.227
      901        1.13722E+03        -28.5369                -454.425
      902        1.51776E+03        -3.61901                 -426.83
      903       -1.50536E+03         3.73024                 -453.18
      904       -1.70595E+03        -4.77452                -441.118
      905       -1.24998E+03         8.55981                -475.221
      906        1.55686E+03        -7.92622                -473.804
      907        1.70948E+03        -4.93185                -439.058
      908           -852.143        -28.9676                -452.547
      909       -1.30084E+03        -7.94589                -446.205
      910           -831.085        -90.4682                -386.085
      911       -1.27489E+03     662.561E-03                -471.071
      912       -1.73136E+03        -85.3143                -447.874
      913       -1.61877E+03         12.0894                -466.895
      914            902.993        -198.935                -644.847
      915       -2.22626E+03        -47.5277                -443.609
      916            -467.75        -150.616                -16.0231
      917           -350.841        -230.039                -223.967
      918       -2.82015E+03        -30.5898                -399.433
      919        -1.5782E+03        -5.19714                -409.755
      920        -1.4353E+03        -25.0859                -378.069
      921           -958.973        -16.2087                -467.382
      922           -680.067        -50.3617                -457.644
      923           -979.169        -2.68347                -480.509
      924           -493.177        -97.6159                -434.863
      925        1.85789E+03     287.145E-03                -430.765
      926           -796.603          6.6278                -495.742
      927           -234.205        -245.857                -306.432
      928       -3.06233E+03        -453.203                -370.944
      929            750.498         2.92388                -486.161
      930            425.732        -16.7432                -493.161
      931       -1.67224E+03        -55.2027                -468.886
      932           -673.591         5.10504                -487.389
      933           -901.498         5.79602                -481.874
      934            508.814        -93.2452                -509.748
      935           -345.353        -173.268                -393.769
      936           -634.025        -14.8587                -483.238
      937       -1.02135E+03          3.3832                -476.299
      938       -1.34594E+03         -1.2936                -469.432
      939            606.029        -198.497                -559.669
      940           -332.351         -62.474                -476.052
      941        1.10027E+03     481.009E-06                -500.626
      942        1.60296E+03         71.6128                -455.618
      943        1.31491E+03        -4.13922                -464.707
      944            993.373          4.8731                -473.936
      945        1.49884E+03     849.941E-03                -426.854
      946         1.0252E+03        -3.01287                -486.273
      947        1.05831E+03         -16.885                -459.031
      948        1.60026E+03         5.63859                -443.362
      949       -1.06647E+03     367.809E-03                -487.031
      950            996.179        -84.7489                -503.422
      951           -447.385        -86.4065                 -458.54
      952            599.276        -223.335                 -564.68
      953        2.00887E+03         5.36022                -445.774
      954       -1.21731E+03        -4.17156                   -475.
      955           -520.833        -17.7292                -491.336
      956            557.541        -71.5172                -503.023
      957           -889.001         8.60415                -483.116
      958           -576.073        -132.814                -391.378
      959            -605.85         6.86342                -490.222
      960           -804.551         2.44297                -481.193
      961       -2.00443E+03         1.03688                -398.258
      962            585.404          22.581                -461.864
      963           -718.744        -169.951                -252.535
      964       -1.12777E+03        -42.3632                -465.225
      965        1.06278E+03        -124.648                -534.765
      966            611.018        -248.452                -573.345
      967       -1.73385E+03     725.118E-03                -413.061
      968            589.633        -237.429                -562.523
      969            -736.74         8.56696                -491.485
      970            -527.59        -113.928                -426.543
      971           -791.052         1.84321                -489.194
      972           -698.847        -26.4943                -470.465
      973            -920.18         -4.2358                -471.821
      974           -497.984        -208.168                -217.857
      975             63.015        -240.744                -408.362
      976        2.07158E+03        -10.6671                -427.409
      977        1.40267E+03        -3.63464                -450.865
      978        1.11906E+03        -9.60574                -459.726
      979        1.09693E+03        -41.3973                -463.193
      980           -440.379         7.25651                -500.145
      981            415.954        -201.418                 -535.08
      982            -926.43        -1.79825                -484.513
      983        1.38795E+03        -7.17094                -468.815
      984             -458.5        -37.0426                -479.052
      985           -598.613        -10.9841                -480.717
      986            820.796        -3.42497                -481.238
      987            669.255         -19.329                -485.004
      988            737.515        -107.536                -522.987
      989           -270.478         -158.72                -427.393
      990           -266.817    -548.184E-03                  -498.4
      991           -422.531    -602.339E-03                -491.506
      992            327.395        -82.0897                -505.196
      993            363.432        -239.718                -514.514
      994           -886.285          3.7423                -477.202
      995       -1.34299E+03        -6.80915                -481.035
      996            152.239         5.03984                -480.364
      997            960.788        -3.22149                -476.529
      998             807.53        -5.85363                -480.691
      999            885.453        -41.2469                -478.133
     1000            675.364        -6.22784                -481.801
     1001            739.775        -4.11777                -484.896
     1002            652.328        -49.6594                -491.565
     1003        1.41699E+03          42.283                -474.633
     1004            689.211          7.3313                -499.961
     1005        1.25219E+03        -4.01457                -470.485
     1006            586.331        -184.217                 -553.05
     1007           -415.091        -181.912                -356.603
     1008        1.44574E+03         5.72117                -482.171
     1009       -1.12103E+03        -3.97456                -473.924
     1010            382.233        -11.4959                -495.636
     1011            998.156         7.04668                -474.949
     1012            602.643         8.12185                -489.524
     1013           -692.431        -1.39751                -487.092
     1014           -138.084        -108.747                -486.893
     1015            -548.83        -19.2423                -479.222
     1016           -300.454        -8.09463                -496.519
     1017           -356.406        -1.59164                -517.246
     1018           -227.971        -207.149                 -355.71
     1019           -642.517        -2.23867                -493.984
     1020             437.91        -45.9447                -496.948
     1021            426.279         -4.3065                -491.858
     1022            236.407        -6.47685                -496.444
     1023           -47.0119        -3.97557                -503.363
     1024           -165.667        -23.3013                -508.878
     1025            64.2743        -3.33232                -503.777
     1026           -190.024        -21.5295                -494.116
     1027            219.684        -195.082                -504.572
     1028           -53.8046        -4.02885                -508.369
     1029           -105.295     89.3008E-03                -496.128
     1030            332.714        -172.269                -522.278
     1031           -225.106        -6.88523                -492.642
     1032            98.4672        -127.762                -498.558
     1033            19.0281        -30.2892                -501.673
     1034            317.509     370.018E-03                -489.757
     1035            151.366         7.90959                -497.038
     1036           -76.6346          8.0923                -514.105
     1037            67.1498    -178.681E-03                 -503.09
     1038            230.308         6.57603                -511.714
     1039            49.6655         8.61859                -499.025
     1040           -150.875         -3.1596                -494.727
     1041            69.5518        -73.5856                -493.905
     1042            43.2422        -8.12171                 -499.05
     1043            117.147        -156.811                -493.058
     1044             177.91        -94.8475                 -506.58
     1045           -66.4546        -17.0481                -499.364
     1046            49.8979        -11.2277                -498.425
     1047           -274.653     443.511E-03                -490.808
     1048        1.15638E+03         18.0977                -487.711
     1049            -480.53         5.62204                -502.687
     1050            517.369        -155.134                -541.259
     1051            597.357        -142.862                -541.916
     1052            778.862     376.566E-03                -492.875
     1053           -139.157        -210.897                -397.298
     1054           -701.585        -8.03045                -484.782
     1055            154.775        -207.295                -485.609
     1056            282.823        -5.78184                 -514.73
     1057            549.276           4.928                -491.794
     1058            78.7541        -20.5386                -500.875
     1059           -828.996        -10.3682                -483.384
     1060            952.897         2.44105                -472.211
     1061            642.979        -9.85732                 -495.51
     1062             641.81        -91.9339                -516.264
     1063            809.624        -144.133                 -549.55
     1064             407.51        -104.033                -513.319
     1065             261.67        -6.75714                 -513.46
     1066            411.394         3.65534                -501.447
     1067            294.528        -20.2026                -497.772
     1068           -279.642        -6.60879                -495.388
     1069            180.119        -2.11978                -497.777
     1070           -5.17857        -7.62665                -500.075
     1071           -83.1136         2.67356                -498.954
     1072           -64.1468        -11.7014                -505.841
     1073           -511.308         3.40281                -494.128
     1074            480.042    -822.003E-03                -495.287
     1075            391.412        -19.2727                -495.394
     1076            491.149         -4.8763                -492.465
     1077        1.25232E+03         7.64972                -458.876
     1078            511.055        -23.8107                -493.071
     1079           -27.6406         4.04555                -499.965
     1080           -96.7203    -4.48766E+03            -1.57626E+03
     1081            373.641    -4.85234E+03            -1.37355E+03
     1082        1.70308E+03     1.92589E+03            -1.68731E+03
     1083       -6.19386E+03        -503.955                -553.572
     1084            323.493         237.568                -398.402
     1085        1.03576E+03     1.07692E+03            -1.05221E+03
     1086           -318.377        -677.044                -681.013
     1087       -1.34897E+03        -802.276            -2.31453E+03
     1088           -66.1164    -1.26675E+03                -890.718
     1089         1.0413E+03         616.508                -959.031
     1090        1.28133E+03         822.012            -1.04259E+03
     1091        3.42306E+03         14.5703                -336.176
     1092        3.73369E+03        -6.43892                -270.664
     1093         2.0223E+03        -31.8336                -304.931
     1094        2.19437E+03        -10.2909                -272.537
     1095        2.46723E+03     310.963E-03                -261.953
     1096        2.48006E+03        -4.83345                -283.428
     1097        3.11033E+03         17.6584                -252.157
     1098        3.44273E+03        -11.9677                -275.114
     1099         3.4915E+03         2.85668                 -261.06
     1100        2.91534E+03         1.02454                -335.798
     1101        1.21161E+03        -76.9507                -534.955
     1102           -734.941        -369.804                -853.438
     1103        1.44124E+03        -49.9056                -429.504
     1104        2.11782E+03        -5.26252                -331.592
     1105        2.88798E+03        -1.11835                -275.848
     1106        2.50606E+03        -1.23316                -360.326
     1107        2.37662E+03         317.958                -371.223
     1108        1.47284E+03         702.558                -823.038
     1109       -1.78048E+03        -218.948                -359.586
     1110        2.40596E+03         16.6029                -420.676
     1111           -635.691        -585.875            -1.59233E+03
     1112        2.72785E+03         11.0668                -308.062
     1113        1.30382E+03        -13.1117                -442.002
     1114           -371.761        -775.675            -1.06249E+03
     1115           -319.685        -469.086            -1.40982E+03
     1116       -1.56644E+03        -56.7315                -265.666
     1117        1.84306E+03         2.09649                -426.155
     1118         2.6988E+03         3.00246                  -307.2
     1119        -3.6107E+03         10.2542                 -282.34
     1120        1.04041E+03        -153.374                  -695.1
     1121       -4.29164E+03        -66.5833                -298.111
     1122        1.75751E+03        -12.4398                -398.163
     1123       -1.02021E+03         226.067            -1.20677E+03
     1124           -907.552         175.264            -1.33642E+03
     1125        1.28259E+03         377.993                -730.927
     1126        1.17719E+03         461.551                -561.119
     1127       -1.15632E+03        -103.879                -401.974
     1128            -570.72        -54.8195                -400.163
     1129        1.60655E+03         155.858                -406.376
     1130       -1.44979E+03        -78.9573                 132.016
     1131            960.735         -181.47                -621.133
     1132            972.687        -182.906                -718.757
     1133        1.06377E+03        -8.91435                 -483.35
     1134            833.958    -819.566E-03                -488.767
     1135            998.529        -64.3692                -480.764
     1136            632.992        -39.0666                -488.822
     1137           -211.138         653.061                -643.891
     1138           -384.712         343.528                -129.036
     1139       -1.75761E+03        -21.2324                -326.925
     1140            692.712         507.926                -324.343
     1141           -884.275         455.655            -1.23229E+03
     1142        1.02699E+03         829.603                -650.197
     1143           -728.097         598.066            -1.09351E+03
     1144       -1.29784E+03        -108.377                -159.645
     1145            663.337         4.44868                -483.335
     1146            604.019         374.833                -296.199
     1147        1.13909E+03         111.834                -701.478
     1148             946.64         260.406                 -426.48
     1149            12.5805     531.613E-03                -446.549
     1150            565.508         42.4973                -437.707
     1151           -101.004         265.996                -115.041
     1152            617.088         692.496                 -478.83
     1153            162.825        -23.7847                -499.083
     1154            315.102         447.203                -299.523
     1155            820.211         3.78711                -493.267
     1156            724.927        -9.00994                -499.245
     1157            322.224          1.1887                -496.687
     1158            867.669     577.874E-03                -504.454
     1159           -162.871         776.344                -953.739
     1160            179.376        -43.5197                -503.498
     1161             769.82        -223.718                -604.058
     1162            499.699        -140.254                -529.349
     1163       -1.01902E+03        -126.335                -241.968
     1164           -112.931        -39.4869                -498.819
     1165           -971.433        -38.1263                 -429.37
     1166            740.737        -225.508                -606.891
     1167            632.635         247.756                -273.902
     1168            983.429         43.0436                -457.458
     1169            541.637         11.2999                -501.302
     1170            368.707         4.56837                -497.868
     1171           -548.748        -20.9743                -473.949
     1172            297.677        -57.2067                 -498.47
     1173           -320.106          71.294                 55.9599
     1174             47.067         6.20024                -515.154
     1175            414.935         14.8699                -507.965
     1176           -907.349        -155.456                -172.203
     1177        1.01615E+03        -80.1499                -696.619
     1178        1.01144E+03        -38.1957                -653.689
     1179            784.085         48.7378                -378.061
     1180            -85.884        -4.00199                -498.265
     1181           -248.296         2.00771                 -493.88
     1182           -308.193         4.19016                -496.784
     1183            -60.599        -4.08306                -514.039
     1184           -699.474         -150.96                  -323.2
     1185        1.03271E+03         950.656                -850.021
     1186            108.742         141.343                -54.6295
     1187             79.118        -50.6119                -497.206
     1188           -45.6078         18.1111                -17.4423
     1189            -575.22        -41.7469                -469.576
     1190           -776.451        -191.646                -166.823
     1191           -492.202        -4.80023                -487.251
     1192           -297.304         -90.144                -451.833
     1193           -3.24634        -179.027                -467.287
     1194       -1.63757E+03    -858.255E-03                -434.674
     1195       -2.09633E+03     545.672E-03                -390.103
     1196       -1.25106E+03         -9.5843                -459.563
     1197            874.859        -180.091                -638.437
     1198            857.141        -107.508                -503.324
     1199            780.194          -71.82                -445.573
     1200             -481.4        -190.341                -319.573
     1201           -391.168        -191.988                -307.345
     1202       -1.16429E+03     460.892E-03                -486.753
     1203           -253.184        -6.53742                -512.667
     1204             -500.1         10.3479                -494.257
     1205            347.008        -30.4588                -159.438
     1206            -411.31        -15.6533                -485.346
     1207           -252.814        -7.40819                -496.977
     1208       -1.54059E+03        -27.2171                -478.583
     1209           -244.488        -23.6501                 -505.65
     1210           -156.069        -239.978                -250.122
     1211           -90.9172        -230.461                -306.553
     1212       -1.32735E+03         -2.2004                -448.604
     1213           -939.299         1.68853                -477.766
     1214           -931.723        -18.2902                -462.176
     1215       -1.14837E+03        -33.5079                -482.315
     1216            729.095        -178.681                -529.893
     1217            640.701        -180.263                -406.588
     1218            382.628        -164.064                -257.346
     1219            328.513        -127.921                -211.203
     1220            218.668        -262.301                 -368.19
     1221       -1.03866E+03         4.80265                -470.938
     1222           -2.41465        -250.161                 -307.48
     1223       -1.32728E+03         4.81461                -446.508