-1025.63674760650	200.579505200295	-333.133180702078
-2278.61468032630	8.54087854652601	-400.624700298743
-2981.58406387955	51.9051212212890	-387.753694113974
-3425.21119127136	-126.316424547720	-231.233826640090
-3283.01933096823	-85.5154024470631	-126.141767389035
-3134.50946552051	-72.8634930317325	-91.0313696695905
-2796.22821526233	-43.1787590277872	-52.5909485365835
-2548.06845991720	-19.0821578295760	-49.1083376970493
-2796.56709371558	-106.216456934015	-47.6357316456794
-2722.90251789483	-83.3941102400965	-58.8284727999450
-2175.85560988838	101.027926564103	-111.324456484828
-2907.96333050636	-101.943126232825	-103.500873210033
-2721.81126589890	-10.7908361951256	-120.616835683041
-2930.63845993348	0.398106918856413	-134.050786751992
-3180.81992646070	1.31082217650041	-139.203551936136
-3295.71482483863	6.51459740613192	-145.239796546362
-3522.95823687406	17.2947913055689	-156.620767682755
-3762.29105183852	27.6785492218672	-163.489477584749
-4388.99217585442	-120.663628477851	-147.848791323154
-4657.91358007026	-119.666189203999	-144.962766963630
-3846.90879647563	200.348355355341	-210.368223438223
-5126.18322070025	-175.751595065639	-166.903534310475
-4678.81771724372	-6.95787781410847	-162.876335769860
-5017.68267891650	-58.7009873357393	-176.211439180210
-5295.70491368530	-64.6471383389554	-183.028726048040
-5414.31461786952	-57.5762873630381	-183.546814413075
-5641.08859094670	-39.5098585442054	-177.092068957232
-5922.27571771090	-36.0996454526371	-161.539707410848
-6124.80410291426	47.7807449439605	-232.378834160208
-33.6588752310008	152.751210026794	10.4408799315742
-5482.40451883835	-1662.93391317056	-891.520693203721
-90.0186186144981	-5196.53810978451	-1336.79771612225
-48.1971429496148	-1973.30786653305	-339.496986061754
-32.0267737345251	-527.682961145788	-166.486752700521
4525.48881100717	-23970.5894289782	-7659.41922441115
47.7820919848928	384.741776055235	-222.178088597827
589.005871424140	1367.07958316010	-1022.81458124560
1952.91050623446	2701.05415379866	-2031.54999932162
3027.44186365938	1588.15755733956	-2085.63189767479
3861.46489188725	878.425852694972	-1701.64570392372
3616.90349185912	87.2388971096505	-421.747471039245
-32.4753014175834	-40.1019330698428	-17.9750805922481
6151.49974892219	147.985403286070	-147.599392314628
5885.24862582542	15.5956553917314	139.606974354732
5552.30358791555	15.4023949106701	-283.299009181874
5314.92324818736	-16.3424621621749	-50.6417449981500
5206.62169885948	-53.9780036511690	179.480768546714
4959.01318962305	61.2292030088223	-277.999126717504
4630.97831778435	17.1608518610594	-62.7466527330151
4582.96587123633	-76.9239572528875	147.245460877635
4348.88234642103	28.9166210330056	-255.566713961737
4105.76955295664	-2.65711817984450	-47.2968840122722
4015.27843958321	-59.9202625502595	111.263034334723
3734.58871483020	40.2959221089224	-224.942398148300
3484.97607359727	-5.86655444835225	-48.0529503184034
3382.92921939864	-60.3118726693989	84.6844197086952
3105.54752574955	10.6498881583820	-209.500882564986
2831.24858187876	-9.52365423670909	-51.4147280110447
2723.62904271090	-34.5343104992346	45.4644938446128
2390.66234931304	-8.57935388927525	-192.795541952299
1978.31735664458	-17.0482823701580	-94.1043269489009
1784.00289801229	21.2581259206748	-50.1020257300789
1265.01517628853	-86.3920419626292	-185.034636089904
632.308809484990	104.801348609695	-171.459008510035
273.120472935069	-135.945656170141	-24.2654965374810
4804.83788270217	-596.428956839526	127.632714817310
-5932.09072798304	-1245.08447914888	-825.301663012182
-4250.33374648424	-1080.26726165396	-424.762006046190
-2309.42897680086	-584.553740162543	-168.852645091977
-1160.97949476217	-278.629461847718	-55.7305215615137
-74.0468326127065	-2.32102113079101	-37.0901580857611
1101.14699076652	298.558526986644	-45.9749707278280
2355.27183845579	650.877297090532	-155.119588162268
3659.23757058364	930.926748633826	-328.545020824236
4366.91686247114	968.250284143517	-402.854729533708
-1060.14843979235	-298.637777828194	-1004.83344790041
-1571.94481813048	192.300508295835	-819.652276510445
-1886.49441968423	261.872600737789	-500.038515297479
-2525.15280876571	9.16551642774635	-127.038937228901
-1447.03287815167	199.753875093098	16.1828324122695
-2050.94152749993	-13.5418363427994	100.032109938582
-1943.95949689247	-38.5305928846647	158.422344503958
-1922.79647871149	-47.4486708637213	-14.3988331258881
-1749.64550326135	9.08519518622446	-36.6278842760581
-1874.40957103576	5.35106332428504	-137.477944840833
-2403.48938239262	-85.8690596523417	-194.771670713960
-2221.40786236276	-31.1567046366444	-92.6122452341422
-2223.25363409364	57.1886939682762	-216.725080665429
-2718.50103799378	-8.59919394836030	-234.848094633825
-3081.32464215275	-73.3451356730375	-257.433909210846
-3106.61066357755	8.93974477914233	-219.769470747674
-3483.38173588761	-42.3814922137096	-90.9293619130720
-3496.35688003043	-46.3951924458757	-94.3254297981311
-3117.87592803727	139.431740734627	-340.566349122297
-3655.49253877303	110.608273194823	-162.167181382413
-3989.58702065729	34.5660228630076	-216.452627787684
-4492.63803803720	-33.6700148861956	-241.747874876780
-4807.67662971389	-67.1139921912974	-280.145469879421
-5618.85803059235	-456.601150265441	-549.780514366264
-408.570691057186	646.825559077897	-1381.50536285065
544.776493456977	696.016016439726	-842.011680770041
470.836622071633	680.736442074019	-621.521987962086
-418.415683559150	584.870130430738	-340.303422872383
-996.802138917812	79.9278360941349	-100.819714422022
-1013.06197029513	1.83384753672196	151.833992644602
-939.542374574386	-83.5239162094140	9.57387405234061
-1039.40471641933	-140.636315686385	114.614970285858
-1031.20383818430	-146.654799100013	44.1019753678796
-1058.75814231319	-60.4114722297453	-146.252053141212
-1460.31064789515	-93.1892569092117	-274.130030222615
-1049.85083871204	10.7250136869769	-319.875392968342
-1518.31424845286	-22.9000347297549	-334.328523155527
-1586.98841740023	-79.5632415845171	-427.726629400419
-2028.65707535182	-51.2262876669938	-282.837778711858
-1926.44709567555	1.01322922401652	-390.216166749193
-1424.68264723733	148.883547438380	-513.540543661790
-1961.77571296022	58.3074718425249	-348.956474818834
-2649.89000298587	27.3103848188119	-411.808123422690
-2367.44495131283	-7.71279482638856	-323.544382321465
-2478.60027994149	6.01627259758027	-452.314310431764
-2505.13404788786	94.7965534365996	-349.054198967327
-2147.76999609576	221.510289198408	-303.107239887448
-2570.72933085991	120.177466396360	-294.890313323683
-3140.13062274302	0.867907292230626	-343.075661852935
-3133.77056157621	75.2207002703732	-287.832455936377
-3614.40129678196	-135.588615924736	-372.935258685726
-3954.36881478244	-490.886354214230	-437.642092780319
3216.85280899148	827.619790502857	-1468.07028393560
2217.17227168058	941.576590557472	-1223.05904473357
1088.36907407456	778.665137076189	-640.367691462132
842.491697125011	495.538118790642	-441.607505991610
407.166227219851	127.938969813558	-154.733389041665
-62.3070874407071	-131.810959626318	-110.440703147908
-386.192477005096	-295.172741243881	-170.308159435017
-639.618912581989	-234.656227079309	-141.409030115044
-515.508974831503	-189.177503058314	-287.600358091994
-570.754672959498	-118.045044761790	-279.467922644614
-954.501377770943	-132.417892682633	-330.693861993889
-613.006145826619	-65.3885553086843	-449.544432214137
-1003.48386463343	-18.5716946273855	-396.652242612333
-1082.23513282334	1.59425705251963	-422.125069945847
-665.497633906033	29.4632195053990	-474.708287981013
-1110.50592487040	21.8703786626559	-493.555493895202
-1227.15934261639	-0.864429275097655	-445.487378316100
-1380.45408999212	-49.6864263278492	-460.392005323987
-1488.08791749541	46.1765187876699	-401.157760811024
-1519.52946704526	-7.51359902862796	-392.883880247611
-1390.42592540044	30.0253295174040	-553.619207730621
-1582.50739712329	48.5962619144141	-437.407938833315
-1539.64302195468	1.90579989083343	-457.488106723490
-1095.48059122134	240.990409267831	-327.718827345864
-1309.34663306673	243.440524822526	-311.362284298888
-1823.00762524712	84.3986610327571	-380.568947638635
-2224.05663065963	-77.9038278076848	-436.234544620605
-2040.19432100937	-434.464724937782	-354.694467726829
2917.30115378072	1794.71966310419	-1930.88393191195
1304.09768730593	511.291220111797	-654.937947995270
1014.93128771552	224.582665902416	-508.811178143667
1003.84936807313	73.6851997383346	-563.086185298883
361.149833723467	-272.439916118771	-389.956589256052
188.092661812873	-303.257408320441	-324.345845787957
194.000041110092	-246.074894689285	-439.583902462309
-102.712143178657	-162.574681495898	-455.896219209724
-194.411884270765	-75.2331914983408	-469.620282428956
34.2717249985812	-24.6012906409026	-529.865938296583
-275.960731841446	-73.5113535256620	-476.543936467542
-198.082897415900	14.6808307725946	-510.455457076422
-235.731864933016	-11.4509126415439	-519.239095585093
-275.443483331055	-31.5233306713641	-501.140126962995
-532.623343516852	-3.55736749856412	-490.126860303876
-452.630323960843	-24.1212143858259	-515.435873720873
-26.5096362579766	91.8961565126254	-541.280394886683
-483.243518555932	13.1102892020780	-505.330979097092
-705.395845111318	-36.4142742015241	-508.052302410324
-620.464855458851	-60.5959013286227	-502.769865344360
-728.698240302178	-131.296006615367	-553.900658360635
-138.816729119595	11.1737847062154	-503.674378355594
-1126.28398969306	-181.680491006499	-555.416520495936
-1278.00434761323	-91.7000596621489	-448.354358274908
-839.187086693289	-158.188438821565	-191.193519046367
1581.02812941788	1268.46410203743	-1298.74610476401
1464.65865904347	670.782771531369	-958.719033403404
1241.16470715909	115.247107805546	-766.511378067661
893.167433686331	-215.458062248253	-619.709706419125
643.208828129579	-276.776604246853	-576.048409476346
388.658802479812	-204.895202711619	-529.852492552873
398.429777473755	-176.095658967257	-567.020971826731
290.449131520710	-144.276478848119	-529.346492807165
448.764759887037	-93.6902584382848	-474.017067273713
453.271326737790	7.45218247620073	-477.087170855884
332.023868509624	-31.8259908134528	-487.369199981154
-62.0522110208645	-55.2172482758399	-467.140069032160
145.498142950030	-37.1764585874482	-480.060073480885
43.5274106200526	-72.2037018880469	-526.625561888043
175.915516431377	-4.20802760802053	-497.089489877036
-218.325206241847	-132.101857946583	-400.646529183070
600.393912783003	-62.1686692412853	-499.844077488556
670.430790275898	145.460220822366	-457.988511798093
538.262898255299	-9.04192487607255	-509.753680096015
356.729296513322	7.58941864171834	-512.907488026796
551.546337088284	25.5660470276417	-494.975784064045
821.431194306682	100.215423231196	-470.386549948712
964.853889341746	86.4900423211315	-524.227645123124
489.791132339980	49.1669917599244	-448.402054080796
592.058335019673	127.182066083662	-279.016983284773
968.282110256947	1024.93471407957	-990.132125988088
1126.21691576398	112.223195979172	-861.143902540887
902.725522048184	-220.479695121859	-698.421054261806
883.019878533962	-259.060958694360	-654.385696741538
760.518458084495	-237.058162595511	-582.747469164745
784.152037510080	-188.014163443324	-530.751944285833
854.540676030874	-123.916022896747	-534.856273232246
890.890335816798	-41.6716072656397	-464.701352817634
824.746866265030	-51.2593351957414	-480.388898708842
740.684032812120	-57.7793783934169	-440.616109655271
822.653735377114	-1.58952798890304	-494.436614389426
440.993986507453	-105.088812977456	-468.006757422432
1178.25391906486	16.3284550568619	-419.701303284773
1090.44712069731	-12.7037877033165	-463.498716021987
1094.71772489329	-57.7415179236546	-435.650287771591
1584.87525923919	37.0221437159076	-378.656569786116
1254.60236068440	-55.9960785173618	-442.174258128268
1333.61763209947	-96.2909690876653	-395.990892693750
1157.07254418075	-51.3412337208055	-382.949391778016
1403.47873441111	44.2590515235247	-471.152384845718
1525.12706418036	-51.4204442715582	-426.684643495110
1750.88230654024	93.2885033069055	-438.559134656984
1847.96212629795	383.189123827730	-338.851062079571
416.675010851972	818.719983180893	-599.877434473259
847.947879202599	176.915505513268	-794.086142050716
979.235561072678	-56.1564001849704	-703.678143975590
1195.00261218684	-41.6782348568086	-599.843192554346
1228.28632776564	-100.762954995409	-556.496021484474
1277.96502193369	-90.8528057530876	-457.798312636542
1494.04650609951	-139.426440870961	-471.636771434307
1646.18001659066	-79.9264741083720	-401.564599607339
1631.67464346279	-65.2649364936841	-397.057407320954
1600.66636782239	-88.3700386177103	-424.011114045579
2062.50422955151	-10.4346902394271	-267.023222653174
2312.77265551748	-5.61144537797857	-362.769879160365
2191.54970385993	-133.596581108126	-347.406073836410
2384.81468113027	4.43081758088463	-386.916385051062
2534.64475597319	15.3519894227062	-329.263166961145
2589.71375823840	-105.420749553483	-406.751399545167
2741.99378973852	-94.8810678697804	-300.901116935192
2568.42370841212	-80.9948504921330	-235.713129355706
2693.43352959114	-62.2439554883911	-342.991232604009
2615.61750914994	-56.6988716624534	-300.924220949509
3495.83747877142	176.934613455084	-380.442899145188
4005.35190959851	604.021993251882	-483.054455586285
448.167350371930	117.343826299946	-379.407196280958
755.447536554621	15.1863456671911	-460.208523275222
1033.99158100096	-43.3734102783171	-518.600201306475
1346.36127405003	-53.8129584487778	-400.859342767888
1561.69988350264	-73.9105679366521	-350.126555494409
1674.47447248701	-48.3471495596205	-341.154752655515
2110.66237335406	-13.5509937471481	-243.362571610079
2357.09114282110	-56.5869250141858	-266.428604530415
2222.31620285934	-14.3208836314850	-286.576394371973
2632.48142683731	-24.0679033557996	-224.360545492951
2910.45121595100	2.67333307347878	-256.501814625215
2769.56762846934	-1.94702203002065	-250.024984261919
3175.61668117611	-21.9333140038350	-189.870490159778
3495.21725087545	-20.6486452336083	-268.454054024464
3191.63057867234	-7.82767253641984	-259.576634200333
3673.99219122951	-39.6693661772418	-212.357679418499
3734.81058950106	-64.3517662600376	-269.351531082406
3619.51067045967	-95.3897906553153	-174.839811567941
4164.50144126494	13.9701782551007	-194.411768507484
4310.29265159447	-10.8264248725375	-316.268385629577
4704.86934049997	43.0781336281439	-229.847425565577
5447.27358129913	412.967686760512	-436.142669732176
-521.170737046271	-306.821213872609	-363.697405786826
-1965.43922357697	250.862941097330	-412.067628121172
-3247.92905404887	-20.0372944467207	-243.198720553597
-3390.09706036400	-95.3747237983920	-166.490074369596
-2957.96494386382	-56.2508463380072	-65.2352500041469
-2654.38643592372	-29.7588154563390	-47.1622258798382
-2115.66718293054	95.2711679062677	-70.5045680353169
-2449.98781351706	9.47041280912703	-82.1774800625221
-2238.32676694984	114.587781603911	-118.702444372221
-2829.25814430376	-4.87139552663314	-123.908419464021
-3055.75062268031	2.26078582489691	-134.287162298674
-3410.60126540771	11.7661919631957	-152.047974606601
-3639.38695229039	23.2660938724734	-162.502589735003
-3530.75491498061	180.743024706342	-186.283875377797
-4293.16948440060	26.1983518639893	-168.975492668411
-3873.57754459205	214.868441706710	-230.691424014670
-4868.07151837581	-61.2028912536172	-186.129883942430
-5162.03675107664	-66.0263017845086	-182.044083398747
-5529.68371638226	-48.5489850120871	-181.133561412667
-5760.17027119578	-25.3869091141529	-174.044865090808
-7946.46339808969	-1387.96590480437	-1059.36629233037
-2001.98509401713	-7657.68205193624	894.906230142769
-68.7861057979367	-7081.40709637934	-3350.15866956068
37.7930527909435	-5994.52654461019	-2223.66632207282
269.623312985541	-4247.62108133763	-1285.28566513273
-224.711923333073	-3369.74533697369	-257.993605060762
216.771325889630	-2534.42310769719	-542.774208063764
-31.1640586796570	-1361.55212588242	-267.515061568077
-12.0569643368874	-859.222297875051	-188.727617258450
-38.9755746578895	-260.178759574992	-119.101952272058
17.6372965391469	-120.224708542754	-77.8212632122624
-177.981992192116	-193.650830247306	-142.093489527642
-19.9681299519099	-26.8783887785993	24.5274678994079
-12.0421701982341	76.0401401414292	-46.0463673426772
96.4767831031346	365.786455651649	-181.990437337125
109.302992969270	618.976431403789	-346.497593132674
200.386341642626	875.213685809373	-498.137608026957
377.777465452054	1315.19978929368	-711.688465138203
546.891103267169	1480.19606270693	-916.442965844946
929.522031472141	1797.44721332011	-1311.19081589844
1195.57823131760	1918.09767569101	-1519.77783420440
1490.85778340530	1983.57602280510	-1710.67674147339
2386.82543736251	2055.36266106205	-2110.62330744218
1884.51193528251	1222.27250402571	-1744.67294853432
2744.13109077445	1745.56609841131	-2095.16673090650
3287.10693014558	1446.12465658419	-2061.43581390284
3557.54827192539	1292.34735092383	-1998.99047372663
4773.30571826263	1626.75570418553	-2214.18825359273
2951.28280694799	254.007648984316	-1244.48241430356
3949.68785492777	559.207707038386	-1328.78972957070
3887.17554044444	395.768383249731	-1083.04941459019
3778.35423032958	216.826667670670	-799.923151593331
6279.69044591906	616.988550855463	-354.367907825464
-1572.97772045493	-708.737235089741	1782.00723143918
1775.23521041062	-11699.6305336758	4336.33302416730
7524.73638753684	196.057460313175	-577.120077430804
5700.70637358465	-11.9975019413169	-40.4542079969697
5465.00789870319	20.7302953911170	-59.7529931902803
5120.71155652078	1.35678549604915	-65.2129919595917
4890.31391933771	-29.2917964191701	-76.1684136471753
4518.87176315822	-3.87879413687501	-67.5473910431552
4162.52992504150	11.9250247645158	-59.9294393040901
3883.50433846009	-15.8323336968595	-68.4195961163567
3554.33322560458	12.2100683536907	-59.6656066451770
3264.77317399221	2.66779463198336	-64.9894225246837
2915.41024707168	12.4309476427566	-66.7418964892720
2565.18479667327	-7.40058128261247	-86.2151242948996
2153.75391428995	0.607651476080751	-99.0153927633556
1521.94617914409	-2.05755189279407	-156.165844119145
913.224480133203	3.04746553472300	-147.734124530910
245.345929967390	167.269640706262	-146.224798085332
-6786.50444455221	-1026.04731490923	-806.498381260109
-3649.63913367549	-727.961843025619	-278.172290060628
-2419.76234237229	-571.657943760768	-108.945920739566
-1791.21104373709	-483.314237494747	-78.3113747349751
-530.616273565920	-154.448292182594	-40.7481084586583
664.509357608398	189.979546932706	-57.2070913998622
1787.26886881738	493.752534016068	-92.4403285101486
2990.47852936838	799.596995960818	-232.018669406694
4398.59864593652	1079.58356892688	-471.557799552582
7855.52690251021	1827.02234013484	-1368.48989647712
0.0318579172727738	-2560.50337154643	-875.717707615847
-143.700298487765	-2008.54278359465	-676.793077802133
-259.484949588937	-2504.40279348384	-652.139713231686
-41.6580972613685	-1195.60602330413	-465.462304823430
-70.9805336802301	-849.059599850651	-450.742174171831
-101.207666983602	-667.767211775426	-358.913918609241
-643.958432601418	-4271.20819762023	-2125.48138416308
-95.4000890998705	-3277.07317149119	-919.068066650128
-59.6985551427841	-226.018678243625	-217.905881601930
-20.5968576303722	-163.114902162478	-116.106730288533
2289.54800241101	790.144321630497	-1457.64012325724
1621.36671525355	-64.7765993515096	-249.566131434786
2444.44012328994	2262.52916110353	-1987.74226550634
1260.99428090030	1793.14568429697	-1391.09516136508
237.036633266543	414.639748673869	-360.213307753342
3202.55362278514	697.439135169382	-1292.40160015562
2720.15074767893	1582.46221161402	-1838.00327581803
40.3403618705308	59.1389585928103	-76.4313574251754
2045.61406644227	1591.11243270965	-1701.44520007220
980.080206533601	1781.73290962947	-1143.21371700840
3687.01010799792	1223.14189190710	-1759.41750601270
1057.93843557511	1721.62043691011	-1237.19836520109
100.156609576249	106.682332800514	-147.558336196096
324.619671567727	645.323560189266	-477.223409292479
652.865291866370	1267.89578860112	-873.563755708292
1726.84216724813	1635.40242323280	-1622.97912023232
516.328244498617	997.862135758292	-724.830858096919
137.615404241201	167.215603542430	-236.813985075355
3027.14879622615	647.844482240002	-1066.34134419224
3475.33501836993	1371.85215568046	-1869.64770808072
2759.89490535061	1610.93305508690	-1939.55143487118
3267.85580232925	479.819559088355	-915.693851183909
3654.91902455055	803.395928807174	-1453.94877504190
-573.820579923667	-4460.12030366296	-1860.84347914494
-853.332157034250	-1024.55010425462	-1360.07050928413
-131.227898504651	-2322.73212051342	-1424.31933671254
-636.242742674411	-3115.15538921907	-1670.93852326095
-424.255508542470	-1374.84476097213	-2196.22578579532
-287.050543813654	-1913.20149611778	-1353.36200467053
-41.8133108456067	-661.439370083686	-583.979628858467
2119.52396514544	1347.19907706430	-1363.73142769480
1823.36588581587	1676.89075877693	-1438.49988985165
2325.79382985750	754.691818971711	-1038.92317415572
532.904717977820	458.106547669893	-655.989165985894
2005.56287299395	401.835236025015	-438.785813537486
310.423144899546	132.001815174752	-206.151115882525
2084.15961299394	1289.40688850732	-1409.43746674222
1118.76999275659	1085.09987230961	-1081.51084254742
273.323029998163	164.654106870786	-283.451813770241
1545.44120095064	1575.32101422007	-1329.54302846738
1016.32899315900	628.404445336075	-878.796168237639
440.767176146904	386.292451257091	-542.124693641029
2470.76202034109	937.714605485165	-1147.69941897273
670.109194478249	799.349585653415	-454.183859386045
-99.3860882329524	-10.6336283575466	-119.268711199141
2480.81561516166	739.023133226523	-1023.08229318956
629.020639308385	605.411487511605	-746.081455323053
1446.98003254013	1974.92979270228	-1531.06399511356
-567.108976950983	-1561.36206301526	-1694.55452296790
-791.817125536053	-975.224248574652	-1619.21130059554
-242.078377236152	-1226.73648882320	-1127.85306688295
-48.6195648437566	497.243363497737	-1409.54809225703
-218.964403005599	-386.785213535587	-531.651294012703
1568.83232469604	1083.02661105625	-1084.68880924723
1382.38679290408	891.395768161765	-1008.67101342286
1972.72324109086	889.006590643752	-1170.41446690493
2181.96708901103	1099.95837709610	-1203.48624156288
2783.30457171412	1358.62036489068	-1445.96698311479
2405.06640209072	932.714093848467	-1221.90713129781
-577.906325434706	-124.300312124416	-1362.00033082953
267.652926495497	672.835769962729	-935.556842447295
540.515359907831	251.436856395708	-528.801617328342
766.923618668059	772.656869307189	-853.616484740122
1346.39503402952	890.020667056730	-1041.37920289498
1277.39152568812	757.735859688841	-1039.04163665821
-628.122144757023	-447.983684652861	-1320.65972766493
-568.266920997100	144.028395498843	-1581.09833224884
1286.76366911204	796.549066658085	-836.684426788629
778.008315533756	712.385106160485	-919.335596239078
1485.76887383798	630.341894075506	-758.903109434726
-408.844092950087	-266.435320970860	-936.652353194548
1531.30053302777	1388.89972469059	-1310.26190026526
1797.64518609133	975.426688285475	-1102.91533737270
1453.93411098714	853.315344599084	-819.591372051950
1545.06962999374	1046.87484164956	-1222.28735320708
1360.95751352568	523.262073474546	-936.596670775881
1614.93546442991	986.400441476500	-950.066060097291
841.600385619992	509.316232148465	-852.756708561569
1675.55316240378	1047.01229678026	-1153.01240025729
1062.49756236916	247.916808131972	-861.026656398783
665.738040145999	98.7434150810466	-577.350814130410
1612.34029049453	887.767572741152	-1025.51172158506
-217.216368962163	628.574808614133	-1151.09357835306
-772.675183016563	-191.111403309100	-1383.59540742990
-864.076721667126	-258.619708777731	-1407.40084412944
1597.79686743377	741.608169920592	-893.810474151228
1203.76100936751	912.314375110267	-760.323306519519
-902.156707506839	-189.501569300293	-625.926951147342
1608.07870664776	972.050607450189	-927.481138078579
1715.71197449067	702.791976602646	-934.013718752688
1560.99059860672	967.076137241632	-905.009724061177
1232.71707630738	798.193522248449	-605.497197036138
108.254854981961	871.809252830308	-1061.01087951512
702.549584562766	316.787391987671	-744.100002520380
1851.22403572703	966.893895690142	-883.662794801398
1242.08407429672	513.500053357744	-947.823421123981
955.529381632378	513.425013735509	-906.597612345315
1271.05339708099	296.630918707714	-809.126685923246
-1121.84601267545	-29.7772308230448	-810.528788429190
-424.591374814190	689.785071305559	-1259.72358724249
961.780401603812	323.254889126116	-883.529595392701
1184.75260047035	757.665525815137	-592.129501065356
1050.15503968927	163.308021380844	-834.929808463243
1281.25835034925	396.470629371045	-602.989705652234
1553.10307503138	943.741127043209	-944.883791947669
1008.42406057343	940.720020864700	-818.203089251148
-1350.78989453963	125.235003233433	-1039.78241357105
1179.36267611751	364.300478054851	-772.466794685385
993.264895223859	244.205024365250	-878.129510697449
581.678260422473	179.318377605265	-621.978408050203
754.618694322118	796.369485215429	-728.272287818591
711.693452940213	883.491233965439	-821.623736064958
-896.170856714809	444.232323454804	-1211.05062943691
749.945872290590	483.190631958751	-485.583603100897
1195.78194586080	401.772008271975	-651.134733679991
1148.18744352849	37.8730813910407	-774.900306807141
1197.10338951087	296.556985817468	-868.582521419655
10.9121242731352	679.080334009328	-787.756670592334
-316.891043506360	629.503616641641	-1022.91985666852
-778.187731293348	205.733468851935	-1291.61958653618
1099.79637307333	83.5064467404851	-600.480608552784
-1341.43129003220	333.679586979565	-990.604195581695
-712.627079214983	676.886441953897	-927.219939620465
1042.50518281260	737.535500466606	-529.871378680123
-44.1052462265962	790.584488987093	-825.772468004296
1099.13376543113	209.673256527430	-589.847331581508
385.216223328627	599.505330682706	-431.930469573786
1075.18998299053	-21.3759413988832	-783.174377088939
717.776911786606	630.778720183040	-419.959739072574
1198.13478109679	559.439526565102	-822.077883310700
-1132.52476645317	334.827404015454	-376.956381689583
-1206.23065897725	454.133195306555	-807.423412233730
-1700.11606062149	197.025731744297	-528.009353411761
390.679827488162	400.494109896147	-174.044101118980
-38.6490525109242	676.913125238957	-547.765599564084
-1606.00827570154	109.974517037703	-532.457462173708
934.169030158120	-135.578115524673	-695.178003469753
1038.02662610505	100.962026236787	-851.367290191097
561.105095070296	58.4299017309850	-395.073505198697
-4499.39601020453	-685.829118099682	-518.784331406690
-3213.84423882218	-759.602260904335	-390.215477170288
5507.09220816496	1120.34498137768	-816.715900393264
3564.73206366267	861.978256645733	-424.624950482174
2503.00327221613	580.395705052654	-212.504643406151
1417.10678378974	329.130651220649	-55.0438506627970
-13.6753221643266	4.15695007178343	-17.8213293340716
-1208.54656355323	-249.143569635376	-38.6574605096079
-2195.22125597225	-378.431064320660	-75.8815372043578
-4783.50086473776	-737.126617839283	-441.573457315300
-3101.98748217472	-660.198819643448	-282.225880632895
-1514.76083155535	-399.320699794230	-202.299870490490
-420.304389633097	-111.446241243889	-181.695049985343
499.305777332055	129.732533701406	-179.287391317258
1890.65056198161	461.966929594714	-154.005530118941
3149.38451687555	720.027426315151	-297.478015497976
4610.07585600689	757.959325562220	-398.976712476011
5746.46795636076	647.467544557205	-376.483987333584
1729.04291114347	1179.93388775681	-1084.55540080711
942.718188598532	125.092470646483	-501.315377432297
748.543509867165	92.9693353333498	-711.135049249877
248.025765665710	-29.5750811837284	-143.335145426858
946.769107575186	359.855586105576	-435.067993042991
986.573606197762	-16.4497041169294	-590.432137475264
921.674092634808	266.999456509577	-402.345513037770
418.977438462539	557.180726629043	-372.286047085207
-5593.13242631240	-12.5099473233946	-78.3350009405717
-5662.97720589131	-80.3156121542071	-137.056451371835
-5202.95435917125	38.2139030523783	-17.3153512060368
-4908.48528697061	14.4863201420987	-99.4335855821601
-4894.98983759241	35.3368906088479	-34.4165662212218
-4405.72686479099	-9.72664599355652	-110.388378161560
-4552.02116106785	-182.606124861889	51.6902769459951
-4408.47771726985	-115.734773369945	-33.2932218470872
-4019.63533585168	-35.7901205256123	45.8845840712955
-4051.71367836855	-106.425849566253	41.6445358158627
-3498.43560967627	9.03387994787406	-157.256390999028
-3399.53796699467	-23.0015705031646	14.7713257947695
-3215.40547965555	-3.56215082812314	-68.4098536381454
-2962.83300211108	6.01834375670910	-115.486244251483
-2910.43482995608	-12.9120853132673	-63.5253935422024
-2631.16505600786	0.571832112311654	-113.453005129688
-2380.68647370482	-19.2292310873025	-82.1084178486915
-2447.79462983578	-66.5863675566310	-2.56008620227598
-2451.26341886550	-61.5323838510269	-25.8711963856847
-2274.02510070612	-23.9782686291445	60.0709562635441
-2302.28220749980	-5.18043549469079	26.9156725061936
-2556.70968785361	-59.1731721297785	155.629043179193
-2556.76055883731	35.4091345813160	204.680171308813
-2692.50576456455	58.4622757753247	110.011465428071
-2905.97520939520	99.7595439925472	210.741190977172
-2208.19393690164	241.794473770041	-46.9788183296236
-2915.18802762027	-48.7024216869216	-406.328206053381
-2660.38242772819	109.184695326392	-121.559098482993
-3105.73853240004	-83.1000309091459	-53.4942033550790
-2666.21449747630	58.6926875538803	220.742480196720
-2255.47386659974	79.3118241886685	200.067944826923
-2100.39522309821	37.0614742229365	77.4147505246234
-2115.77309986445	33.3684821176513	-23.5453184795276
-2191.52343739782	55.0127557107537	-106.771960918018
-2515.89825343535	-3.93040670851986	-103.272551206496
-2889.22667657635	-47.9990342683271	-128.723162685941
-3120.44020597534	-3.47855858831178	-66.3595008248542
-3301.84930808686	-9.94242995085016	-70.3205939191122
-3407.24295221291	62.6032941245702	-71.5609898462522
-3654.99743577034	85.3451795791771	-157.771831688759
-3901.41869777398	113.026995779828	-171.078728637606
-4029.49421854079	72.3240818448158	-151.909166808720
-4863.87479749173	-107.325104722704	-175.142349840520
-5089.96348653049	41.1437169937498	-22.4214976530500
-5098.29110504173	106.675465522034	25.0185709633397
-5912.49428057858	-271.004230997173	-236.752366460163
5626.26196066115	-52.5288983154933	-213.032536999266
5583.70678150204	26.3063358722599	-116.889115465888
5217.91538104633	-5.97273236597409	19.6932447943810
5018.23919871241	8.48789083384604	-25.8160076726904
5162.40603863348	81.0616233452026	-148.643616519689
4631.12155729716	-44.7635039945552	-36.9351778781407
4407.22177968369	-4.79289525753720	-50.9910377775369
4575.48714271870	76.4488521934595	-153.429063951934
3784.45884935906	-72.3073595302815	-70.8896896328849
3923.43580604488	-1.56031479009386	-45.8138315757647
3966.36031638895	47.8424572183428	-162.951591161371
3245.88606224416	-72.0048144536956	-72.5545740607570
3319.20557328428	-4.74984858377690	-60.3770411788465
3352.18067959322	47.1029256250626	-153.581975613706
2682.11157688254	-48.0007243196217	-104.555427557963
2725.84805592814	7.41228686252762	-75.2937527903603
2688.95925842979	22.5648110318546	-156.627613663902
2104.99516994744	-38.3326921320501	-163.058843989844
1897.07467061504	4.51028783086415	-173.016439661238
1760.77884097285	-7.27266525364965	-222.079542607589
1211.90982361551	-5.74666301960276	-319.064952469522
682.014489144666	-9.66355863046255	-240.923012529300
419.742874978843	124.864600421394	-247.751306642176
5388.43738483269	23.0500129216974	-116.659651772115
4703.70539133489	-108.372126048501	-128.454451558261
4795.79654480914	-11.9727314580013	-117.917309565823
4111.69084938587	-67.2129165640134	-140.711811990547
4208.91824592112	-6.17173557121139	-147.553978608689
3951.82567146985	8.12909908651507	-55.0957060030496
3617.55266390388	-1.20473881112980	-139.158015329545
3373.12769630299	2.42752735952556	-58.2598160344199
3026.29635807269	-12.6353245785494	-145.245295560098
2768.69453740278	9.43255826149148	-79.9856437075412
2381.76303913732	-23.4828849726044	-158.656746206938
2057.30583809382	8.20398869930209	-152.795467900668
1434.75566873825	-55.2256487428228	-249.016914175773
975.490219758329	20.2194194550534	-284.601901399371
-945.777777526268	515.975875622664	-634.269614020263
-1642.38593466263	396.419209464517	-439.577443508860
907.947173729013	127.006048092007	-743.209918916987
97.5523397885874	695.099272671577	-352.904025401591
61.3056062547010	436.254090792422	-211.043178200656
243.682335833705	270.113796920629	-140.254870718276
1044.87754238423	-105.888866883320	-753.663237434506
695.558634220040	155.394978462432	-336.465012521161
-648.307793042778	399.185423289449	-384.849261156042
-2635.84937962077	-500.900673193551	-374.915566667812
-896.938406709911	-129.906128322180	-247.710038593143
276.601079029503	92.4722951483307	-165.276559887668
1198.70509122159	199.958246427282	-200.603302013393
2175.64366460384	434.309381562925	-319.818636423506
950.850598100719	-108.385498272409	-629.418504330316
934.538443236192	-26.1321649102017	-501.544199745927
-994.548985426433	391.987769762885	-226.978740763402
960.402210058150	-82.8125945818645	-767.453596039921
-2543.22822825372	66.1929291990956	-268.769467047226
-4619.33990603001	-34.1547862035966	-243.451099429920
-2278.35405031491	-109.625045918165	106.924342981824
-3570.35880248731	-48.5589896957335	-336.741708742073
-2245.52093799528	-11.6374598944690	-152.637471194370
1240.70461182749	530.939046187260	-663.581290439434
844.193216197535	-129.995800379439	-549.684158877691
926.408178944802	4.00549969733944	-791.617699034275
787.852122098369	-43.0707228694563	-612.378680493615
4321.74506205406	22.9156374857371	-246.872244875669
3892.13233425171	102.058606123004	-208.880586375512
3581.71616817089	52.4082275605889	-194.793139093418
3076.93517013931	28.4608017337949	-208.188706500818
2489.94960642661	33.2222913090783	-220.915012681730
1836.27138498962	-34.4200316313512	-370.788149682553
-3448.02691359388	20.5310685074318	-280.509356187724
-1947.25828344853	-41.0246934826743	-48.1147139608481
626.008365320841	-73.9099506145769	-348.763198540482
-4816.01212122101	-20.6082342699432	-184.513683195661
-2803.80355738143	39.6689531404095	-309.126245028719
-1679.18394767294	35.7323930645301	39.1706401168517
4031.96712190919	288.424718503706	-299.370434089199
-4055.45083197816	-239.908390630961	-294.457506278163
-2155.43001397787	53.4608059388690	-239.845311907761
-4211.24036853295	-61.4835485299000	-235.497949042112
-1862.68547873778	361.588623902051	135.815222017953
-2116.31884744678	-68.1165867712944	-105.371721512522
-3630.63753198234	6.18729001569818	-280.829717247285
3325.10012996228	-8.42107212517080	-280.888143395506
2780.66833449679	1.20960403529965	-265.966411457617
4881.12380954451	85.1690070441038	-387.641187840905
4257.64782932606	9.53676737893995	-281.963774943643
3984.70016353019	37.9700643314607	-220.957515431123
2358.70999659621	6.88668078206762	-235.521517128751
1570.08489155514	-37.4730035510780	-382.344390685509
-2062.86278775649	-107.220295403719	196.781683336558
-5028.00344449303	-150.177477281954	-337.514475913867
-2955.67981120809	-9.79649019928025	-147.091990822392
-2347.64380389650	-31.6858392312406	154.358134551073
-2919.60300522202	-97.9040482857841	-197.258678065721
-4301.13038283715	41.2695543946022	-146.242392743372
-3670.45248780877	38.1175497312059	-305.323316124828
-1986.08798989063	-23.6047598993656	-219.901309652229
1968.25419297307	-53.2025215548520	-292.667888660260
1244.70684861058	-28.1021077675809	-421.882897500699
3938.40414078913	-4.40811704556274	-188.271661478002
4531.07595589031	-20.8600749437692	-136.468423593065
3417.58281273538	-52.1129175454944	-231.070165862222
2866.02032879124	-55.3164766228990	-229.401436366598
2378.06436056591	-50.0009094869129	-263.206248081776
-3229.42641179972	25.8337141376302	-372.353707386058
-1891.68647017859	-52.1343626749341	4.42704257266173
1011.59587552345	-160.646580357060	-754.939330390562
122.412264944064	561.523102037461	-468.108311004356
-2148.27908723324	-186.293942614309	-356.946692855995
3167.77218147363	479.944835014407	-554.936955912541
945.333878173410	-168.916523063003	-692.125903409803
583.897797320929	41.3308846117762	-327.291190831152
-152.668354108231	230.861092820636	-28.4504696359243
810.286393461887	409.740174582506	-382.950693066352
939.462216416127	-30.8529850406579	-647.301984153225
1019.39062541070	-7.41384887439479	-807.262591104729
-4357.57477164296	-237.301719345891	-397.427198826519
-1414.56018800345	-56.6806020857447	-28.7225432948118
-2771.09105931915	58.0233612925029	-234.303008641393
702.921348821283	57.3328296310663	-309.228226109009
-1153.71850789180	-78.3411087638330	-179.855155467853
670.448919248823	-146.376071999655	-522.061267870497
1612.60383516982	-95.0653995342442	-403.560296749529
-2508.59574028631	-78.7355736660603	-235.810694112042
-1861.12191196114	-37.9768971422581	-253.432273867051
1972.98586232150	-9.10174797366285	-340.193599128380
3100.22957642141	-16.6533096082994	-405.890068052633
2584.67190508271	-41.4596198594920	-259.876053964990
2898.01282314171	24.0172403123806	-312.818611790062
-3141.48576668412	-86.0135525545848	-269.071035749763
-4012.75208182159	-10.2273751796494	-266.528895565969
-1605.58481989045	-96.0656954176739	149.982207217627
-4435.09700111880	-138.222466779596	-322.727682622794
-2985.86591033537	-122.087257695654	-287.363468872648
-2015.87798875180	-66.9171991958283	-206.902425082809
-1982.48279247180	54.1525953227528	-255.559620551245
-1134.87241281556	81.0069104415516	255.393759994342
-4013.37504093709	-98.0567881675527	-327.264866362759
-1149.84026475703	140.712928832604	146.406417135969
-3172.70402746999	8.00294661089163	-319.525582751121
-1573.92057815528	5.46388620659036	-244.260819914489
-2206.02368900361	20.7649162107720	-270.419473659620
-1640.78291907702	-92.3288161429603	-87.0093979358587
-1482.03579057735	-116.714073562941	111.800584001410
-2417.63615913713	30.4202072688928	-335.899252221555
-2734.72595113075	57.0170571833887	-271.899481725909
-1628.84737312798	-34.4606640344409	150.976573777170
1286.20033600578	-107.225372528033	-520.737774352118
-3881.35912879300	2.13322781844839	-265.288194771468
-1229.13516701800	-1.98546291380716	-12.1189318096332
4076.81350172057	-51.9154492283123	-217.902244303442
1450.83749147960	-78.5628303885969	-490.308771915287
1918.08595296310	26.3346908442127	-331.161694839171
-2846.30665208478	54.1483743353509	-327.804089427161
2091.19428307214	17.4852506012689	-286.213542038785
3366.31351496764	-36.0454283314945	-325.008939544140
-3537.26945528478	-147.322187607940	-290.145062858942
2391.42942865342	8.59190447665680	-203.902112046484
2971.41167483363	12.9163281690961	-198.244753893073
-1649.72375705872	-86.7628261636097	-138.996261533637
-2417.76353374693	-0.555284697938127	-307.242562061334
2235.78256322945	56.3095240327046	-235.958314534712
3341.66417138034	-88.5099580263209	-214.275824434414
2684.30601985257	106.400221763492	-288.916890882556
3193.82803722147	60.9145359076924	-267.968037299390
-1837.24907923023	-13.6984114316136	-346.870816729494
-2268.92361728603	-1.47429268332774	-247.937826954462
3915.94910916992	143.206879984752	-443.284048997710
-1282.96700150641	239.683067237107	200.734983651054
-3387.12198715621	9.99612017028527	-293.288246683592
-2143.29963777050	13.5915589283454	-265.557354152200
-260.174139596509	-52.6158870213755	-272.802418972943
797.193080500331	-188.070806111187	-538.800268760224
1065.69758745734	-78.9974265344398	-649.272436063409
834.201913655655	434.905141759143	-351.916580249169
-1287.47405566930	75.0600735274493	-149.560041812972
4480.35618458141	258.020693316313	-349.620766048997
-2571.79787343885	68.5031598993489	-392.044078154653
-1236.23169938261	-0.400592881658637	-369.080824447307
933.574125520382	-193.836775691905	-699.844649708243
1732.62726380798	117.004693892787	-375.401681419066
-2585.48880809050	-187.724723611096	-378.007163822943
343.395850696576	215.348840544926	-181.301960245817
3125.11849843182	141.321501927693	-360.078024838631
835.343432152674	169.442504141052	-379.269041244226
-1894.33439822856	-17.3958382809649	-274.778043673775
-2023.61729180045	-61.0703846662626	-306.266662560273
-2315.90587753878	-26.3041917614837	-366.965336104715
-1643.78480233429	-60.7059840389504	-228.959843517595
-2709.06336401292	110.396965950563	-259.889659727114
-331.950787438695	-49.8199198509549	-456.385171439291
-3218.15152196168	-104.367852309752	-418.688221931318
-932.255283816705	-94.6569040258757	-3.04388964488207
1319.91953838949	-53.8298925059352	-499.447923917663
-618.170177086455	207.013635894419	98.1675539927401
-3223.00138498841	35.8259461241021	-311.125336028481
3718.83483917927	29.7568022587046	-342.548585445828
663.999095404559	-249.923709910505	-544.322523121471
-2933.64980938487	-71.2276662358091	-275.823070609067
1809.28936189094	9.68885310275167	-341.322856529134
2135.31009507212	38.7384075124159	-299.282042733928
1010.96369868902	-86.6837289230928	-755.397822350659
2681.04960549437	56.5005102529236	-285.232603075125
3175.44845792365	78.1896840455750	-253.663501257174
668.176483403531	-98.3065638440929	-362.445904505706
-1770.55449564276	-36.0424001726238	-314.567874776926
-3949.33497877193	-322.484481046809	-409.488768541916
-804.556782111971	-11.7728135382476	146.053196281970
-3553.17408618244	-110.909099607758	-394.524293442661
701.447640735033	-236.651276413464	-614.619646297416
562.500955026569	-118.076175807699	-335.034623759057
106.132361014688	0.770306541127905	-116.189162987011
-2739.44772503098	-92.8597961713991	-448.690211125346
-1289.40832165657	-113.964775343927	-183.985984027579
-2278.55908673543	-38.7746578619584	-327.909955184557
-1986.23239775034	-1.37386459583602	-408.606053424149
1112.32895378025	-144.075742976318	-554.369777061218
2973.98412839932	-19.3190329542179	-313.574673186046
2594.22980258324	16.5580012599781	-310.599909982383
3581.92583184680	77.2562144535890	-241.682624393708
2136.19099092834	28.8155063761095	-319.142609840704
1552.10013477409	-64.4753027023254	-410.468237594880
3186.17420827633	16.7553356123395	-323.190996329281
-3199.09428487394	-50.7979062323960	-297.620851788723
1616.73246517548	-117.953122278592	-395.004545482768
-1670.66230700334	-125.393568220916	-26.9732556732444
1919.60929976962	46.8881169059265	-383.591263185875
3179.85023167010	101.112760329884	-267.038010003558
2260.65362857719	-73.1359895049091	-399.142334707235
3214.02724606298	6.63514901644626	-330.718696441865
3600.87071265958	43.4815841300639	-264.711255784056
-1748.99213783461	-79.7290425969517	-172.606338219471
-1541.42498308616	-142.821380070278	-466.044250849348
197.203415549654	72.6507432298153	-388.044048171830
357.400680559117	-14.0482847504252	-148.369510345017
-618.271975607260	-46.0819544179824	-6.70210566610761
-1657.58784419956	-9.19697241150015	-469.948157699075
-1769.75490937992	-48.8607584316691	-338.968571762690
-1466.22627527223	-138.719546845208	-290.968145581942
-1353.05171904746	75.4482095438274	-521.218879473570
-1286.63917109018	-124.998771973067	-376.174485456117
-2050.20984256475	-63.1804960305902	-429.968294518114
-2141.91025453210	-64.7282025130531	-397.422529670676
-2922.24163425812	-63.9025315122440	-308.606956207991
1585.41026426155	286.913005267796	-403.119220778312
-2290.54961702329	116.602981965627	-330.038617992049
-2020.62686953520	123.268335682436	-350.257878881803
-1662.65490749726	-8.18160022891948	-404.228270409536
-2197.96761378489	-103.636397530659	-506.129819367835
-3204.04312641060	-190.422205554644	-454.454388557464
-532.714593995255	-166.436595787976	-40.4045262174816
2269.07610780016	163.313355429852	-290.259782767474
1086.03677452995	-171.947251830151	-638.580609076615
-1013.16347799851	-67.1059775354774	-357.595991419747
-1819.91871132960	-62.1385503633601	-447.709744719020
-637.847902210807	-152.381546477647	-74.2168150737578
-2140.19513696561	-23.1469739518352	-522.776215353468
2384.03557124908	88.6615829943722	-329.644675140595
1898.74872495443	30.7461032921557	-393.659624532939
988.352925956915	-170.741396493256	-606.032590379203
1490.16312635521	28.3369870647725	-395.201025434163
572.651766016525	-199.382591458148	-560.338118611336
2588.53287852003	26.4442723176234	-376.341096663248
-642.056822052598	-122.070323493364	-174.663060220462
1308.67040033518	-37.7687127621760	-456.339952097307
1021.11094378044	-159.014165741446	-533.493725684462
1317.35752775459	-18.6222786517252	-444.989593012654
1258.72980279105	28.7952462373165	-419.879202082856
2348.08721697521	43.7454278109317	-373.312837297453
1545.13973461320	31.4809599605806	-479.292710243473
1837.30947694889	109.458557746974	-463.587862563745
-2078.11229167761	4.98395931046374	-365.551779471237
1949.01260389224	-105.475014708104	-487.315538817090
1084.31545736330	-59.5576439041064	-370.737554325225
-845.675124702079	-96.4040227161644	-299.562376759577
-1207.05910244496	54.8852129168318	-408.758835057006
1954.89946195103	-77.0367479852545	-456.754533246637
1844.10091040198	67.2963921905831	-395.704034471144
-2363.24027346738	-63.0325714358267	-279.865328695305
1025.13779384645	-138.956498851339	-731.810270261212
-1726.33494423367	-2.86657046407643	-423.307905777056
-1400.42346154447	-30.0713822857111	-353.145363864307
2888.04630224562	96.9376102759541	-467.461069158023
815.945897770451	-214.880783389925	-650.689207915910
-2672.44180527190	-15.5833925762731	-402.894716572296
-139.159555020911	-66.6164790439593	56.1225476171467
122.094890772215	-237.697118393116	-298.732245534846
-991.486467112399	-70.2731137685777	-395.228967771292
-2189.53769646833	-136.737188532462	-409.318541873851
-1170.44748032366	-53.3144952439290	-396.272594731965
-2556.83448507425	-5.58415958678000	-348.871312402414
1374.74718231349	-68.3934116176174	-483.337811820580
1431.52565677304	42.2261450373453	-398.191918493704
1890.38223890990	-94.4589356130533	-348.161497884326
1955.56566546620	-4.45604163318419	-379.799520672360
2958.06786057732	58.0162389255560	-462.014581294711
1013.39875552529	-172.276277862558	-656.202605968658
-1041.17213467190	-120.946864283772	-131.967849173547
2534.75415579798	318.655458645858	-264.133411322027
2682.72208240571	118.458278449964	-364.067277871806
3246.38400601694	123.171769616354	-413.056978252347
516.553937354221	-250.672805570543	-442.133237134059
-982.736516195608	-138.513530600254	-199.741837257039
512.677348221409	-222.390886910419	-510.978225880925
-2170.23819441023	-127.471746872988	-518.903911276577
-473.460872684424	-24.6238855620663	-459.877652312884
1129.99071042675	101.444376549135	-497.525934710251
-1190.16006245892	-61.1333954665336	-410.376807788514
-749.450709940291	-13.0270116342152	-466.950890906875
-3107.62483737748	-322.431116133818	-434.315910688139
2346.28428195535	97.6020045850933	-379.519799486314
1395.61181124828	-56.1451856464052	-408.830422389107
1034.65170328580	35.1215081583755	-427.445515366380
735.358908855189	-111.956635224215	-508.379413774825
-1058.84100353584	46.3289181080035	-429.887967546869
-2626.90351791341	-112.090689584240	-483.769823033571
804.311832987532	-218.847948394926	-634.557605320817
814.079841086916	-169.428652945063	-594.040767025803
-331.047728643615	-211.744392330722	-113.690993248917
-1063.73894727215	-92.9378091231384	-308.693656262763
2330.14841771713	153.945258202891	-502.764414129156
-652.062321333779	-196.090784041387	-231.631607853233
1025.75609986830	-135.096441243993	-565.050590707859
-645.511700388729	-173.505995702239	-331.050051350401
2087.74254230339	19.9395932100982	-553.538260589019
1143.52627766690	-79.5833696973191	-448.019743264298
1471.76406001397	-18.4429929640089	-439.674298456061
-1503.63325876892	-35.8656847558046	-364.871574947749
-1684.02068331497	74.2181059255929	-480.978174722502
-1453.60471748766	-125.932100444211	-578.243079791637
1459.59724295586	-23.9075831368589	-418.175285472653
1661.34609828989	-53.7518315704074	-442.158471726652
-724.626348140919	28.4371386848800	-502.187761839582
-1279.51697188264	-6.44362007182338	-451.830427787198
-794.039665581139	-90.0325865661299	-388.136709899043
-1264.46526287286	41.1892571832347	-464.488291520308
-1869.61910738680	-126.506550020332	-460.924104188330
-2036.76954745248	-221.336565635314	-616.138433425034
886.193531214479	-189.781360154792	-631.112041885893
-2474.62671226146	-155.998708437286	-500.104576662928
-676.507299656291	-211.985201582455	-66.2260647391740
-350.470368182413	-227.263426279226	-231.360883342233
-2803.80111505322	-36.8890485125127	-397.287271928652
-1799.18953313721	-102.394023083636	-350.807729099317
-1373.61585631476	-8.52446199819582	-355.650123659035
-945.344588169806	-62.0613298138712	-436.111951178264
-719.270842110274	-126.778366062742	-363.420895911454
-866.373373379119	71.4064723045431	-485.744224888572
-393.412322865305	-49.0547685008336	-426.541908597022
1685.07530289176	-42.5986250655614	-430.144188493132
-1076.06877428404	-125.910307985191	-571.574760079687
-180.378072906813	-227.483482983349	-292.163937685035
-2909.38931123349	-417.570300817760	-344.029238809655
816.968348572725	8.35596282798842	-502.658966407532
455.324984418272	-16.3261847091341	-534.698964837430
-1435.78991705719	46.3081883276994	-414.039875630649
-602.300988839689	0.623194040465723	-477.031552859029
-984.658678401990	-2.52879466104404	-546.318298201112
505.381031151208	-78.6741737761749	-515.904485731463
-352.965771645393	-177.089368952487	-403.947123804675
-707.134416062960	-3.61333069029908	-476.874488524871
-967.645965424039	21.5660893112371	-463.279179161168
-1379.08471593033	-107.276323573713	-474.112368568620
457.166852579653	-273.604816959939	-508.086866842037
-229.985429067748	15.8686894715309	-564.740946327023
1185.09854487012	86.5716540757135	-514.126736206750
1574.37847633258	66.1963208187109	-471.879536815153
1362.60813541872	21.4504651065427	-447.109737713825
1116.11161473417	56.2292141767246	-517.737120080760
1487.63831323983	86.6353970155469	-406.179393927352
1087.24044597827	16.6908470642089	-478.725968220174
1150.66267022627	32.1498248962962	-470.303701194754
1686.35475279089	94.8891068346849	-401.020030000790
-1411.04026397802	-182.770682788954	-548.199834950582
1007.43417656799	-102.500857870917	-491.633616762990
-502.045870403540	-125.550339824485	-393.820103512138
667.460938740025	-209.280942075231	-559.303650901200
2170.98488736652	-13.7345445776227	-451.626633806500
-1179.70822179558	27.3401145763874	-461.524043796687
-482.235775961455	-11.8016678006212	-496.136619654335
556.978126262404	-66.6543386032940	-499.577951900838
-669.761764656632	41.2207408319078	-448.089412269261
-560.358257999365	-107.893825900836	-410.443816914605
-544.287546668180	5.26933891669631	-498.893830564708
-782.734549769763	-31.4547059495797	-498.350317691018
-1848.82966538352	56.8535824011417	-408.046348319382
670.419899994365	82.8435372532511	-542.614551955477
-756.431530899289	-191.327645369596	-215.680445265989
-1131.03319883166	-46.9853418411347	-457.621321240817
1108.58884164594	-108.447935620963	-539.123831316848
610.832988117938	-250.359912615425	-563.490433526829
-1907.26569724402	-29.8245329575554	-458.193659886554
620.749700067275	-218.325319755831	-569.285588465440
-505.923047654190	146.208198595339	-451.383133477476
-490.941364923365	-117.373594236461	-440.680292442862
-940.476833998858	-31.6469204151406	-583.897102705201
-861.815513593820	-71.7761667148321	-461.153236532715
-957.233792319515	8.07880578875306	-464.060226861417
-498.629842464872	-207.524210648962	-232.819958057896
31.4209642448488	-220.747227920289	-444.544528633566
2237.77708725348	72.0320236758705	-296.131764080273
1405.71303713945	36.6762227172302	-565.034103816255
1195.66818831749	16.0616766182396	-415.720988613484
1127.48672824903	-67.2067491250775	-453.839690040200
-239.433722841388	75.3860870768123	-537.765360570677
524.605293029585	-185.087508688927	-550.117522661222
-915.179728739921	8.45378197714093	-509.278715100690
1133.34661808111	-143.434604070413	-601.915477870778
-619.223479162549	-93.5853140221035	-449.781840675354
-594.646502959761	19.6540561851186	-486.841814787765
786.863530726520	-29.5656795299388	-484.816248771198
551.891521568958	-58.8934800634736	-459.168144545409
747.008747178582	-100.510731574942	-528.492036383933
-244.994981271725	-181.254429110610	-401.489879895792
-284.674796327404	53.4481275201100	-489.719986344223
-479.519890797751	19.6253272078722	-480.785431799634
278.535845629142	-119.497905800621	-476.157698809430
151.321088701779	-305.322881454934	-484.073939521886
-823.870716393351	35.0046228916564	-472.906602759868
-1231.52386653659	113.080363931251	-393.891236048905
-141.251965279170	-95.5762537928191	-488.101764619917
1031.57396704794	-35.8357624272394	-453.372272920207
737.041207376345	-65.0720039681157	-492.653745323872
925.518738222753	-9.97755791087816	-486.163615699555
783.489723327368	1.59389735103820	-518.683544787198
666.306490212978	-65.4479953010517	-453.288876237199
645.024143545507	-43.4992156322448	-477.949497234625
1169.58116174792	-37.3205389861368	-447.769027644973
716.344518478838	19.7425749925662	-499.991904705708
1513.54288734831	56.1587596266497	-424.782544211593
612.657175796650	-158.513834975297	-577.752910518821
-423.664498135628	-180.298903344928	-363.720912524892
1333.33618623440	-40.7105750830237	-430.780759043868
-1105.43602077773	-2.55350925589427	-446.353846007135
571.441357905959	35.6109807525906	-485.393301312415
945.666023396576	-6.57393647829431	-456.693843266368
303.535748263560	-81.7061643857167	-429.168885516755
-600.433288491748	-45.1997800271464	-476.957825328491
-222.145741915203	-171.226151828639	-399.814206792381
-536.074748448195	-17.3303288708467	-482.901664956880
-195.507272984214	16.9906182081130	-470.864750600590
-519.304912005588	-65.4523593769714	-492.682247941741
-243.318639959279	-252.463667297352	-323.951516313270
-392.099753977584	176.049314438803	-512.884795234034
537.251359100465	-20.7752510186000	-497.392044952219
528.331969961241	54.4667143166787	-443.841028968046
304.462897526141	73.1039535336328	-474.260800079537
-109.602306352154	-61.1215821168312	-483.002741632021
-330.265955743621	-62.5158557403001	-488.172069469384
231.433027111446	66.0394847903180	-484.690518620895
-317.231360510115	-60.9363303106945	-491.616598977599
214.944454705507	-132.003222260636	-522.536332701400
243.445237571642	116.304145574008	-489.779908588475
-114.632917722017	29.2714306027903	-518.125227480810
372.202493694059	-176.773040677410	-505.349550268535
-189.071726188361	-12.8365723608608	-490.794598727669
131.637070875725	-99.5366131538792	-507.619438691550
18.7650243393929	-33.2032207491600	-494.451220115515
447.888904473835	182.776746188398	-456.135393999769
459.704488465628	120.882493468554	-582.131128266588
133.581440798940	106.140893343664	-458.519076619369
60.0370411612501	12.2280282915032	-518.076984077726
219.870627447252	32.2558982635338	-495.121213972800
-78.6371796751000	-86.3613502825920	-509.795679066522
-149.625448125759	3.23608503236149	-504.988056068876
-61.1403952774784	-110.938829272238	-478.734242858668
58.8583060741278	-10.6987453159298	-503.143254821910
155.751989423862	-171.594390484146	-501.832486352781
209.346944866122	-86.0065578651889	-511.290420958202
-62.4939007824365	-30.2905359492576	-489.556396864155
70.2099706983181	-10.0781391148876	-526.797390299175
-188.049197757834	56.7556773668205	-484.951781535239
1562.55626947347	158.228319650713	-523.968166954906
-633.869516417951	-27.6054999303253	-498.278314345662
623.316896957414	-132.266313198373	-549.497486599326
454.305144750224	-196.440918341731	-527.387453068719
891.488227578097	28.3244227839740	-467.360837163622
-176.536370959462	-181.295956587975	-419.016689125555
-656.459175782168	23.0990474483678	-530.936824801417
170.549413708575	-206.435185337439	-489.460039451765
383.745016943665	16.5452322956351	-420.210450088935
666.659587883643	113.882447398046	-564.728385120660
116.940620606455	-13.0596506803294	-515.639074007990
-881.349885863931	3.93838010369499	-513.548640946611
977.006016371212	-4.23758033702297	-503.974681669660
589.041807283611	-13.2373964214580	-508.112110476028
687.406508995808	-88.0075556009582	-501.123616314681
773.884267239583	-147.616072081792	-585.453705897936
402.220413245843	-142.531253245263	-525.987770117259
95.8551552370190	-31.8775589901738	-517.480376497289
481.227929919842	12.9887122433498	-491.743929786664
268.413505400994	-28.8616666499320	-502.637772316573
-546.439918276745	-140.763333460562	-481.496176687485
189.718434632730	-28.8734158311864	-493.930224883387
18.3847441070131	-85.0663998276422	-535.789541959039
-32.7423046187797	58.7924400093075	-455.728897077233
160.365139913350	106.702779011546	-427.732853133852
-573.975630380925	-2.72022963216962	-489.447240662525
460.455222121288	-26.9178622389188	-470.209468064533
389.143823461822	-18.7346965061138	-541.790473196922
495.537273537875	8.74758356885101	-469.885268895181
1296.36996012941	44.0598304326313	-473.380938142233
723.385369044356	57.8130477524589	-526.596813068933
90.6710153708497	77.8094804662972	-540.329725069557
-290.351880727662	-3927.92885585651	-1179.95943202489
1510.16318736408	-3531.03663385308	-4957.68779104157
1754.12989401550	1901.57250984850	-1681.11005531364
-5629.19770348603	-295.605441316504	-313.478323145073
324.761952965543	204.233343007367	-398.671489349739
914.359188046622	971.470153158036	-976.259150501378
-114.678635234313	-731.665916499706	-607.828328376630
-584.888546529822	-2136.54022973363	-1437.36540514933
-100.847188348373	-984.742489731817	-877.525763814468
976.831588773679	569.037681507649	-918.749679424861
1161.30244653711	804.147679450001	-993.465754039009
3102.94350099815	-105.285817664202	-246.902473939518
3703.21186289586	7.91581578818779	-345.591664790336
1899.91047373716	-42.2031839848782	-260.331316072087
2166.56395504505	-27.2760153172506	-272.276516795745
2359.29251629766	-26.4504826059785	-274.436708028023
2492.80684561638	-11.8293283732636	-351.019912662563
3183.29291100873	57.9257228753060	-237.204243157466
3277.79243915168	-4.75059824583918	-193.250401298060
3754.67124569326	46.8560271064598	-254.618287950113
3138.96091832280	31.9761140354956	-324.773377421684
1236.83085117388	-92.8787603246340	-559.867079393608
-540.117748316017	-503.339708731464	-980.438387337391
1457.60583469435	-49.5004876779776	-427.350455225932
1935.92757426578	-60.9542739516880	-380.126547699377
2778.05723902854	-45.4679213462756	-317.727400488419
2461.82959266118	-10.3221706818985	-394.962839431669
2414.77298520558	449.686314087473	-307.031190161496
1393.68498227354	819.139046939193	-837.409307899770
-1763.10288927859	-174.311414991093	-310.528907339343
2341.73319406326	10.4547264783545	-417.101768924092
-586.879058210070	-902.779332870089	-1440.59824951575
2621.87938863008	4.91864234533729	-245.304473811744
1251.06426315148	-28.1008662841782	-452.708102903591
-436.414910518795	-821.775138135505	-1030.37095830160
-477.660593970019	-835.098900031108	-1182.23853163902
-1442.01371977560	-50.3019958051780	-233.445143373595
1963.30251949350	-55.6239010417988	-452.715470292666
2888.24118936014	14.5355296512182	-276.026377942550
-3331.98214793830	114.710085874933	-217.260633287884
1001.40784908698	-200.227196183818	-714.618754717513
-4295.48212061068	-104.785429546944	-313.008380018166
1628.34425524300	-62.6591465194832	-392.665180901508
-1049.57119921982	84.7842152493401	-1198.03361965909
-757.404860941465	481.051776763194	-1410.37511377607
1259.34709113368	302.138208916397	-686.510349257183
1190.27024950464	650.768378034371	-611.453546663429
-1215.63718246714	-134.788865827204	-426.466587315661
-632.264436752823	-67.4433040640634	-374.090363086657
1333.88781164390	56.1248915501861	-276.067168040839
-1463.75644537474	-98.3603899327152	292.012063255035
908.676124882017	-156.280007125807	-625.704924751954
976.846812991155	-180.815729191199	-715.271159817457
1076.61755080815	16.1249330787639	-501.092584034701
983.501967147990	66.4606060234988	-502.423105126046
889.901330709213	-136.194730873501	-522.312515013330
632.115844951404	-27.1681834915252	-473.802430138421
-490.223305105181	571.289373302037	-535.548982200540
-172.713939301368	414.166888314400	-89.5788944928357
-1824.45111829156	-36.5843891042410	-370.306470360378
705.557187402086	588.297801795684	-341.356243485768
-932.219109747362	284.693889662482	-1206.40094164929
1014.78815103554	789.050361600889	-693.494775292234
-767.199149184608	651.708923746620	-1118.57886118309
-1290.27745336745	-119.229180694746	-129.661406789167
557.508920199546	-39.1970227981694	-460.870267522482
594.541617156923	465.361896720224	-259.055528750604
1094.77032914699	130.329408565296	-698.577252594437
878.618760276291	224.533557008734	-414.405288328868
-163.686681936741	-52.9390472722299	-436.442201770042
400.727573375793	37.7882266229209	-328.839615310478
-303.075082791190	274.868096963422	-121.579924149634
673.441159931093	691.447321627001	-599.508700521699
35.9837381927281	-68.7163247232653	-479.561812486510
357.917397332656	497.068146699515	-257.219715246496
820.405875425938	-28.7300425391091	-552.812448420332
714.516993148083	-7.38841587203201	-575.114058154368
-64.3101292493323	-132.549863380619	-444.305744713772
609.806857149961	-35.1303662417030	-525.823596494701
-46.9461925281727	687.834640828753	-898.946427867804
109.935952731230	-70.0046512838593	-473.928903856658
771.241015630004	-227.874892565015	-593.966817709079
473.691947382968	-109.655016102682	-525.104779623459
-1110.25495117612	-173.965764403950	-202.916402493608
-123.642127312699	-42.7777788503570	-489.490828305432
-972.044830863971	-62.0643177081848	-425.265404806757
677.218040237258	-241.446989177667	-585.735624895897
661.129871333736	325.891474914864	-240.555780141534
814.985154361258	-22.4904023969026	-460.932811938817
458.438193311377	-2.34673271997080	-489.317333535801
203.789951519257	-99.0045454463263	-435.061159765117
-594.043434196317	-8.58519435307539	-486.895829353611
152.687705408555	-100.684943548242	-469.183528893456
-58.7521257265671	170.098547791977	131.848928878333
-218.331762626390	-73.5467217211393	-562.557653519712
182.326221871821	-13.5198223439620	-464.261368306771
-933.350599361773	-159.567473530135	-183.338352201735
998.794528982095	-71.9932599646884	-686.518659561789
922.124333495752	-94.6287964288023	-606.516306206250
714.660338385828	-0.0488825728746178	-353.956343316732
-33.0006687158421	10.2166103271903	-488.022705580477
-225.287509253537	-0.319554282805206	-542.024496618857
-107.476695767062	54.4126129738207	-436.840338741652
-378.699314717418	-101.529189465076	-546.859788607940
-777.707372286415	-205.666090995138	-270.354959985216
786.672953302443	789.960970840157	-991.238661605375
0.622490359843710	45.8259502288527	-131.989650295892
213.348015775202	-17.4062081844499	-485.865965545896
19.0499014631614	9.20637842152950	82.7997666304895
-385.185400772318	52.8853185130109	-545.702852200633
-701.935124659525	-164.845102280911	-133.366682142336
-612.579182528952	-54.7530558730527	-554.021805900775
-283.006227202506	-95.8992484313728	-513.841590077616
26.5059860182310	-205.328526990660	-456.879694820606
-1849.65787688725	-38.8395115263530	-470.313850487430
-2149.24322816416	22.9924989310952	-457.387860422512
-1158.64879031745	-5.99972401313162	-414.511021107759
776.055956226017	-200.271902133612	-625.768762375220
722.856818722079	-127.010278463052	-479.078930715883
688.991548669379	-132.407565343815	-410.556519036724
-497.048680036474	-186.511562254658	-326.776593844030
-434.067830467031	-239.463400572327	-271.881756661891
-807.294357656103	237.219167755637	-435.296971878520
-182.959323207000	13.3828151549598	-549.621490800158
-391.167914893533	-1.66727215952496	-445.231127602910
280.503787184377	-2.28780071482647	-188.528234130490
-303.385059770749	11.7769097681816	-518.200278426392
-182.922210377504	48.5921111476868	-484.358111255940
-1715.18672070474	-107.761533102385	-513.586755477255
-296.490655015149	-36.0228348652451	-496.258444506600
-153.093509258580	-245.936028766715	-244.865676104181
-76.6362201492362	-219.789530683316	-360.425287824091
-1477.57240800210	-39.3881357722441	-440.116299524222
-1058.65936624500	-64.4369101080902	-393.891331384215
-819.850361585708	-11.7604539111701	-437.971111323385
-1040.83019464319	109.025224280409	-452.766744028993
642.609178420710	-231.509794470432	-494.053181637043
591.292315921783	-193.868554841813	-369.370014141145
177.826391745329	-202.992882271165	-223.357968836481
429.607162688240	-57.1823412188124	-178.852986348507
155.149836466570	-239.493783235430	-429.112016477469
-1041.85788890027	5.95855732738302	-441.599560871213
-59.6078977481070	-262.199306608402	-305.315304560493
-1159.36113454050	60.1038708710464	-414.220617126806