-1.85222721968935e-05
-7.51336945338522e-05
-1.83700340985851e-05
-7.20735673065213e-05
-1.77996465999470e-05
-6.62190237781352e-05
-1.70846111021610e-05
-6.08972822811535e-05
-1.63795739521427e-05
-5.60655578821680e-05
-1.60508099174166e-05
-5.37971158564773e-05
-1.54537164989888e-05
-4.94835888440966e-05
-1.49233703166437e-05
-4.53877216808202e-05
-1.46744395985908e-05
-4.34009288577433e-05
-1.41907209594520e-05
-3.95270056554213e-05
-1.37042817917367e-05
-3.57733891571243e-05
-1.34534237807898e-05
-3.39403383130448e-05
-1.29276419919784e-05
-3.03704631010321e-05
-1.23638638521974e-05
-2.69355944184881e-05
-1.17561341033844e-05
-2.36453015584817e-05
-1.14343557623677e-05
-2.20603404382499e-05
-1.07537306645888e-05
-1.90189633728404e-05
-1.00249641101449e-05
-1.61598519600007e-05
-9.64219680166809e-06
-1.48024820827241e-05
-8.83960125997995e-06
-1.22422508477259e-05
-7.98839992011258e-06
-9.89869911256331e-06
-7.54416157191165e-06
-8.81061104930871e-06
-6.61515245634894e-06
-6.81694491399449e-06
-5.64573186424232e-06
-5.07065910007380e-06
-4.62806119629286e-06
-3.58425921472258e-06
-4.10184465133754e-06
-2.94186906029529e-06
-3.01870559557693e-06
-1.86156181522114e-06
-1.89911818011116e-06
-1.04394107987821e-06
-1.32549782884364e-06
-7.15132641246048e-07
-1.85930193781615e-05
-8.12064052563564e-05
-9.40926033673971e-10
5.04551349039600e-10
-7.65306707002112e-06
-8.18429194864847e-05
-1.16278461794745e-05
-8.13213110603342e-05
-1.45643661391056e-05
-8.12106853758073e-05
-2.20910621906763e-06
-8.38603383829916e-05
1.05796370307770e-05
-5.33088880680463e-05
6.18596526923020e-06
-5.52397605245978e-05
3.15845570613311e-06
-5.80216113136129e-05
6.10964488206329e-07
-6.19194549197700e-05
-1.36634360909314e-06
-6.69246313847250e-05
-2.79536929217306e-06
-7.46396839037394e-05
1.45169810361108e-05
-5.28844307835823e-05
1.34785289939860e-06
-7.26123466931814e-07
1.93229450412961e-06
-1.06338753710948e-06
3.07258864781919e-06
-1.90776482427415e-06
4.17546312647694e-06
-3.02537076275534e-06
4.71166927283997e-06
-3.69212673688563e-06
5.74569511798946e-06
-5.23283247182491e-06
6.73421628612447e-06
-7.04124949550159e-06
7.20976566651015e-06
-8.04539890692350e-06
8.11890378975591e-06
-1.02377999586789e-05
8.98357605788965e-06
-1.26631009398554e-05
9.39534847485164e-06
-1.39618118393062e-05
1.01776875644951e-05
-1.67205387500310e-05
1.09171832461101e-05
-1.96794884018604e-05
1.12666837983417e-05
-2.12331818467009e-05
1.19234446067868e-05
-2.44784132708806e-05
1.25348043198886e-05
-2.78946376458764e-05
1.28177190968265e-05
-2.96661153965474e-05
1.33322702490237e-05
-3.33222297950582e-05
1.37856362114985e-05
-3.71152065254847e-05
1.39794309058399e-05
-3.90589012110791e-05
1.42838461680527e-05
-4.30148744974574e-05
1.44707075862899e-05
-4.70123606006583e-05
1.45090295976171e-05
-4.89985681960325e-05
-1.63413396559480e-09
1.07214965005057e-09
1.43489603313597e-10
-2.99124163022006e-10
-6.87521073233465e-11
3.45679694079744e-09
8.32321194584960e-10
-2.36881551028503e-10
-5.18104880144490e-10
-1.70658419121366e-09
-1.81743760584261e-09
-1.25659169295895e-09
-3.96078373710583e-09
-1.19319970239308e-10
2.08193381670031e-09
-5.27435551223852e-10
-8.13441031401173e-10
8.88377808298934e-10
1.02031099406331e-10
-1.05711872781683e-09
-1.41183139209484e-05
-7.55170258025307e-05
-1.41912731744083e-05
-7.10825679142531e-05
-1.34817312702945e-05
-6.63701178308395e-05
-1.27971371584330e-05
-6.16259336641547e-05
-1.25604137993238e-05
-5.77174451600938e-05
-1.22749772476304e-05
-5.34392187940866e-05
-1.18239063562827e-05
-4.93485149142772e-05
-1.11985685876680e-05
-4.34562755026732e-05
-1.06138137335156e-05
-3.77947685495385e-05
-9.93065730596196e-06
-3.42431249429686e-05
-9.67351537930560e-06
-3.09158471155560e-05
-9.16800773904211e-06
-2.81737686404297e-05
-8.91320994274140e-06
-2.47228471211011e-05
-8.61015066539497e-06
-2.17438736909005e-05
-7.85768299512385e-06
-1.88158915424582e-05
-7.11636740943459e-06
-1.45728180024448e-05
-6.72089600317609e-06
-1.21162084130029e-05
-5.66898741962828e-06
-8.78662389354142e-06
-4.58953683363356e-06
-6.94783540217197e-06
-4.03826501829473e-06
-5.01818892841075e-06
-3.62248501082307e-06
-3.67841632841851e-06
-2.94315776926944e-06
-2.47916358258354e-06
-2.15450602403836e-06
-1.49517296308333e-06
-8.62148373563765e-07
-4.39341571371324e-07
-8.99212043244821e-06
-7.52341819671031e-05
-7.78689296803935e-06
-7.04062395534589e-05
-8.29236889115484e-06
-6.59981320033325e-05
-8.82981736106891e-06
-6.12800537693353e-05
-8.77276433446340e-06
-5.69822868399321e-05
-8.68236814492680e-06
-5.32926062725928e-05
-8.15892703197806e-06
-4.94481459815053e-05
-7.91869563119410e-06
-4.56423371651333e-05
-7.83048849032378e-06
-4.38315975065809e-05
-7.60856787792638e-06
-3.99099652593499e-05
-7.33573794711337e-06
-3.65398627691506e-05
-6.47455837784568e-06
-3.36676853349600e-05
-6.52362760850642e-06
-3.02964367971194e-05
-5.49128433415419e-06
-2.70369884807962e-05
-6.66092581402026e-06
-2.39078763596780e-05
-5.98423761511045e-06
-2.18737349441444e-05
-4.98055245541381e-06
-1.94140724532488e-05
-4.63349033757117e-06
-1.39793729408791e-05
-5.01844677439520e-06
-1.19211715522290e-05
-4.26124093530564e-06
-1.02249886681485e-05
-4.02586981516715e-06
-9.00978813403084e-06
-3.38838829944944e-06
-6.79514181435899e-06
-2.34597647953768e-06
-4.53470616491393e-06
-2.38029206816291e-06
-3.54015574190359e-06
-2.11946720994288e-06
-2.51879713022609e-06
-1.66911345538135e-06
-1.56912201869183e-06
-1.12588197869005e-06
-8.02202187495898e-07
-5.49990720728078e-07
-2.61059615059332e-07
-3.28250750419987e-06
-6.92477390193312e-05
-3.83424492291737e-06
-6.57495003676324e-05
-4.91993686161325e-06
-6.06908251724229e-05
-4.08724426663947e-06
-5.70352717799686e-05
-4.01352393889411e-06
-5.28291918633446e-05
-4.43681557116077e-06
-4.92666418792385e-05
-4.01594556405842e-06
-4.57920827810018e-05
-5.24392184265725e-06
-4.25347823435140e-05
-4.06290730155586e-06
-3.85696581986127e-05
-4.73778926427039e-06
-3.72650689570716e-05
-4.61356880225229e-06
-3.29948699730205e-05
-3.30925853812332e-06
-3.06445346888444e-05
-4.11153473286611e-06
-2.70803342314234e-05
-4.27391817941442e-06
-2.40336365040945e-05
-2.36192479015269e-06
-2.08474600195490e-05
-3.42790698841372e-06
-1.88530910245038e-05
-2.91182966862122e-06
-1.57476052073961e-05
-2.65960948932285e-06
-1.34181034782109e-05
-3.25883131299211e-06
-1.15375274636886e-05
-2.58211485888065e-06
-9.69266577357626e-06
-2.09180157748616e-06
-7.87245336167459e-06
-2.25999380171707e-06
-6.68776614088928e-06
-1.51466194748255e-06
-4.49582322711260e-06
-1.15001101052176e-06
-3.19067037575155e-06
-1.16428969413006e-06
-2.38160501130566e-06
-1.07061844221009e-06
-1.61401199415676e-06
-8.14624105601369e-07
-8.93741910140964e-07
-2.29362775411967e-07
-1.34457236998725e-07
-5.07864731477097e-07
-6.09474898072008e-05
-2.07124601400750e-06
-5.63222867027918e-05
-1.13623858965549e-06
-5.24122254899273e-05
-1.89891033393339e-07
-5.02358005045204e-05
-1.07265360486240e-06
-4.56757497571528e-05
-1.35906171693419e-06
-4.19883274384146e-05
-8.04584307974263e-07
-3.86876701703600e-05
-1.40425704219755e-06
-3.65543205199381e-05
-1.27533045985830e-06
-3.29130452031260e-05
-5.93751801563448e-07
-2.97890456421199e-05
-1.01566830472775e-06
-2.65684918806235e-05
-1.16930491297945e-06
-2.38268683451790e-05
-8.08700583945082e-07
-2.08124645202167e-05
-8.37167832362831e-07
-1.82375262635008e-05
-1.27830394887382e-06
-1.60328535947581e-05
-7.66475064162310e-07
-1.33325043700353e-05
-7.16143090487933e-07
-1.13608517779664e-05
-9.10732047806508e-07
-9.57853503962704e-06
-6.46289202259292e-07
-8.09454518259393e-06
-7.29633927867770e-07
-5.88563044122445e-06
-6.16052052032135e-07
-4.38140330372044e-06
-1.53429435570458e-07
-3.35792783366708e-06
-3.41929887715777e-07
-1.38919505601275e-06
-3.66587860871744e-07
-7.27473214261416e-07
-7.09671072305723e-08
-1.07107398640491e-07
1.93641736759772e-06
-5.63330217547052e-05
2.15938039811537e-06
-5.30478140707549e-05
2.30234793954413e-06
-4.98262206350866e-05
2.26208273426879e-06
-4.58384246213928e-05
2.19296072092514e-06
-4.21220980902906e-05
8.90217371979099e-07
-3.80702997380863e-05
1.54172170130529e-06
-3.61839626292331e-05
9.53801532415660e-07
-3.33980271862183e-05
1.27155735924304e-06
-3.06943537330260e-05
1.46012973614187e-06
-2.75816020047207e-05
1.16727350340330e-06
-2.45868725097170e-05
1.30202340041402e-07
-2.11004592345591e-05
7.53071863775539e-07
-1.85232099683064e-05
3.53754889650404e-07
-1.62487893823102e-05
3.57595669810185e-07
-1.35211262831000e-05
1.60702072653760e-07
-1.15657870190938e-05
1.03863464795747e-06
-9.74983412920647e-06
6.33318346966683e-07
-8.18568962316267e-06
6.56598324814430e-07
-5.97639029419977e-06
3.73252519708140e-07
-4.78764367625787e-06
3.90501432287829e-07
-3.44643811288514e-06
3.76259639292858e-07
-2.26067508261709e-06
3.28001634661923e-07
-1.10249979871337e-06
1.34541690889958e-07
-4.10139289230151e-07
7.47214764573252e-08
-1.07082716709657e-07
6.03351892321551e-06
-5.30100228853019e-05
4.90865310867471e-06
-4.93065832290828e-05
3.68837973031646e-06
-4.58878572532386e-05
4.32213943079134e-06
-4.27063725571940e-05
3.58047788742552e-06
-3.89405925069259e-05
3.84533292677852e-06
-3.62639104987893e-05
3.64457044643474e-06
-3.35426013608542e-05
3.78429828782708e-06
-3.05043437319849e-05
3.22938421902939e-06
-2.75813323996636e-05
2.94529708084313e-06
-2.40455294164850e-05
2.51840876544054e-06
-2.14046835549613e-05
2.41259889910857e-06
-1.91492319342167e-05
2.84063019670363e-06
-1.56907752975324e-05
2.50836905178288e-06
-1.40328406588922e-05
2.32932407161095e-06
-1.15893805611456e-05
2.54856800372961e-06
-9.93210106052533e-06
1.95459462006816e-06
-8.34414877312270e-06
2.03474420816124e-06
-6.39921988291857e-06
1.42021395918514e-06
-4.77081146076643e-06
1.09792040078706e-06
-3.57698274210877e-06
9.36953896464282e-07
-1.67363160836687e-06
5.04294168141816e-07
-6.29830809944580e-07
2.28175612883212e-07
-1.31430743794235e-07
8.31515765856559e-06
-5.29919751935132e-05
7.75612854202584e-06
-4.92545217015918e-05
7.96845017440206e-06
-4.61296254372150e-05
7.92311841875953e-06
-4.24990324554868e-05
6.92251871488113e-06
-3.66696082927545e-05
6.81103633485389e-06
-3.30560219848260e-05
7.04459588655752e-06
-3.05507838116506e-05
6.21960763217405e-06
-2.68153983134500e-05
6.14265393823996e-06
-2.46108311996859e-05
5.67523181781201e-06
-2.22126297516476e-05
5.90407197304025e-06
-1.91650894936502e-05
5.61955619861601e-06
-1.65450708227963e-05
5.08930460070721e-06
-1.47648269850101e-05
4.59130171067150e-06
-1.15297982406446e-05
4.36161872042656e-06
-1.00252687857359e-05
4.22156438434628e-06
-8.63434411105628e-06
3.96807512613541e-06
-6.67118862631299e-06
2.92279306210964e-06
-5.00001785047863e-06
2.40107744669165e-06
-3.49229875483779e-06
1.29884637299849e-06
-1.46251828368448e-06
9.83795424237296e-07
-7.48716901481993e-07
5.33919732931828e-07
-2.52752022690800e-07
1.16697808489464e-05
-4.97620005684883e-05
1.13336887949377e-05
-4.69574785111115e-05
1.02593137075778e-05
-4.36506348546630e-05
1.05545612450596e-05
-4.03532062598881e-05
1.02117048875035e-05
-3.68953035906437e-05
9.31451257167752e-06
-3.34489153822976e-05
9.84535372300851e-06
-3.02418102266567e-05
9.84468559535757e-06
-2.75957239872352e-05
8.39065968605665e-06
-2.48854043482458e-05
8.59853624433333e-06
-2.17131478045796e-05
8.32495651196550e-06
-1.92067200559868e-05
7.29745337322633e-06
-1.67220383350859e-05
7.13051201614953e-06
-1.42416318974485e-05
6.96239797642402e-06
-1.23267533479198e-05
5.82856096797932e-06
-1.03332486680808e-05
5.67027568004488e-06
-8.36180692528945e-06
5.08421574816233e-06
-6.84749492287695e-06
4.03360251306008e-06
-5.15458930689169e-06
3.75737133296019e-06
-3.94496458061787e-06
3.03885056277003e-06
-2.70042177348066e-06
1.70529092441888e-06
-1.09741335010165e-06
8.74884623203287e-07
-4.46186862497697e-07
-1.85850475516339e-05
-7.81984256507635e-05
-1.81178783238212e-05
-6.90859697979898e-05
-1.74469891910969e-05
-6.34948794211556e-05
-1.67261788882052e-05
-5.84282401662895e-05
-1.57425469211744e-05
-5.16078867998297e-05
-1.51818835211793e-05
-4.74131738234776e-05
-1.44314179851569e-05
-4.14483743381287e-05
-1.39492499971027e-05
-3.76355037461193e-05
-1.31936655758768e-05
-3.21404262008611e-05
-1.26509848817034e-05
-2.86356160368384e-05
-1.20659168826627e-05
-2.52709614649127e-05
-1.11001919967347e-05
-2.05175136063507e-05
-1.03953387830733e-05
-1.75660837075185e-05
-9.24713191184073e-06
-1.34959658527542e-05
-8.41995298936949e-06
-1.10429772131939e-05
-7.08672126445009e-06
-7.78031703351459e-06
-6.13581588335089e-06
-5.91012027352669e-06
-5.14305045766861e-06
-4.29426120007522e-06
-3.56508687737409e-06
-2.36776268205293e-06
-2.46332258440865e-06
-1.42164384236622e-06
-7.27584704366770e-07
-4.19659430566885e-07
-4.12497159332080e-06
-8.30304832072936e-05
-5.45265930729541e-06
-8.24820493395844e-05
-6.59149255841248e-06
-8.21068654797875e-05
-8.67485589244946e-06
-8.16471504733891e-05
-9.67016311429935e-06
-8.15025811409551e-05
-1.06517083569455e-05
-8.13979107039481e-05
-1.26028263829504e-05
-8.12658118384545e-05
-1.35799641207118e-05
-8.12296479493750e-05
-1.55578618958441e-05
-8.12019927466581e-05
-1.65590623253619e-05
-8.12000496367843e-05
-1.75714076686989e-05
-8.12032807315783e-05
1.35101546948462e-05
-5.29095164017028e-05
1.25132616122231e-05
-5.29857575300915e-05
1.15352993358433e-05
-5.31176649869021e-05
9.64845196069337e-06
-5.35624135434245e-05
8.74304776332024e-06
-5.38805887210973e-05
7.86402760373669e-06
-5.42654643435960e-05
7.01159261119072e-06
-5.47182342863893e-05
5.38736567493138e-06
-5.58307543212125e-05
4.61610830353975e-06
-5.64913144842727e-05
3.87287117680042e-06
-5.72216164648532e-05
2.47388949730521e-06
-5.88912612646489e-05
1.82053027262849e-06
-5.98305285286738e-05
1.19933965552931e-06
-6.08401587667877e-05
5.88501863680878e-08
-6.30669152683999e-05
-4.55738611883679e-07
-6.42845376484952e-05
-9.31800643983796e-07
-6.55711474058544e-05
-1.75652655447780e-06
-6.83433291410275e-05
-2.09937657382382e-06
-6.98258803866609e-05
-2.39130232842707e-06
-7.13703104515109e-05
-2.62645157119263e-06
-7.29744806607502e-05
-2.87894235851558e-06
-7.63696847831464e-05
-2.84258678027429e-06
-7.82358698754538e-05
-2.58944527596848e-06
-8.02396292499960e-05
7.39636786064887e-07
-4.24820894116743e-07
2.50680189639341e-06
-1.45262777294348e-06
3.62850716988976e-06
-2.43233281244092e-06
5.23500166403967e-06
-4.42910287566063e-06
6.24434392272630e-06
-6.10688379259323e-06
7.67124822076593e-06
-9.10969453870364e-06
8.55823003416938e-06
-1.14192405034438e-05
9.79302615423486e-06
-1.53140001092272e-05
1.05540177431703e-05
-1.81730188966450e-05
1.16019942161879e-05
-2.28323367757559e-05
1.22364594326653e-05
-2.61632685494064e-05
1.30839970692591e-05
-3.14754037678732e-05
1.35691304503822e-05
-3.52004912354945e-05
1.41474032278389e-05
-4.10278236684822e-05
1.43957142718641e-05
-4.50120330444226e-05
1.45180282423722e-05
-5.09580504593408e-05
-2.85222548731069e-10
-1.75183238395797e-09
2.24363768056416e-09
6.67290109951622e-10
-5.88160646058143e-10
6.36627284558796e-10
-4.96385429460950e-09
-4.42565240274494e-11
5.09658356355668e-09
1.98633862038701e-09
2.65147334581487e-09
-2.40006195280483e-10
1.79189069246869e-09
-7.36388019280418e-10
7.07292992897930e-10
6.70118285780335e-11
-8.49641273717747e-10
1.70068680953044e-11
3.00989294030867e-10
4.45916015077044e-10
-8.86499260046339e-06
-8.05098029916958e-05
-1.16861167646348e-05
-8.02251969513592e-05
-1.07190077685998e-05
-8.03785432350369e-05
-1.26514383281614e-05
-8.02836322217130e-05
-1.35944281190639e-05
-8.03457644210402e-05
-1.45175272371364e-05
-8.01977465544000e-05
-6.90660226014543e-06
-8.03441634755937e-05
-9.77509587537299e-06
-8.05498151670420e-05
-1.54749335935163e-05
-8.00456368005472e-05
-1.63610447710967e-05
-8.01986457505434e-05
-2.12170199486041e-06
-6.49000159139717e-05
-4.41222825116189e-06
-7.58109036953742e-05
1.03603491498181e-06
-5.89241597345175e-05
4.10985667332095e-06
-5.57103361405838e-05
1.01844465816263e-05
-5.23272280714326e-05
-3.59485712921582e-06
-7.08053652354509e-05
-1.10639926068825e-06
-6.22004403136025e-05
1.32221990682671e-05
-5.16346326184965e-05
2.47580027322260e-07
-5.98824425465961e-05
5.72150626873699e-06
-5.44501769927048e-05
-2.93615314596908e-06
-6.77478301752807e-05
4.90368322765531e-06
-5.50506508810513e-05
1.21690968088086e-05
-5.18990779533642e-05
9.23421178078928e-06
-5.26241172170677e-05
6.55982666025592e-06
-5.39004640868276e-05
1.80342575066864e-06
-5.80338432625207e-05
7.42481818733610e-06
-5.34123749711884e-05
1.11696620297887e-05
-5.20912351297132e-05
-4.15707352789902e-06
-7.40625945315520e-05
-2.55424595281364e-06
-6.63037573247224e-05
-1.63711658304844e-06
-6.35382162455698e-05
-3.88545121515641e-06
-7.24072755943818e-05
-4.77914106027689e-06
-7.77901018813103e-05
-5.71788000170511e-06
-8.04189801768307e-05
-7.20330977085466e-06
-7.82829956271748e-05
-9.86855266654023e-06
-7.97109362039187e-05
-9.28456637927334e-06
-7.92882676609842e-05
-8.42799676334460e-06
-7.87800503100195e-05
-1.06367110758088e-05
-7.92604930408350e-05
-1.35778312321521e-05
-7.96256927761131e-05
-6.72371267997117e-07
-5.88097039994398e-05
1.11771486650304e-06
-5.71236325864770e-05
-4.80642002916528e-06
-7.02569816284304e-05
8.78235776245231e-06
-5.15999036912888e-05
-5.52642381644847e-06
-7.34076730879610e-05
1.26662986559273e-05
-5.07900841272953e-05
2.62851777273183e-07
-5.79396299145191e-05
4.34599389196839e-06
-5.42053108979639e-05
1.18101265461039e-05
-5.08669369977988e-05
3.53299388765856e-06
-5.48662677944179e-05
-5.90203545927122e-06
-7.50421981118872e-05
9.77845585804745e-06
-5.12634426035232e-05
-2.87893855783424e-06
-6.29084758269038e-05
-6.40964235578954e-06
-7.66576509245432e-05
-1.70406559310764e-05
-7.94863132412904e-05
-4.45865842774071e-06
-6.87357734994301e-05
7.83217817018995e-06
-5.20056637823826e-05
3.33095357861642e-06
-5.64251718591630e-05
-1.01344720342237e-05
-7.82065825974575e-05
-9.30813327861057e-06
-7.70716296557567e-05
-1.17959416040890e-05
-7.87966181008103e-05
-8.12662433864540e-06
-7.69770306376150e-05
-1.54735995118652e-05
-7.85657488523435e-05
-1.85889509793782e-06
-5.97921058538699e-05
1.25112453384955e-06
-5.54145995676687e-05
-5.16417637781068e-06
-7.18080748691930e-05
-2.36928474443776e-06
-6.14628941577306e-05
-3.39132257918906e-06
-6.43208634711659e-05
-4.15723801518018e-06
-6.72367295287557e-05
-7.72687400383807e-06
-7.57693217264493e-05
-7.29467807897800e-06
-7.42620204564972e-05
1.04969473875984e-05
-4.98520233215851e-05
6.91699595389710e-06
-5.24715377122262e-05
2.87927143594829e-06
-5.39760869548239e-05
4.55443987326411e-06
-5.26595406091642e-05
-1.27359768449284e-05
-7.67374151789407e-05
-1.07290816314115e-05
-7.61541537213658e-05
-6.46428761625759e-06
-7.11466791148205e-05
-6.88247232787680e-06
-7.26954750724127e-05
-2.46507724757750e-06
-5.80895727885728e-05
-1.47543957737084e-05
-7.66625180061225e-05
2.72944256015400e-06
-5.55763186037448e-05
4.11949315522202e-07
-5.61500184646132e-05
-3.45476594460593e-06
-5.96872516256286e-05
-5.59095179141065e-06
-6.83134612482125e-05
2.99911860162190e-06
-5.23676126809669e-05
-4.17173824456164e-06
-6.24000738928594e-05
7.28405419602149e-06
-5.09286845953202e-05
2.05943897640544e-06
-5.46810820563123e-05
4.74858307845136e-06
-5.10403943674313e-05
1.02217266138237e-05
-4.85757788446945e-05
-5.42965576480815e-06
-6.68786356221686e-05
-8.61434488377447e-06
-7.36030038789905e-05
-1.20183543206640e-05
-7.54048802600404e-05
-1.02500740239176e-05
-7.46443698969759e-05
-5.99560125026785e-06
-6.96961678104355e-05
-6.52967404791554e-06
-6.80441485132315e-05
-1.62008173660027e-05
-7.69198937916271e-05
-1.41518651933148e-06
-5.75568748061541e-05
5.01846715885896e-07
-5.44420516972598e-05
-3.69547830404750e-06
-6.10360048748151e-05
-3.64045427165293e-06
-5.83293443626736e-05
-8.22296634196257e-06
-7.20087446837299e-05
8.29191696125331e-06
-5.04619980730635e-05
-5.23978321022616e-06
-6.53237315472761e-05
3.85746569457169e-06
-5.16989580481134e-05
6.33511139269733e-06
-5.14547265349152e-05
2.23973591501621e-06
-5.14302042261312e-05
-1.59242704057549e-05
-7.44207035508874e-05
-9.87990436106812e-06
-7.30560037871004e-05
5.66893536148586e-06
-5.03844985214633e-05
-3.05982897685740e-06
-5.67282268856536e-05
3.98395211529995e-06
-5.00442207891147e-05
-1.11738727667488e-06
-5.40760409130695e-05
-4.74790917369732e-06
-6.38079366880343e-05
-6.79692231143729e-06
-6.68914407262218e-05
-1.39574147435841e-05
-7.30401767927757e-05
1.38562614208044e-06
-5.21096265171986e-05
6.65462915302207e-06
-4.97697637850533e-05
9.37324325744761e-06
-5.00933342215079e-05
-6.15143862396982e-06
-6.32496905898840e-05
-6.97296508474781e-06
-6.50139831229877e-05
-1.24545652557703e-05
-7.25145828765760e-05
-4.74288766417556e-06
-5.84591140952302e-05
-3.01381974956881e-07
-5.34352228977958e-05
3.14725939497663e-06
-4.91046664495129e-05
3.10300990962596e-06
-5.07472590292747e-05
-8.31732760842261e-06
-6.77357905436303e-05
-9.53737981812744e-06
-7.14292268340680e-05
-1.31630932337747e-05
-7.44226603996411e-05
5.98787072593840e-07
-5.11705664578656e-05
-1.24482210159298e-05
-7.08644465266012e-05
-1.05360287600750e-05
-6.91968218547970e-05
-4.76868926573542e-06
-5.95586350072658e-05
-1.00132571106955e-05
-6.72839583499852e-05
-2.64731204591469e-07
-5.18010138839918e-05
-6.61470674107160e-06
-6.11980371363770e-05
4.01535289671840e-06
-4.82925069162965e-05
-5.64082011184281e-06
-5.84992914779802e-05
1.32128964073328e-06
-5.37438961275647e-05
-1.09016104995170e-05
-6.47719042810685e-05
-1.21879606139544e-05
-6.88885971790270e-05
-1.40178005518903e-05
-6.87678812732145e-05
-6.31344100921573e-06
-5.68785656245328e-05
-8.44831183862153e-06
-6.38610933612997e-05
-1.61931268869459e-05
-7.15977207785809e-05
2.90198934483108e-06
-4.74463021689356e-05
5.91937772984150e-06
-4.85560202598394e-05
1.15808676103498e-05
-4.84782075482652e-05
-4.19193850523909e-07
-1.82090298583185e-07
-2.68746483494746e-07
-8.99472924059406e-08
4.30015371375791e-07
-1.86108782540346e-07
2.66622351802692e-07
-8.88345652288333e-08
1.50478419409016e-07
-4.26862311302959e-08
7.32106266802363e-08
-2.75029507884472e-08
1.33708589551490e-09
-2.18893692755152e-08
-7.32725628350717e-08
-2.78708396104571e-08
-1.58079510052428e-07
-4.57029512318215e-08
-3.37931447626266e-07
-1.27297785236438e-07
-2.10584445538430e-07
-6.44433126805005e-08
-1.15307731237305e-07
-3.51007548018593e-08
-3.43396442245157e-08
-2.37463544712007e-08
3.69177363958818e-08
-2.33953492927849e-08
1.10920745222363e-07
-3.37320346615291e-08
2.02429496598010e-07
-6.05877510948179e-08
3.43101787303693e-07
-1.29379814957058e-07
5.34877214383009e-07
-2.72927601465074e-07
-4.66461917875151e-07
-5.68712694396545e-05
-1.05493301096205e-06
-5.08015822740480e-05
8.95811309086439e-06
-4.88414103869729e-05
1.29723849034062e-05
-5.00035843312549e-05
-2.67956368788053e-06
-5.52053398235452e-05
6.53544508372751e-07
-4.96064283156939e-05
-2.73802688280849e-06
-5.36823026531086e-05
-6.19445345020969e-06
-5.93420059802788e-05
-1.59226004904246e-06
-8.88450610409570e-07
-2.09217624395387e-06
-1.25345030054830e-06
-3.05326704278001e-06
-2.16251612071650e-06
-3.95725597823372e-06
-3.32510711050783e-06
-4.36874510458987e-06
-3.99569345477019e-06
-5.04387259959266e-06
-5.53296000352165e-06
-6.00251013651312e-06
-7.68133694917800e-06
-6.98214161717646e-06
-9.84256881948011e-06
-7.38430628774215e-06
-1.09782156625671e-05
-8.09289083830001e-06
-1.34177217104821e-05
-8.67976476059695e-06
-1.60666853663844e-05
-8.98177054844567e-06
-1.74571209751569e-05
-9.67685397805496e-06
-2.03628200854936e-05
-1.02678333337195e-05
-2.34337276931917e-05
-1.04580069070524e-05
-2.50421047383469e-05
-1.08912446999200e-05
-2.83370246696766e-05
-1.10295813502040e-05
-3.19347507940147e-05
-1.19693635702977e-05
-3.58087610651598e-05
-1.22573549827452e-05
-3.76870352407205e-05
-1.27149768195507e-05
-4.14701956751463e-05
-1.31637933307285e-05
-4.53695677826053e-05
-1.34034422021029e-05
-4.73649035485068e-05
-1.39097591976952e-05
-5.14696915479592e-05
-1.44173338821648e-05
-5.58014408885161e-05
-1.46577008151248e-05
-5.80761469596773e-05
-1.47038702573116e-05
-6.30735683355795e-05
-1.59983139635156e-05
-6.88399762217907e-05
-1.55157736188232e-05
-6.60702902852021e-05
-1.48518783939857e-05
-6.04294835728078e-05
-1.41782340824514e-05
-5.36054458488758e-05
-1.36598481849451e-05
-4.93970453182477e-05
-1.29445519102427e-05
-4.34130776183784e-05
-1.24977349540649e-05
-3.95677840197805e-05
-1.15977448170708e-05
-3.39583874710835e-05
-1.11333169234585e-05
-3.00362334259862e-05
-1.06027118529798e-05
-2.66681349804485e-05
-1.00016600314984e-05
-2.18821655853820e-05
-9.32024889232492e-06
-1.88850660522625e-05
-8.38510281483388e-06
-1.47098345141439e-05
-7.76185732325110e-06
-1.21752581420065e-05
-6.54371087053774e-06
-8.75235027934684e-06
-5.24963921848767e-06
-6.48973195976260e-06
-4.73523143027986e-06
-4.72849112148881e-06
-3.51428793038360e-06
-2.71086780102558e-06
-2.57977412392944e-06
-1.67649447224194e-06
-1.07480568571546e-06
-5.72976366279017e-07
1.09452498334478e-06
-5.82735758625319e-07
1.61280311306150e-06
-9.04569337451904e-07
2.57325213969959e-06
-1.71537259772749e-06
3.55396549980572e-06
-2.81854797838031e-06
4.04963431896969e-06
-3.48729348286486e-06
4.83923172929484e-06
-4.94640481017789e-06
5.78279821113137e-06
-6.82509901002691e-06
6.27830884844428e-06
-7.78628619583632e-06
6.69553796087452e-06
-9.89320814286303e-06
7.90316259021902e-06
-1.24361729197058e-05
8.25738874260567e-06
-1.36536728553851e-05
8.35770089866065e-06
-1.62272924976843e-05
9.56393149788397e-06
-1.93837284685351e-05
9.87855831967380e-06
-2.08500729958936e-05
9.80898788061885e-06
-2.40703449304832e-05
1.10919809425741e-05
-2.76589011177997e-05
1.13452507562434e-05
-2.93227235743487e-05
1.09620773163301e-05
-3.28207602525204e-05
1.19337808550311e-05
-3.69547868633682e-05
1.21547558726081e-05
-3.88435411157784e-05
1.20237032827390e-05
-4.28445567851353e-05
1.28875666376513e-05
-4.68890194177361e-05
1.30498704262851e-05
-4.86310763039730e-05
2.10376590969479e-06
-1.27837505051085e-06
3.03788912042202e-06
-2.22584034391270e-06
4.48054175210170e-06
-4.19261962101885e-06
5.08671678250220e-06
-5.80751119959134e-06
6.61061290905326e-06
-8.79299895193652e-06
7.39658732202114e-06
-1.12207783903666e-05
8.41563451982886e-06
-1.49013269482450e-05
9.08975361257039e-06
-1.79024987093580e-05
1.00014974271754e-05
-2.23893213789667e-05
1.05953933886633e-05
-2.59873279592317e-05
1.13462859936019e-05
-3.10096785474357e-05
1.15816302590324e-05
-3.50104865946345e-05
1.22708009230269e-05
-4.07403019392751e-05
1.25690713508442e-05
-4.49886380725771e-05
-1.16789121231690e-05
-6.68018263675392e-05
-1.26390769403893e-05
-6.40925429902707e-05
8.49465390685988e-06
-4.75106944593150e-05
-7.58235080876849e-06
-6.01329938707963e-05
-7.01599557010378e-06
-5.81556487445964e-05
-5.70078321562790e-06
-5.62445763978759e-05
3.44371384885627e-06
-4.66258468626253e-05
-2.94460573037609e-06
-5.19865682125565e-05
-9.92507944484673e-06
-6.29345381211544e-05
-3.22108850800231e-07
-1.63444905630258e-07
-1.47738056052895e-07
-1.17412842767510e-07
1.65641557502841e-09
-1.03618468666474e-07
1.51123070625190e-07
-1.16773393761788e-07
2.96373905075083e-07
-1.43277855274200e-07
1.24719343069984e-06
-4.74287001184548e-05
1.09119892864792e-05
-4.52924658164074e-05
-1.14350866085238e-05
-6.21338072717973e-05
4.96863505640517e-06
-4.72130363701949e-05
-8.26088522823951e-06
-2.02863301299975e-05
-2.55877615961473e-06
-1.95760881925235e-06
-1.20679037775533e-05
-5.13705950648270e-05
-4.01840934648915e-06
-5.65982636308565e-06
-9.53644175102917e-06
-2.97182200071296e-05
-1.17069373012946e-06
-5.57618967872303e-05
5.62277383079635e-07
-4.80807699826389e-05
7.16310755727228e-06
-4.79592729295443e-05
9.87662186813814e-06
-4.71684841365048e-05
2.43103229642849e-06
-2.05428534814612e-06
4.51302964700186e-06
-6.19378102116511e-06
6.48589773119982e-06
-1.13089299157598e-05
7.91904834298144e-06
-1.79506994802560e-05
9.28606590412263e-06
-2.62767556578751e-05
9.91202656606433e-06
-3.51444348509469e-05
-6.38535678766664e-06
-1.09311913801807e-05
-1.08220431560570e-05
-3.96673607473962e-05
-1.83578933028565e-06
-4.97163258743246e-05
-1.73929388577081e-06
-1.09031951262524e-06
-7.46254598473546e-06
-1.73719126117520e-05
-1.16162386904665e-05
-4.73665875334245e-05
6.93217783139025e-07
-3.38521787697832e-07
-6.94983568450054e-07
-3.38798779698113e-07
-8.63656933157583e-06
-2.63846706486032e-05
-3.87329431063052e-06
-4.33554908640968e-06
-1.26840736505870e-05
-5.98592130631187e-05
-1.03327423173931e-05
-3.59942114396249e-05
-6.01552724525201e-06
-9.82294264155259e-06
7.23302507788387e-06
-1.33280082853443e-05
8.58928777683293e-06
-2.04847235293411e-05
1.30742117503448e-06
-7.49261654071315e-07
3.45615891537155e-06
-3.32614511800459e-06
5.49830965869605e-06
-7.61870724592750e-06
1.00085026556339e-05
-2.89617041826530e-05
1.04129665262552e-05
-3.86637835257775e-05
-1.14138158531344e-05
-4.54071135362163e-05
-1.30966332109415e-06
-7.42458601609289e-07
-7.26316197611151e-06
-1.59446101430458e-05
-1.24603900680471e-05
-5.55566993046727e-05
-8.85628437406878e-06
-2.32111686855274e-05
-3.30289728780788e-06
-3.05382542340486e-06
-5.15682768728896e-06
-7.84247827493068e-06
-9.35020660350135e-06
-3.26899661472676e-05
9.22256998177019e-06
-3.12702161431681e-05
1.06088138343926e-05
-4.17175766486651e-05
3.98061286146725e-06
-4.57922974826436e-06
2.07652577522442e-06
-1.51800841068970e-06
5.49570888875493e-06
-8.99601333484503e-06
6.79121506218128e-06
-1.50199552185193e-05
8.07814501336584e-06
-2.27542241141793e-05
-6.94384517150186e-06
-1.32982644291360e-05
-1.10088865027628e-05
-4.15589810156358e-05
4.67937972422439e-06
-4.57173074978951e-05
-7.51326911613679e-06
-6.23996839327256e-05
-4.89661210600956e-07
-3.47910068449456e-07
5.77600490064683e-07
-3.67237363846582e-07
2.93137638523796e-06
-4.50647298349525e-05
-2.70540396450205e-06
-5.02429767784267e-05
-6.84668344304372e-06
-5.51116692139899e-05
-3.63011941404764e-06
-5.55121886687800e-05
9.39400320200156e-06
-4.56782774331603e-05
6.53317113888073e-06
-4.66294102747225e-05
-1.05872754056428e-06
-6.11502584246445e-07
-9.18262494680158e-06
-3.98193845145332e-05
-5.77032485259071e-06
-1.20354411824287e-05
2.21725923491212e-07
-2.57518507527491e-07
-2.23156910432234e-07
-2.67072727745244e-07
-3.24202691542461e-07
-4.71044827609336e-05
8.19684617680585e-06
-3.39324841254251e-05
-6.87403783877436e-06
-2.03558884706152e-05
-7.98053912317779e-06
-2.98630903805028e-05
7.22429576996693e-06
-2.58049143452273e-05
3.38506653455454e-06
-4.77786970578876e-06
6.56268982631595e-06
-1.71118012901737e-05
5.12144002983975e-06
-1.08096449422958e-05
-3.75475144852133e-06
-6.20922022506168e-06
-2.09289040646879e-06
-1.75688310505460e-06
-1.00131256996180e-05
-4.93596551378709e-05
-1.76361913739804e-06
-1.32127140172571e-06
-4.06138636996868e-06
-7.28059366219097e-06
-8.56192871141325e-06
-3.13137735964836e-05
-6.36304418033172e-06
-1.89424151071563e-05
-1.02511696136358e-05
-5.13247138530570e-05
-2.68614990361931e-06
-2.78254694241981e-06
-1.05659899430897e-05
-5.53409191556716e-05
-3.16043475453297e-06
-4.50977727988326e-06
-6.99164801222327e-06
-2.69887911322156e-05
-7.55932317445750e-06
-2.30185601055718e-05
-8.78498460553627e-06
-3.62583342717235e-05
-9.48818692164926e-06
-4.36005954671037e-05
-5.83882104773486e-06
-1.43207153065170e-05
-4.96059440581400e-06
-9.75306650860012e-06
-1.04580474677423e-05
-5.33329981161779e-05
8.66454612895137e-06
-3.85732531419901e-05
-2.40693231926220e-06
-2.24771417561980e-06
-9.67424312589047e-06
-4.55118037909287e-05
2.74389036312722e-06
-2.74066113503742e-06
8.52012577912821e-06
-3.68349209595579e-05
8.07059190884958e-06
-2.99380217910128e-05
-3.11132528821402e-06
-5.05640929036832e-06
8.76927948953482e-06
-2.85983663354400e-05
4.84281153834393e-06
-7.52700199225194e-06
-4.97185902619951e-06
-8.86937624877957e-06
7.43444355348620e-06
-2.02789587314034e-05
6.49550447657227e-06
-1.30675889848850e-05
-8.38914039100594e-06
-3.46453398287942e-05
-5.81927260236239e-06
-1.57104275093573e-05
6.92962213361691e-06
-2.16476097168741e-05
3.06572600056120e-06
-3.70833622405525e-06
5.60744408288049e-06
-1.40207396461885e-05
4.71749350768022e-06
-8.28776678935757e-06
-7.45528378289308e-06
-2.84024698473516e-05
-7.27687744912618e-06
-2.17191974075090e-05
1.32713111686959e-06
-9.17874363103645e-07
-1.05921552224704e-05
-5.74211203759789e-05
-3.08207051317261e-06
-3.92828744828726e-06
-7.59754716347906e-06
-2.42430522904244e-05
2.41921581068259e-10
-2.37848218454047e-07
5.39515140781767e-07
-4.59546343219571e-05
8.74032254768532e-06
-4.41382804710305e-05
-3.15719952233848e-06
-5.43420189099799e-05
-1.03817173423435e-05
-5.98132759322542e-05
1.02904006962512e-06
-6.04664546460692e-07
-2.94116324518324e-06
-5.59625458569116e-06
-5.67537724556185e-06
-2.87310374733925e-05
3.94566388002827e-06
-4.44792248761395e-05
3.76122080461367e-07
-3.15111040678165e-07
-6.57561837875796e-07
-5.95187433279534e-07
-5.26896840594964e-06
-5.45257605640115e-05
7.84127396134033e-07
-4.77941442934505e-07
1.06639319967914e-07
-2.38866365347380e-07
-6.37827863058502e-06
-2.30244696664458e-05
-7.18902307100741e-06
-2.52381992692885e-05
-5.65239428922895e-06
-1.73182666204715e-05
-7.86403653065904e-06
-3.31881222266674e-05
-4.23537743845574e-06
-8.11040012747734e-06
-1.08810701273079e-07
-2.47547892055147e-07
-2.27637644707981e-06
-3.01968539308634e-06
-8.01693034393596e-06
-4.75202439762770e-05
8.85304755433312e-06
-4.03334833213774e-05
-8.76062777696702e-06
-5.51619064702108e-05
-1.40868982624110e-06
-1.16033788924044e-06
1.58687469737022e-06
-1.28715987032396e-06
1.04531239037818e-06
-4.49393430487797e-05
-5.80809303859159e-06
-1.30860827579993e-05
8.14199764692110e-06
-3.20564546201228e-05
7.10659070849506e-06
-2.36224745496541e-05
5.94567115146916e-06
-4.52544558101469e-05
6.22356910958110e-06
-1.57085373309982e-05
5.00477429838938e-06
-9.49152644837928e-06
-1.55391310806932e-06
-4.83864191310731e-05
-5.50017072672496e-06
-2.06395324310822e-05
-8.41900002134792e-07
-5.02760679876924e-07
-8.49677334599645e-06
-5.13615467500061e-05
-1.91353565506688e-06
-2.02572145500069e-06
1.86143723519661e-06
-4.39992939794219e-05
-2.21994467437412e-06
-4.68295999614794e-05
-4.89277239167511e-06
-5.12831046228675e-05
-2.39908224230929e-06
-4.03858571174144e-06
-6.95864551770559e-06
-3.50709328071691e-05
-3.85190235993100e-06
-9.60541457049347e-06
-4.49137640339078e-06
-1.52438422501063e-05
6.98340250313653e-06
-3.84568513036033e-05
5.74604178137188e-06
-1.15563738150738e-05
6.71239982753341e-06
-1.79946591211786e-05
3.23545216083443e-06
-4.28367113847757e-06
8.17917154241364e-06
-2.69441901882272e-05
8.33156660337226e-06
-3.52188654646329e-05
2.32736618745084e-06
-2.90489689364835e-06
-5.46578519385121e-06
-1.09291668106545e-05
7.38493087914393e-06
-2.82383537215448e-05
-9.28416468117123e-06
-4.17084267099388e-05
5.27322922804527e-06
-2.06159079631459e-05
4.23277065495382e-06
-7.53580601010451e-06
4.55317280187617e-06
-1.28017346865545e-05
3.76596732892094e-06
-5.58860631583625e-06
2.32318641651852e-06
-2.41921352181121e-06
-9.04469117091886e-06
-3.80001864327108e-05
-4.66594737990337e-07
-5.23781715373047e-07
-2.02934168206589e-09
-4.20290036292474e-07
-4.40701099096860e-06
-4.76887447124230e-05
-6.91726063767334e-06
-5.15594294684632e-05
-4.10428007482329e-06
-1.63971257223075e-05
-6.06181432243610e-06
-2.44876202088291e-05
-5.90177450376936e-06
-3.23375315692403e-05
-4.16505325739484e-06
-2.11157841576144e-05
-4.36672968080075e-06
-2.81467505334611e-05
-2.19021883814922e-06
-5.02619907591295e-06
-3.01232243452231e-06
-7.61754063815864e-06
-8.77271172505261e-07
-6.88761667253087e-07
2.68697136281404e-07
-4.19391312749797e-07
-1.60087259974088e-06
-2.25327553089201e-06
-1.74716557051582e-06
-3.15826352869221e-06
-5.32424651098261e-06
-2.34376497799062e-05
-1.73517003966273e-06
-3.59982282528222e-06
-1.09601653205106e-06
-1.01893047177706e-06
-6.14293815895515e-06
-4.58015632508039e-05
6.68587501296369e-07
-5.87736826583210e-07
6.92023386069047e-06
-4.05055922853568e-05
-5.60713510649987e-06
-3.55453192379029e-05
-3.57328103888893e-06
-1.36987486703853e-05
-6.26224897539181e-06
-4.28756696313165e-05
-3.27136553841085e-06
-9.59477398413162e-06
3.67432487195689e-06
-9.13966795602382e-06
4.51854228885429e-06
-1.56900963801110e-05
5.33945520248515e-06
-3.80742119752847e-05
4.89844097207568e-06
-2.35938411640964e-05
5.13715970242103e-07
-4.25548272849846e-05
1.78297338602628e-06
-2.62336713224229e-06
-6.28356298285926e-06
-4.41397547262379e-05
5.85070120613392e-06
-3.12703281670417e-05
5.37369336824259e-06
-3.64726018350786e-05
4.96302804092070e-06
-2.98124738623360e-05
5.17186552003720e-06
-2.77409541067340e-05
2.96068651460354e-06
-6.82110327148013e-06
3.94245160362506e-06
-1.87920031682032e-05
3.36767853596300e-06
-1.20846455208193e-05
-3.14545808624204e-06
-8.71234276981495e-06
1.67830259029682e-06
-3.27718905626591e-06
3.92390123551163e-06
-2.17169118883831e-05
-5.13728757206877e-06
-3.42664325775338e-05
-3.33920948882627e-06
-1.47598689329232e-05
3.02906541692287e-06
-8.29821196310080e-06
4.02111378668456e-06
-1.38430269600952e-05
-4.59081618420353e-06
-1.26030165785974e-05
7.32545214904197e-06
-4.46719128140445e-05
-1.65887184585147e-06
-4.03815061055433e-06
-4.75358928046223e-06
-2.22856583222874e-05
1.17349600587866e-06
-1.08954231615333e-06
3.04581153373599e-06
-4.33188276583293e-05
-1.46871791431930e-06
-1.81358719860613e-06
-6.16374246439406e-06
-4.97295548103225e-05
-2.58723205599134e-06
-4.46198387341988e-05
-4.40291599746395e-06
-2.98167308673413e-05
-2.65151383781040e-06
-6.15240063549906e-06
-3.39904012460387e-06
-1.98944977054507e-05
-4.66522172354717e-06
-1.10971486802205e-05
6.80755061562417e-06
-3.49742734373426e-05
5.18388941373458e-06
-2.56901225501595e-05
3.61404070381573e-06
-1.08087298854162e-05
5.17327799864145e-06
-1.77883693626518e-05
2.59476066362666e-06
-4.17220095851774e-06
5.59574653755142e-06
-4.17893934961892e-05
-7.43901317192906e-06
-4.19080109516420e-05
4.02191524499209e-07
-1.88236287890097e-07
2.87631697742435e-06
-5.82913541568379e-06
1.81208440963353e-06
-2.11945195540164e-06
-3.17754683374349e-07
-4.41037697011841e-05
-6.20568809001938e-06
-3.83282724758341e-05
3.42070796652767e-07
-4.07632693996662e-05
-1.13289914769239e-06
-1.99246070471347e-06
-1.77142849863117e-07
-6.89485806445718e-07
3.26224792047311e-07
-6.18147231513992e-07
-3.60357733010664e-06
-2.28343643747440e-05
-3.41897640006636e-06
-2.87644938478918e-05
-6.55460544624218e-07
-4.16835074331235e-07
8.47163614864573e-07
-9.54434702575124e-07
2.98720598474571e-06
-1.31049220700254e-05
2.58326268627740e-06
-2.02892051133037e-05
2.99028561512305e-06
-2.93695827681456e-05
-2.35429256288298e-06
-1.42952653739963e-05
-1.69197767442396e-06
-2.69371166276048e-06
3.47007690629920e-06
-4.16373000198029e-05
3.80213675850341e-06
-3.76807877028419e-05
-4.74119755618800e-06
-4.40122214855885e-05
-5.22600644615995e-06
-3.10346911247510e-05
9.27880794729534e-07
-1.30663141071205e-06
-4.84275112487976e-06
-3.97086565500053e-05
5.07979553011429e-06
-3.33219930916234e-05
-3.82281119466960e-06
-3.49388725417392e-05
2.09855336851306e-06
-4.84083897885621e-06
4.09312823723819e-06
-2.47701608653269e-05
3.87118332271730e-06
-1.66553449425799e-05
-2.32388971460352e-06
-8.77926394999701e-06
-1.94878206618956e-06
-5.51375718085021e-06
-1.08077662742611e-06
-3.58144655495599e-06
1.13418206277317e-06
-2.77716632651458e-06
2.43150359268551e-06
-7.63846138796813e-06
-3.03029470166206e-06
-2.45358713595669e-05
-3.35861390589791e-06
-1.73729070899429e-05
-4.03691097599181e-06
-3.18027532461251e-05
-1.70285158671975e-06
-7.05322632441990e-06
-5.79661608931410e-07
-7.97868890785025e-07
-1.20010626890154e-06
-2.80967241535037e-06
4.42499835325901e-06
-4.07205212585400e-05
-9.61287537938334e-07
-1.23832299228341e-06
-6.19751498315978e-06
-4.76301743448306e-05
-4.08184858161649e-06
-4.21902941151997e-05
-1.29775516756445e-06
-1.39590308054253e-06
-4.38467034852722e-06
-1.82649468938904e-05
-5.17315061254161e-06
-2.54506298474179e-05
-2.53655898961102e-06
-1.82186726015383e-05
-2.77385847494735e-06
-2.74912844352049e-05
-1.23799369811182e-06
-6.37317068337711e-06
-2.58304784776019e-06
-3.14638970897194e-05
2.12250561283760e-06
-5.61338582931530e-06
-5.72865181835076e-07
-2.75267576257032e-06
-3.08328634767467e-06
-4.06648191857529e-05
-4.31463542411144e-07
-2.06721102277316e-07
1.59731959112842e-06
-1.33532683220768e-05
1.31627298358923e-06
-2.03188752509938e-05
-6.78494704701428e-07
-1.10599413041081e-06
-1.48994345323836e-06
-1.38043750302585e-05
-1.47863211971306e-06
-8.97807603894795e-06
2.01440051601994e-06
-3.00896399259617e-05
-2.55344969962057e-06
-3.57013005879893e-05
-1.84046750421169e-06
-1.90944131236416e-05
-9.32090340502003e-07
-3.99406591712025e-06
-1.62703861767036e-06
-5.96803209527012e-06
2.42711255161969e-06
-3.73795915681808e-05
-1.45126211967580e-06
-2.79717491356368e-05
7.37258099152447e-07
-2.46303994557540e-06
5.88676632412448e-07
-8.92121225177474e-07
1.76408043347313e-06
-7.18353434274410e-06
1.41599229007631e-06
-7.91090769872648e-06
3.46955001823250e-06
-1.47996453807493e-05
8.02576502179612e-07
-3.14967399856492e-06
3.52545674451437e-06
-2.29191512925335e-05
2.51289110239106e-06
-8.90370032615137e-06
-6.53910009187443e-07
-2.07705567365771e-06
4.51519096727316e-06
-3.18333802030494e-05
-2.08884244196329e-06
-2.95914860474059e-05
2.20121033993638e-06
-3.85176191091637e-05
1.29809559687767e-06
-2.32569123790860e-06
-1.28962682306759e-06
-4.93393014797846e-06
-1.50378357968580e-06
-2.01542367055607e-05
2.17782160500215e-06
-2.84291069917491e-05
-1.33040385507219e-06
-8.02790454513868e-06
-3.30499837331010e-06
-3.37086406422561e-05
-5.26517905400574e-07
-3.60824070992665e-06
-1.88227870409549e-06
-1.51712090311318e-05
-3.58210568120690e-06
-1.04449458247311e-05
2.00991917115184e-07
-7.95103503691501e-07
-4.98806107414607e-06
-3.84668313373300e-05
-4.32593551382089e-07
-1.00976152449142e-06
5.29383485923661e-06
-3.48907312296003e-05
1.82849090772832e-06
-4.08829516930310e-05
-3.56380208204917e-06
-1.25964615499835e-05
1.93541119377944e-06
-3.96611594713367e-05
-6.08638106992192e-07
-3.23028458759971e-06
-2.83649324089246e-06
-3.25059105376164e-05
-1.08104144099200e-06
-7.27414469166257e-06
-2.40110467525211e-06
-2.33755231603872e-05
-2.27808756791162e-06
-1.66463618850416e-05
-4.48414042717478e-06
-4.09527984670883e-05
-1.47302725071080e-06
-4.02114534148677e-05
1.93208177152873e-06
-4.08568263508263e-06
2.54431388809763e-06
-1.06691454047825e-05
2.96841634863467e-06
-1.74770711589512e-05
4.22856435218225e-06
-2.66887446076307e-05
-3.94548377130275e-07
-3.87665565223468e-06
1.25180295693171e-06
-3.69977999697679e-05
-1.04827785091867e-06
-5.39699512471570e-06
1.31021573760549e-06
-4.13711988743826e-06
-1.73717544824862e-06
-2.49675278909906e-05
-1.53958985004298e-06
-1.74803724607168e-05
1.91276906897144e-06
-1.48506497477961e-05
2.19855427452881e-06
-2.24871216305923e-05
3.21728145610988e-06
-3.22912955445747e-05
-1.97233771910425e-06
-3.44185313525703e-05
-4.28531311415315e-07
-9.06992017209658e-06
-9.84242332475172e-07
-1.46250742683827e-05
1.17773882198796e-06
-2.92576898027006e-05
5.58694682553770e-07
-3.92929359952513e-05
-1.83372393865719e-06
-1.30273070794513e-05
-7.14331118368651e-07
-1.72496427728893e-06
5.36869892473260e-08
-9.67813183726371e-07
1.70778441254259e-06
-1.02616839823525e-05
2.04380254443376e-06
-1.64513811974689e-05
3.27362752029703e-06
-2.58146335713647e-05
1.84512557547749e-06
-1.80706036005175e-05
1.37130157575061e-06
-1.10891307435077e-05
2.43303127798862e-06
-2.67538513362032e-05
6.11535356163682e-07
-1.19427597040896e-06
5.05364952080784e-07
-2.81697682043623e-06
1.41878451732062e-06
-5.45722212335761e-06
2.47716387427275e-06
-3.61147206051872e-05
-3.09089954740973e-06
-3.68594503967738e-05
8.73794978741679e-07
-2.07559278454336e-06
-1.89117448147890e-06
-9.90823064242496e-06
1.15633121400524e-06
-1.94089900273776e-05
2.00460186291155e-06
-1.24928184523604e-05
8.25507358445215e-07
-7.57855736500572e-06
-8.89440878821755e-07
-6.69866111345750e-06
-7.90952208820264e-07
-3.09924972969802e-05
-1.82893618767228e-06
-2.23674646458975e-05
-8.82824613869994e-07
-1.93105767060053e-05
-2.75561836953929e-07
-3.10714769682205e-06
-2.64667457591333e-06
-3.87883758491185e-05
-3.46969424106804e-07
-1.69893965678033e-06
1.59219943097242e-06
-2.60587145137506e-05
1.10685305801907e-06
-1.71008054984318e-05
4.38193113471644e-07
-1.05282283725881e-05
-2.25945553414781e-09
-5.13973068945480e-06
-4.65519993109651e-07
-2.03392393626975e-05
5.71620086921712e-08
-4.20316377776213e-06
-6.42066807414722e-07
-2.28171891735314e-05
2.44090733506280e-07
-3.62663999737311e-05
-2.78436723073485e-08
-1.35783133335718e-06
-2.30518846858211e-07
-1.40888692930263e-05
9.51481970530857e-07
-3.53332552930529e-05
-5.78311425498980e-07
-1.68482943790128e-05
1.36373910487527e-07
-3.19069172765438e-05
1.80099353595602e-08
-2.42095773630287e-05
5.27553391885688e-07
-9.11306274484270e-06
2.05674945782353e-07
-7.43572647104090e-06
-8.72502001695401e-08
-2.71091737301545e-06
1.07682358186020e-07
-5.78105648880635e-06
1.76990302320782e-07
-3.08888446315941e-06
4.90863948224555e-08
-8.35628531454156e-06
-3.61971979761390e-07
-1.54267745169711e-05
1.04306400986242e-07
-2.83038819137349e-05
1.28364430031665e-07
-1.76596993980952e-05
-1.96273902465178e-08
-3.42238231236199e-05
4.93373990756646e-07
-3.03606309440368e-05
-1.97150397181942e-07
-2.19165652681511e-05
1.36269218957372e-07
-1.96306036729384e-05
-2.92006842383258e-07
-5.43800391673286e-06
5.78980347994237e-07
-1.52826873126691e-06
-3.18495288532241e-07
-2.16694526763357e-06
2.10711827099735e-06
-3.46806667791492e-05
2.55190585850192e-06
-3.36637668224154e-05
7.70653397397806e-07
-4.25737892238227e-06
-1.97895146760832e-06
-3.77478894626167e-05
-1.23146845691032e-06
-1.02532001115920e-05
-2.83910894834527e-07
-3.73829525741624e-05
1.65679030732883e-07
-1.79417917620277e-06
1.07049905424774e-06
-1.19619389011164e-05
2.72069127894928e-07
-2.03517003641647e-05
-1.50269191677136e-06
-1.10510693882422e-05
1.50907792932486e-06
-9.04690068288603e-06
5.93310717467320e-07
-3.84202602506260e-06
2.66253246487571e-06
-3.11392079575592e-05
3.77074710765488e-06
-3.48609160529920e-05
1.49999445957078e-06
-3.16514275718155e-05
3.31378574549282e-07
-5.25769101813046e-06
3.82416856740922e-07
-4.42374289605569e-06
9.59646107449934e-07
-2.21949614738197e-05
-4.98746647915452e-07
-1.05353734386680e-05
4.32023078136438e-07
-1.48084537636546e-05
2.81275732524281e-08
-9.63740031482033e-06
-1.77084155815572e-07
-1.30686363513753e-05
-3.39070115141087e-08
-4.76210788451134e-06
-1.03700161997783e-06
-1.23600104392294e-05
1.08127790825550e-06
-1.41227565386649e-05
1.23437631482950e-06
-2.12473536736158e-05
1.19226924720557e-06
-1.55757182560923e-05
2.05468949740868e-06
-9.52129415990147e-06
1.72163573597362e-06
-2.35480032515731e-05
-7.42180111915157e-08
-1.24166476021730e-05
-7.94085888024301e-06
-8.03806364527706e-05
-4.37152024218452e-06
-8.02449762818524e-05
2.56244556584885e-06
-5.72009834931571e-05
-5.22032491836966e-07
-2.67540629242857e-07
1.08081473961092e-05
-5.10196272530791e-05
5.17449909887879e-06
-5.35802327112095e-05
-1.42624607152607e-05
-7.91947807897373e-05
-5.91401684530900e-06
-7.87552730825433e-05
-1.28705428163641e-05
-7.92905121627651e-05
5.42505351349440e-06
-5.20346063312962e-05
3.70355005284190e-06
-5.33008908594882e-05
1.76883475727370e-06
-1.70002392385124e-06
2.89750717635969e-06
-3.16882259213935e-06
8.83944302539140e-06
-2.95819309169617e-05
8.92260094263825e-06
-2.77163215664903e-05
7.63192811414768e-06
-2.12126609121090e-05
7.07617449582939e-06
-1.91191394635225e-05
6.18209743639156e-06
-1.23775326929537e-05
5.05994430707147e-06
-8.05531733846360e-06
4.64209576847236e-06
-7.02718217025278e-06
3.54313966398030e-06
-6.03096573283423e-06
9.40247487968777e-06
-4.20806191239635e-05
-1.41286631160658e-05
-7.75721647174178e-05
6.12958268082231e-06
-2.90491271674629e-05
6.35836371759203e-06
-2.04319213617087e-05
6.13085554728670e-06
-1.34964981649595e-05
3.59361879075772e-06
-7.78213470986262e-06
4.20869041262183e-07
-2.72751539300448e-07
-3.28774401578154e-07
-5.51183273832296e-05
-3.50873326551505e-07
-3.01424364683228e-07
1.34463896409276e-06
-1.87796203835965e-06
-1.13025834689262e-05
-7.74230575721406e-05
5.49078983335232e-06
-1.26314100761809e-05
3.94212161399613e-06
-2.03866828054974e-05
-1.34978300895652e-05
-7.84615958517082e-05
-1.26999074148362e-05
-7.79717765631804e-05
-7.22361679464746e-06
-3.17785100986441e-05
3.09439486228878e-06
-9.66792055909776e-06
5.25638112767903e-06
-1.18971193303002e-05
-2.91623937273922e-06
-3.34402680510543e-06
6.53438025745214e-06
-4.31788071121904e-05
-1.41981214390753e-06
-9.40104414012751e-07
5.06621370509001e-06
-1.95185983121048e-05
-1.23521555589700e-05
-7.36790243692853e-05
-1.14222111355219e-05
-7.40993426609669e-05
5.37140103764916e-07
-5.27780534351504e-05
-1.88770994018837e-06
-5.46776061912529e-05
-2.98512192837888e-07
-4.74357671677731e-07
-1.45726267616222e-07
-4.42385364106396e-07
3.89683892922525e-07
-4.52488934678599e-07
-9.84232389921984e-06
-4.74264673847801e-05
5.07254054120403e-06
-3.95312882722430e-05
5.17484054521357e-06
-4.38899993411894e-05
1.30192783368424e-06
-6.16112565652604e-06
1.08438077271205e-06
-6.87901260065629e-06
4.08861237993386e-06
-2.86067464491156e-05
2.25742455401920e-06
-2.51130886850852e-05
-9.41800353894166e-06
-6.54333209775625e-05
-8.43811828804919e-06
-5.87628332891550e-05
-6.52256419869764e-06
-2.59230084381162e-05
-5.07790628178349e-06
-5.73494436439184e-05
-1.11370433267737e-05
-7.26476434849337e-05
-5.44670567189124e-06
-6.19019526744107e-05
-1.09133921845886e-05
-7.10204927597335e-05
-7.56996576160854e-06
-3.81902023518949e-05
1.02483288938831e-06
-8.58221989071920e-06
-4.69310610897339e-06
-5.57967761849293e-05
1.45717792805276e-06
-5.05104282715742e-05
-2.00383769583555e-06
-5.30253372817873e-05
2.64852102288158e-09
-6.54658355383548e-07
1.62536850595327e-07
-6.10368068296124e-07
-7.28463171869197e-06
-5.67553196956064e-05
-5.92867003429194e-06
-6.04027779229617e-05
5.29518141132737e-07
-2.31815252290247e-05
-6.01213994874453e-06
-5.77204693924818e-05
8.56598901248319e-07
-4.77889532854054e-06
8.23858628467420e-07
-5.36147289358390e-06
4.16642108898538e-07
-6.67229119191046e-06
4.95289425302027e-07
-1.89854684545705e-06
-9.08796372152231e-06
-6.96904015421913e-05
6.04092823250856e-07
-2.56485102034804e-05
3.22944631852687e-06
-4.00077097301740e-05
2.01557959927989e-06
-3.27465572430193e-05
-5.99028753144824e-06
-3.68858782190311e-05
-5.20557746150420e-07
-2.53297404988201e-05
-3.66420806423438e-06
-2.58155202884930e-05
2.88236816917525e-06
-4.08332212189221e-05
-4.05210761502326e-06
-5.42963930972869e-05
3.62819942260275e-07
-8.47057291179716e-07
2.62534696385278e-07
-1.42502288685234e-06
7.59272463220072e-07
-1.27882026112947e-05
-2.16882441391257e-07
-9.92966587476978e-07
1.07492217423615e-06
-2.68549376402173e-05
-7.05143865402571e-06
-5.33038237210809e-05
2.90325515818752e-08
-2.21025710929751e-06
2.87629603034910e-07
-2.59219085767727e-06
-6.16450984697746e-06
-3.98294798376530e-05
2.21687106933212e-06
-4.82253075205682e-05
1.45297053470345e-06
-4.89394872629240e-05
-1.95959396351162e-06
-5.13654711060074e-05
-2.25611713646364e-07
-1.88936909712654e-05
-2.88088613092895e-07
-6.45852536674163e-06
-4.30491699027211e-07
-7.32230610164234e-06
-2.03891436634586e-08
-3.73216127579429e-06
-4.31637992655634e-06
-3.61255682738096e-05
-7.19128173774684e-06
-6.89483856618341e-05
-5.53545101360635e-06
-5.31706720913059e-05
1.58050987352003e-07
-2.68239893957935e-05
-5.76592879015439e-06
-5.19694646471692e-05
-2.28199357397651e-06
-2.62152703798242e-05
-5.84233398097843e-06
-4.12632336143249e-05
-5.06251220913967e-07
-4.95497759540624e-06
-1.67354907432137e-06
-3.12341689007301e-05
-7.83989862341843e-07
-3.53354788194681e-05
-2.90989678907799e-06
-1.05971167453509e-05
-3.98633395094707e-06
-1.13878574134945e-05
-2.22418780241756e-06
-1.07849239833221e-05
1.76698108674974e-06
-4.66333351862562e-05
-1.65881427556893e-07
-4.86834272291486e-05
-9.51062669971338e-07
-4.92663515645478e-05
-3.61154162197992e-06
-3.78377882094103e-05
-3.62919335177070e-06
-3.94439873772239e-05
-7.85854747522090e-07
-2.54716584678517e-06
-1.25701836403618e-07
-1.74164418618306e-06
-8.30198832423295e-07
-8.70551483087691e-06
-3.78947878279300e-06
-5.07191083365494e-05
-1.29944121379060e-06
-2.15173213155255e-05
-4.48061320320893e-07
-9.92581012106580e-06
-7.39837183764746e-07
-1.42815397044880e-06
-6.98850019711483e-07
-1.98425007476426e-05
-3.54816798894170e-06
-4.34735015602690e-05
-2.79532914815706e-06
-4.19003734774110e-05
-2.53474295019222e-06
-1.16505407678922e-05
-1.80787687348508e-06
-1.18534529752380e-05
-2.99643221187742e-06
-2.17661231761559e-05
-4.97076887548962e-07
-1.27166143310115e-06
4.52163913010966e-07
-4.67785999615388e-05
-1.07350094924238e-06
-4.77073683939925e-05
-2.69740487300294e-06
-4.82938903845718e-05
-3.28561110971377e-06
-4.92277547003199e-05
-1.70585730545959e-06
-4.34105502306394e-05
-2.12349744741778e-06
-1.24729846870192e-05
-2.69086777241370e-06
-4.29186081230611e-05
-2.73987607051189e-06
-1.25326122166838e-05