         1             -18.8909E-06    -75.2135E-06
         2             -18.2978E-06    -72.6561E-06
         3             -17.8304E-06    -66.7015E-06
         4             -17.1824E-06    -61.3376E-06
         5             -16.5052E-06    -56.4735E-06
         6             -16.0612E-06    -53.8445E-06
         7             -15.4622E-06    -49.5325E-06
         8             -14.9376E-06    -45.4422E-06
         9             -14.7744E-06    -43.7084E-06
        10             -14.2803E-06    -39.7992E-06
        11              -13.788E-06    -36.0116E-06
        12             -13.4919E-06    -34.0087E-06
        13             -12.9635E-06    -30.4401E-06
        14             -12.4049E-06    -27.0035E-06
        15              -11.798E-06    -23.7093E-06
        16              -11.494E-06    -22.1901E-06
        17             -10.8101E-06    -19.1301E-06
        18             -10.0724E-06    -16.2542E-06
        19             -9.68145E-06    -14.8471E-06
        20             -8.87692E-06    -12.2823E-06
        21              -8.0283E-06    -9.93339E-06
        22             -7.58239E-06    -8.86282E-06
        23              -6.6407E-06    -6.84803E-06
        24             -5.66379E-06    -5.09713E-06
        25             -4.64291E-06    -3.60151E-06
        26             -4.12797E-06    -2.96063E-06
        27             -3.04499E-06    -1.88056E-06
        28             -1.93038E-06    -1.06972E-06
        29             -1.30556E-06     -710.71E-09
        30             -19.0284E-06    -81.2787E-06
        31             -61.6351E-33    -13.0699E-33
        32             -6.97408E-06    -82.9097E-06
        33             -11.2772E-06    -82.1748E-06
        34              -15.006E-06    -81.2293E-06
        35               114.41E-09    -88.0115E-06
        36              10.4906E-06    -53.6059E-06
        37              6.33451E-06    -55.3259E-06
        38              3.31122E-06    -58.0506E-06
        39              775.322E-09     -61.813E-06
        40             -1.20153E-06    -66.6175E-06
        41             -2.92515E-06     -76.317E-06
        42              14.4451E-06    -53.1314E-06
        43              1.32685E-06    -722.414E-09
        44                 1.96E-06    -1.08928E-06
        45              3.09673E-06    -1.92444E-06
        46              4.20333E-06      -3.042E-06
        47              4.73147E-06     -3.7094E-06
        48              5.76028E-06    -5.25857E-06
        49              6.77421E-06    -7.07515E-06
        50              7.25085E-06    -8.08106E-06
        51              8.16008E-06    -10.2736E-06
        52               9.0334E-06    -12.7118E-06
        53              9.42989E-06    -14.0367E-06
        54              10.2117E-06    -16.8037E-06
        55              10.9568E-06    -19.7847E-06
        56              11.3254E-06      -21.31E-06
        57              11.9844E-06    -24.5597E-06
        58              12.6058E-06    -27.9917E-06
        59              12.8571E-06     -29.821E-06
        60              13.3661E-06    -33.4869E-06
        61              13.8184E-06    -37.2954E-06
        62              14.0756E-06    -39.2055E-06
        63              14.3975E-06    -43.1816E-06
        64              14.6151E-06    -47.1892E-06
        65              14.4744E-06    -49.2309E-06
        66              61.5344E-33    -13.0809E-33
        67             -73.7806E-33    -8.72355E-33
        68             -53.4532E-33    -3.51269E-33
        69             -35.0819E-33     -1.0139E-33
        70             -17.3928E-33     250.902E-36
        71              -2.7266E-36     686.062E-36
        72              17.1992E-33     267.933E-36
        73              35.0028E-33    -955.537E-36
        74              53.6769E-33    -3.60631E-33
        75              73.7678E-33    -8.89381E-33
        76             -14.4925E-06    -75.4796E-06
        77             -14.0583E-06    -71.7356E-06
        78             -13.4705E-06      -66.96E-06
        79               -12.86E-06    -61.6695E-06
        80              -12.576E-06    -57.7479E-06
        81             -12.2802E-06    -53.4802E-06
        82             -11.8275E-06    -49.4012E-06
        83             -11.2792E-06    -43.7558E-06
        84              -10.636E-06    -37.8674E-06
        85             -9.95459E-06     -34.317E-06
        86             -9.73155E-06    -31.1032E-06
        87             -9.21896E-06    -28.3422E-06
        88             -8.96021E-06    -24.8661E-06
        89             -8.65511E-06    -21.8695E-06
        90             -7.90088E-06    -18.9229E-06
        91             -7.14571E-06    -14.6193E-06
        92             -6.75197E-06    -12.1565E-06
        93             -5.68782E-06    -8.83559E-06
        94             -4.60908E-06      -6.986E-06
        95             -4.06119E-06    -5.04262E-06
        96             -3.64561E-06    -3.70129E-06
        97             -2.96685E-06    -2.50046E-06
        98             -2.18056E-06    -1.51773E-06
        99             -844.101E-09    -438.892E-09
       100             -8.72434E-06    -76.1946E-06
       101             -7.82624E-06     -70.217E-06
       102             -8.37903E-06    -66.7082E-06
       103             -8.93886E-06    -61.8087E-06
       104              -8.7668E-06    -57.0083E-06
       105             -8.67777E-06    -53.3312E-06
       106             -8.15513E-06    -49.5056E-06
       107              -7.9203E-06    -45.7127E-06
       108             -7.88929E-06    -44.1251E-06
       109             -7.65978E-06    -40.1667E-06
       110              -7.3813E-06    -36.7703E-06
       111             -6.51537E-06    -33.8753E-06
       112             -6.53633E-06    -30.3733E-06
       113             -5.50494E-06    -27.1109E-06
       114             -6.69324E-06    -24.0439E-06
       115             -6.01424E-06    -21.9986E-06
       116             -5.00385E-06     -19.525E-06
       117             -4.65564E-06    -14.0258E-06
       118             -5.04584E-06    -11.9634E-06
       119             -4.28681E-06    -10.2611E-06
       120             -4.04792E-06    -9.04182E-06
       121             -3.41177E-06    -6.83238E-06
       122              -2.3569E-06    -4.55524E-06
       123             -2.38951E-06    -3.55478E-06
       124             -2.12509E-06    -2.52611E-06
       125              -1.6697E-06    -1.57217E-06
       126             -1.12045E-06    -803.719E-09
       127             -543.772E-09      -261.5E-09
       128             -3.44819E-06    -70.2539E-06
       129             -3.70007E-06    -65.5401E-06
       130             -5.07259E-06    -61.2322E-06
       131             -4.17663E-06    -57.5051E-06
       132             -4.06877E-06    -53.2138E-06
       133             -4.42016E-06    -49.3541E-06
       134             -4.00106E-06    -45.8847E-06
       135             -5.24216E-06    -42.6228E-06
       136              -4.0924E-06    -38.7982E-06
       137              -4.7718E-06    -37.4889E-06
       138             -4.64681E-06    -33.1944E-06
       139             -3.33211E-06    -30.8268E-06
       140             -4.13785E-06    -27.2366E-06
       141              -4.2796E-06    -24.1041E-06
       142             -2.38188E-06     -20.968E-06
       143              -3.4452E-06    -18.9581E-06
       144             -2.92677E-06    -15.8346E-06
       145             -2.67094E-06    -13.4675E-06
       146             -3.27661E-06    -11.6014E-06
       147             -2.59618E-06    -9.74582E-06
       148             -2.10359E-06    -7.91643E-06
       149             -2.27117E-06    -6.72368E-06
       150             -1.52149E-06    -4.51759E-06
       151              -1.1573E-06    -3.21019E-06
       152             -1.17355E-06    -2.40088E-06
       153             -1.08346E-06    -1.63033E-06
       154             -827.973E-09    -906.998E-09
       155             -232.972E-09    -137.067E-09
       156             -640.264E-09    -61.5325E-06
       157             -2.14439E-06    -56.7564E-06
       158             -1.07464E-06    -52.4999E-06
       159             -243.524E-09    -50.5511E-06
       160              -1.0337E-06    -45.7859E-06
       161             -1.40203E-06    -42.2331E-06
       162             -829.892E-09    -38.9138E-06
       163             -1.42724E-06    -36.7705E-06
       164             -1.26579E-06    -33.0027E-06
       165             -603.497E-09     -29.957E-06
       166             -1.00976E-06     -26.647E-06
       167             -1.18329E-06    -23.9625E-06
       168             -821.948E-09    -20.9308E-06
       169             -833.574E-09    -18.2973E-06
       170             -1.28653E-06    -16.1201E-06
       171             -774.122E-09    -13.4032E-06
       172             -723.119E-09    -11.4226E-06
       173             -915.148E-09     -9.6126E-06
       174             -654.491E-09    -8.13945E-06
       175              -734.29E-09    -5.90804E-06
       176             -620.314E-09    -4.40521E-06
       177             -148.443E-09    -3.37608E-06
       178             -340.751E-09    -1.39475E-06
       179             -371.293E-09    -736.525E-09
       180             -72.5722E-09    -108.907E-09
       181              2.06303E-06    -56.3907E-06
       182              2.25696E-06    -53.1438E-06
       183               2.3797E-06    -49.9424E-06
       184              2.22406E-06     -46.109E-06
       185              2.16623E-06    -42.3584E-06
       186              867.459E-09    -38.2904E-06
       187              1.52296E-06    -36.3971E-06
       188              975.542E-09    -33.4906E-06
       189               1.2675E-06    -30.8673E-06
       190              1.45882E-06    -27.7341E-06
       191              1.16217E-06    -24.7231E-06
       192              140.412E-09    -21.1673E-06
       193              764.261E-09    -18.5846E-06
       194              352.196E-09    -16.3372E-06
       195              356.892E-09    -13.5929E-06
       196              163.273E-09    -11.6098E-06
       197              1.04828E-06    -9.78713E-06
       198              635.036E-09    -8.22757E-06
       199              654.483E-09    -6.00553E-06
       200              382.357E-09    -4.80821E-06
       201              398.277E-09    -3.46488E-06
       202              378.153E-09    -2.27854E-06
       203              331.802E-09    -1.11564E-06
       204              137.551E-09    -415.897E-09
       205              76.2833E-09    -109.449E-09
       206              5.95338E-06    -53.3479E-06
       207              4.85774E-06    -49.6032E-06
       208              3.65564E-06    -46.1604E-06
       209              4.30069E-06    -42.9446E-06
       210              3.56318E-06    -39.1573E-06
       211              3.83507E-06    -36.4692E-06
       212              3.64064E-06    -33.7329E-06
       213              3.81267E-06    -30.5959E-06
       214              3.23347E-06    -27.7333E-06
       215              2.94747E-06    -24.1768E-06
       216              2.53784E-06    -21.4738E-06
       217              2.43139E-06    -19.2118E-06
       218               2.8583E-06    -15.7459E-06
       219              2.52411E-06    -14.0845E-06
       220              2.33457E-06    -11.6527E-06
       221               2.5606E-06     -9.9849E-06
       222              1.96878E-06    -8.37611E-06
       223              2.03982E-06     -6.4322E-06
       224               1.4316E-06    -4.78952E-06
       225              1.11139E-06    -3.59452E-06
       226              937.624E-09    -1.67836E-06
       227              505.174E-09    -632.703E-09
       228              230.395E-09    -133.631E-09
       229              8.46349E-06    -53.1155E-06
       230              7.87418E-06    -49.3884E-06
       231              7.93475E-06    -46.3848E-06
       232              8.00217E-06    -42.6329E-06
       233              6.92447E-06    -36.8696E-06
       234              6.82158E-06    -33.2368E-06
       235              7.05504E-06    -30.7156E-06
       236               6.2554E-06    -26.9032E-06
       237              6.17803E-06    -24.6925E-06
       238              5.70861E-06    -22.2876E-06
       239              5.91657E-06    -19.2672E-06
       240              5.63849E-06    -16.6353E-06
       241              5.10504E-06    -14.8455E-06
       242              4.61514E-06    -11.5724E-06
       243               4.3884E-06    -10.0636E-06
       244              4.24779E-06    -8.66843E-06
       245              3.98437E-06    -6.70683E-06
       246              2.93865E-06    -5.02296E-06
       247              2.41646E-06    -3.51176E-06
       248              1.30025E-06    -1.46614E-06
       249              979.104E-09    -749.829E-09
       250              528.188E-09    -253.901E-09
       251               11.822E-06    -49.9304E-06
       252              11.4598E-06    -47.1124E-06
       253               10.358E-06    -43.7967E-06
       254              10.5512E-06    -40.5592E-06
       255               10.224E-06    -37.0857E-06
       256              9.33476E-06    -33.6244E-06
       257               9.9013E-06    -30.3448E-06
       258              9.89799E-06    -27.6881E-06
       259              8.43882E-06    -24.9686E-06
       260              8.62306E-06    -21.8281E-06
       261              8.34678E-06    -19.3091E-06
       262              7.31975E-06    -16.8117E-06
       263              7.16647E-06    -14.2953E-06
       264              6.99836E-06    -12.3741E-06
       265              5.86223E-06    -10.3716E-06
       266              5.69094E-06      -8.405E-06
       267              5.10222E-06    -6.88272E-06
       268              4.05528E-06    -5.17622E-06
       269               3.7815E-06    -3.96487E-06
       270               3.0582E-06    -2.71579E-06
       271              1.70151E-06    -1.09749E-06
       272              857.482E-09    -447.229E-09
       273              -18.389E-06    -78.8878E-06
       274             -18.3689E-06    -69.1642E-06
       275             -17.5579E-06    -63.5724E-06
       276             -16.7644E-06    -58.4882E-06
       277             -15.8645E-06    -51.9857E-06
       278             -15.2939E-06    -47.7564E-06
       279             -14.4541E-06    -41.5093E-06
       280             -13.9803E-06     -37.702E-06
       281             -13.2695E-06    -32.3461E-06
       282             -12.7206E-06    -28.8147E-06
       283             -12.1283E-06    -25.4235E-06
       284             -11.1424E-06    -20.5763E-06
       285             -10.4354E-06    -17.6172E-06
       286              -9.2873E-06    -13.5726E-06
       287             -8.45812E-06    -11.1076E-06
       288             -7.13692E-06    -7.80712E-06
       289             -6.15362E-06    -5.93374E-06
       290             -5.16812E-06    -4.31605E-06
       291             -3.57258E-06    -2.37635E-06
       292             -2.46045E-06    -1.42317E-06
       293             -792.692E-09    -474.781E-09
       294             -5.85281E-06    -81.9565E-06
       295             -4.50265E-06    -83.7547E-06
       296              -7.3849E-06    -81.6597E-06
       297             -9.26903E-06    -81.5398E-06
       298              -9.2404E-06    -82.3837E-06
       299             -11.1291E-06     -81.336E-06
       300             -13.0632E-06    -81.2498E-06
       301             -13.2817E-06    -82.0225E-06
       302             -15.2982E-06    -81.9563E-06
       303             -16.9792E-06    -81.2469E-06
       304              -17.349E-06    -81.9442E-06
       305              13.6876E-06    -53.0903E-06
       306              12.4353E-06    -53.2528E-06
       307              11.7119E-06    -53.2796E-06
       308               9.8147E-06    -53.6962E-06
       309              8.64915E-06    -54.2077E-06
       310              8.01922E-06    -54.3739E-06
       311              6.91369E-06    -55.0741E-06
       312              5.28175E-06     -56.217E-06
       313               4.7641E-06    -56.5532E-06
       314              3.75444E-06    -57.6456E-06
       315              2.33854E-06    -59.3668E-06
       316              1.98283E-06     -59.807E-06
       317              1.05285E-06    -61.4015E-06
       318             -76.7209E-09    -63.7495E-06
       319             -293.089E-09    -64.0891E-06
       320             -1.06664E-06    -66.3852E-06
       321             -1.90446E-06    -69.3271E-06
       322             -1.92153E-06    -69.3509E-06
       323             -2.55419E-06    -72.6119E-06
       324             -2.46116E-06    -72.2118E-06
       325             -2.84462E-06    -74.9921E-06
       326              -2.5428E-06    -80.9063E-06
       327             -3.44497E-06    -77.4764E-06
       328              802.886E-09    -480.831E-09
       329              2.49959E-06     -1.4541E-06
       330              3.63768E-06    -2.44102E-06
       331              5.26431E-06    -4.45113E-06
       332              6.27705E-06    -6.12743E-06
       333              7.69528E-06    -9.15552E-06
       334              8.60071E-06    -11.4769E-06
       335              9.83371E-06    -15.3686E-06
       336              10.6162E-06    -18.2381E-06
       337              11.6332E-06     -22.952E-06
       338               12.283E-06    -26.2975E-06
       339               13.149E-06    -31.5848E-06
       340              13.6533E-06    -35.3259E-06
       341              14.1655E-06    -41.2235E-06
       342              14.3855E-06    -45.2197E-06
       343              14.6833E-06    -51.1459E-06
       344             -96.0373E-33    -16.3779E-33
       345             -64.9381E-33    -5.91277E-33
       346             -44.7459E-33    -2.12145E-33
       347             -26.4086E-33    -243.042E-36
       348             -8.73394E-33     531.355E-36
       349              8.73454E-33     504.295E-36
       350              26.2362E-33    -303.799E-36
       351              44.9846E-33    -2.20587E-33
       352              65.1707E-33    -5.92445E-33
       353              95.9031E-33    -16.2946E-33
       354              -8.4391E-06    -81.4139E-06
       355             -12.1323E-06    -80.1729E-06
       356             -10.3705E-06    -81.2494E-06
       357             -12.3545E-06    -81.0875E-06
       358             -14.0193E-06     -80.349E-06
       359             -14.2584E-06    -80.9676E-06
       360             -6.26811E-06    -81.6537E-06
       361             -10.2367E-06    -80.4848E-06
       362             -15.9002E-06    -80.0779E-06
       363             -16.1213E-06    -80.9308E-06
       364             -1.96991E-06     -64.687E-06
       365             -4.40433E-06    -77.3895E-06
       366                906.3E-09    -59.4109E-06
       367               4.0068E-06    -56.1018E-06
       368              10.3442E-06    -52.4755E-06
       369             -3.42868E-06    -70.3296E-06
       370             -957.497E-09     -62.077E-06
       371              13.1564E-06    -51.8851E-06
       372               399.34E-09    -59.8481E-06
       373               5.6288E-06    -54.8113E-06
       374             -2.77327E-06    -67.4241E-06
       375              5.04134E-06    -55.1327E-06
       376              12.3391E-06    -52.0723E-06
       377              9.15204E-06    -52.9298E-06
       378              6.70028E-06    -54.0025E-06
       379              1.94928E-06    -58.0582E-06
       380              7.33853E-06    -53.7465E-06
       381              11.0933E-06    -52.3667E-06
       382             -4.05063E-06    -73.3431E-06
       383             -2.70151E-06    -67.1431E-06
       384             -1.77484E-06    -64.2409E-06
       385             -4.03755E-06    -73.6466E-06
       386             -5.04489E-06    -76.6709E-06
       387             -6.50361E-06    -80.0153E-06
       388             -7.73499E-06    -77.7137E-06
       389             -9.55237E-06    -80.5853E-06
       390             -9.69675E-06    -79.1706E-06
       391             -8.02641E-06    -79.8109E-06
       392             -11.0427E-06    -79.1654E-06
       393             -13.3225E-06    -80.3982E-06
       394             -785.905E-09     -59.299E-06
       395              1.01092E-06    -57.5566E-06
       396             -4.94688E-06    -71.2222E-06
       397              8.92458E-06    -51.7357E-06
       398             -5.55125E-06    -74.5321E-06
       399              12.8326E-06    -50.9752E-06
       400              390.601E-09    -57.9633E-06
       401              4.25808E-06    -54.5687E-06
       402              11.7437E-06     -51.124E-06
       403              3.65846E-06    -54.9468E-06
       404             -6.04133E-06    -74.5191E-06
       405              9.70688E-06    -51.5479E-06
       406             -2.73919E-06    -62.7782E-06
       407              -6.0533E-06    -77.9593E-06
       408             -17.4476E-06    -79.5269E-06
       409             -4.31882E-06     -68.447E-06
       410              7.75669E-06     -52.318E-06
       411              3.47053E-06    -56.4834E-06
       412             -9.84307E-06    -79.1246E-06
       413             -9.71483E-06    -76.7937E-06
       414             -11.4988E-06    -79.6494E-06
       415             -7.71507E-06    -78.2238E-06
       416             -15.2455E-06    -79.3123E-06
       417              -1.7347E-06    -59.7503E-06
       418              1.16297E-06    -55.8087E-06
       419             -5.07651E-06    -71.4128E-06
       420             -2.50621E-06    -62.0573E-06
       421              -3.5346E-06    -65.0379E-06
       422             -4.30448E-06    -68.0699E-06
       423             -8.09758E-06    -75.3425E-06
       424             -7.12516E-06    -75.2869E-06
       425              10.4358E-06    -50.1175E-06
       426               7.0491E-06    -52.5869E-06
       427              2.79697E-06    -54.3397E-06
       428              4.47994E-06    -52.9984E-06
       429             -12.4616E-06    -77.5358E-06
       430             -10.4273E-06     -77.022E-06
       431             -6.51689E-06    -72.0508E-06
       432             -6.95828E-06    -72.3945E-06
       433             -2.55919E-06    -58.5763E-06
       434             -14.5191E-06      -77.44E-06
       435              2.63159E-06    -55.9701E-06
       436              517.918E-09    -56.2073E-06
       437             -3.58846E-06    -60.2221E-06
       438               -5.723E-06    -69.1048E-06
       439              2.92967E-06    -52.7056E-06
       440             -4.32365E-06    -63.0139E-06
       441              7.40868E-06    -51.0546E-06
       442               2.1699E-06    -54.7614E-06
       443              4.68629E-06    -51.3573E-06
       444              10.3537E-06    -48.7272E-06
       445             -5.32561E-06    -66.7062E-06
       446             -8.85867E-06    -73.3761E-06
       447             -12.4083E-06    -75.3365E-06
       448             -10.5954E-06    -74.5084E-06
       449             -5.91675E-06    -69.4705E-06
       450             -6.44559E-06    -67.9147E-06
       451             -16.6136E-06    -76.9466E-06
       452             -1.32131E-06    -57.5794E-06
       453              593.268E-09    -54.5207E-06
       454             -3.56199E-06     -60.973E-06
       455              -3.5498E-06     -58.311E-06
       456             -8.14598E-06    -72.8633E-06
       457              8.22641E-06     -50.753E-06
       458             -5.36666E-06    -66.0444E-06
       459              3.95852E-06    -51.8077E-06
       460              6.26637E-06    -51.7709E-06
       461              2.32636E-06    -51.5378E-06
       462             -15.7422E-06    -75.0983E-06
       463              -9.6935E-06    -73.8574E-06
       464              5.77566E-06    -50.5038E-06
       465             -2.99359E-06    -56.7436E-06
       466              4.07419E-06    -50.1616E-06
       467             -1.04982E-06    -54.1472E-06
       468             -4.62695E-06    -63.6744E-06
       469             -6.90198E-06    -67.5979E-06
       470             -14.3007E-06    -73.0376E-06
       471              1.32072E-06    -52.4466E-06
       472              6.59615E-06    -50.0649E-06
       473              9.51047E-06    -50.2384E-06
       474             -6.29492E-06    -63.8711E-06
       475             -6.91059E-06    -64.8943E-06
       476             -12.2491E-06    -73.2055E-06
       477             -4.85925E-06    -58.9561E-06
       478             -369.187E-09    -53.7993E-06
       479              3.09808E-06    -49.3999E-06
       480               3.0446E-06    -51.0627E-06
       481             -8.32483E-06    -67.6082E-06
       482             -9.71919E-06    -71.2984E-06
       483             -12.9199E-06    -75.1357E-06
       484              670.066E-09    -51.2759E-06
       485             -12.6993E-06    -70.8247E-06
       486             -10.6792E-06    -69.1154E-06
       487             -4.65858E-06    -59.5345E-06
       488             -10.0261E-06    -67.9615E-06
       489             -325.366E-09    -52.1379E-06
       490             -6.76308E-06    -61.7374E-06
       491              4.09512E-06    -48.4155E-06
       492             -5.54889E-06    -58.4959E-06
       493              1.24615E-06     -54.107E-06
       494             -10.9412E-06     -65.368E-06
       495             -12.1214E-06    -69.5476E-06
       496             -14.2239E-06    -68.7495E-06
       497             -6.27701E-06    -56.8854E-06
       498             -8.54276E-06    -64.4759E-06
       499             -16.4859E-06    -71.6206E-06
       500              2.85826E-06    -47.7256E-06
       501              6.01733E-06    -48.6816E-06
       502              11.5333E-06    -48.7272E-06
       503             -432.853E-09    -186.646E-09
       504             -275.351E-09    -92.5565E-09
       505              443.181E-09    -191.203E-09
       506              274.754E-09    -91.7122E-09
       507              152.725E-09    -44.0973E-09
       508              75.2255E-09    -28.3415E-09
       509               698.29E-12     -23.036E-09
       510             -74.2699E-09    -28.0954E-09
       511             -160.888E-09    -47.7048E-09
       512             -331.669E-09    -127.727E-09
       513             -208.353E-09    -65.3517E-09
       514             -112.908E-09    -35.4023E-09
       515             -35.7647E-09    -23.7026E-09
       516              36.8171E-09    -23.7639E-09
       517              108.645E-09    -33.4718E-09
       518              199.835E-09    -60.8871E-09
       519              336.899E-09    -130.369E-09
       520              508.823E-09    -269.668E-09
       521             -555.553E-09    -57.3042E-06
       522             -1.00098E-06    -50.9022E-06
       523              8.90366E-06    -49.1125E-06
       524              12.9167E-06     -50.248E-06
       525             -2.62994E-06     -55.249E-06
       526              717.504E-09    -49.7194E-06
       527             -2.69659E-06    -53.7394E-06
       528             -6.32011E-06    -59.8381E-06
       529             -1.58339E-06    -882.554E-09
       530             -2.12147E-06     -1.2785E-06
       531             -3.07871E-06    -2.18306E-06
       532             -3.98196E-06     -3.3465E-06
       533             -4.38495E-06     -4.0146E-06
       534             -5.06999E-06    -5.55899E-06
       535             -6.01985E-06    -7.71973E-06
       536             -7.01257E-06    -9.90007E-06
       537             -7.41779E-06    -11.0169E-06
       538             -8.12744E-06    -13.4601E-06
       539             -8.71406E-06    -16.1159E-06
       540             -9.02681E-06    -17.5575E-06
       541             -9.72827E-06    -20.4807E-06
       542             -10.3208E-06    -23.5715E-06
       543             -10.4935E-06    -25.1104E-06
       544              -10.925E-06    -28.4095E-06
       545             -11.0593E-06     -32.008E-06
       546             -11.9979E-06    -35.8796E-06
       547             -12.3327E-06    -37.9397E-06
       548             -12.7997E-06     -41.756E-06
       549             -13.2605E-06    -45.6904E-06
       550             -13.4122E-06    -47.4202E-06
       551             -13.9161E-06    -51.5178E-06
       552             -14.4316E-06    -55.8431E-06
       553             -14.7658E-06    -58.5125E-06
       554             -14.7559E-06    -63.5666E-06
       555             -15.9443E-06    -69.4229E-06
       556             -15.6804E-06    -66.0899E-06
       557             -14.9136E-06     -60.472E-06
       558             -14.2947E-06    -54.0002E-06
       559             -13.7685E-06    -49.7542E-06
       560             -12.9605E-06    -43.4754E-06
       561             -12.5213E-06    -39.6356E-06
       562             -11.6648E-06    -34.1766E-06
       563             -11.1993E-06    -30.2215E-06
       564             -10.6591E-06    -26.8289E-06
       565             -10.0393E-06    -21.9452E-06
       566             -9.35494E-06     -18.941E-06
       567             -8.42162E-06    -14.7932E-06
       568             -7.79602E-06    -12.2447E-06
       569             -6.57741E-06    -8.78552E-06
       570             -5.27771E-06    -6.51414E-06
       571             -4.76007E-06    -4.75295E-06
       572             -3.52373E-06     -2.7205E-06
       573             -2.58145E-06    -1.67791E-06
       574             -1.12089E-06    -613.995E-09
       575              1.13856E-06    -623.315E-09
       576              1.60305E-06    -900.509E-09
       577              2.57244E-06    -1.71778E-06
       578              3.56695E-06    -2.82826E-06
       579              4.07553E-06    -3.50625E-06
       580              4.87153E-06    -4.96707E-06
       581              5.80986E-06    -6.85066E-06
       582              6.30377E-06    -7.82845E-06
       583               6.7217E-06    -9.94295E-06
       584              7.93274E-06    -12.5028E-06
       585              8.29986E-06    -13.7067E-06
       586              8.40031E-06    -16.2844E-06
       587              9.61505E-06    -19.4546E-06
       588              9.90904E-06    -20.9622E-06
       589              9.83874E-06    -24.1962E-06
       590              11.1241E-06    -27.8046E-06
       591              11.4078E-06    -29.4248E-06
       592              11.0264E-06    -32.9318E-06
       593              12.0105E-06    -37.0846E-06
       594              12.1699E-06    -39.0374E-06
       595              12.0176E-06    -43.0569E-06
       596              12.8558E-06    -47.1211E-06
       597               13.196E-06    -48.8027E-06
       598              2.13179E-06      -1.301E-06
       599              3.06164E-06    -2.24214E-06
       600              4.49614E-06    -4.21499E-06
       601              5.10867E-06    -5.83496E-06
       602              6.65125E-06    -8.82769E-06
       603              7.43377E-06    -11.2604E-06
       604              8.44857E-06    -14.9791E-06
       605              9.11514E-06    -17.9941E-06
       606              10.0598E-06    -22.4669E-06
       607              10.6514E-06    -26.0727E-06
       608              11.3796E-06    -31.1709E-06
       609              11.6051E-06    -35.1855E-06
       610              12.3653E-06     -40.887E-06
       611              12.6914E-06    -45.1463E-06
       612             -11.7927E-06    -66.7502E-06
       613             -12.7253E-06    -64.0836E-06
       614              8.60602E-06    -47.6501E-06
       615             -7.51501E-06    -60.1285E-06
       616             -6.97122E-06    -58.1722E-06
       617             -5.78371E-06    -56.7021E-06
       618              3.51519E-06    -46.7465E-06
       619             -2.90228E-06    -52.0647E-06
       620             -9.92931E-06     -62.896E-06
       621             -319.189E-09    -163.946E-09
       622             -146.924E-09    -117.541E-09
       623              1.00238E-09    -104.182E-09
       624              150.825E-09    -117.801E-09
       625              291.762E-09    -142.938E-09
       626              1.19922E-06    -47.7084E-06
       627               10.886E-06    -45.5279E-06
       628             -11.4978E-06    -62.6363E-06
       629              4.92816E-06    -47.4888E-06
       630             -8.29164E-06    -20.3471E-06
       631             -2.56275E-06    -1.96116E-06
       632             -12.1707E-06    -51.7463E-06
       633             -4.03283E-06    -5.68808E-06
       634              -9.5605E-06    -29.7953E-06
       635              -1.0936E-06    -55.8136E-06
       636               622.75E-09    -48.1983E-06
       637              7.11511E-06    -48.2335E-06
       638              9.83584E-06    -47.4215E-06
       639              2.43565E-06    -2.06243E-06
       640               4.5401E-06    -6.22012E-06
       641              6.50603E-06    -11.3674E-06
       642              7.95677E-06    -18.0125E-06
       643              9.30785E-06     -26.416E-06
       644               9.9708E-06      -35.26E-06
       645             -6.41289E-06    -10.9938E-06
       646             -10.8918E-06    -39.9333E-06
       647             -1.88516E-06    -50.0317E-06
       648             -1.73528E-06     -1.0883E-06
       649             -7.48997E-06    -17.4247E-06
       650              -11.709E-06    -47.7027E-06
       651              709.678E-09    -346.552E-09
       652             -711.179E-09    -347.559E-09
       653             -8.66186E-06    -26.4588E-06
       654             -3.89137E-06    -4.35523E-06
       655             -12.7634E-06    -60.3222E-06
       656             -10.3936E-06    -36.2287E-06
       657             -6.04318E-06    -9.85951E-06
       658              7.25851E-06     -13.399E-06
       659              8.63831E-06    -20.5576E-06
       660              1.33889E-06     -774.92E-09
       661              3.46255E-06    -3.34148E-06
       662              5.52721E-06    -7.64895E-06
       663              10.0332E-06     -29.115E-06
       664              10.4882E-06    -38.7959E-06
       665             -11.4233E-06    -45.4696E-06
       666              -1.3423E-06    -769.907E-09
       667             -7.29465E-06    -16.0345E-06
       668             -12.5638E-06    -55.9774E-06
       669             -8.88847E-06    -23.2794E-06
       670             -3.31378E-06    -3.06523E-06
       671             -5.18215E-06    -7.86972E-06
       672             -9.40685E-06    -32.8957E-06
       673              9.24075E-06    -31.4338E-06
       674              10.7038E-06    -41.8651E-06
       675              3.99668E-06    -4.60169E-06
       676              2.10325E-06    -1.53584E-06
       677              5.52537E-06    -9.03031E-06
       678              6.80997E-06    -15.0995E-06
       679              8.12308E-06    -22.8324E-06
       680             -6.97373E-06    -13.3732E-06
       681             -11.0254E-06    -41.6283E-06
       682              4.74648E-06    -45.8395E-06
       683             -7.44372E-06    -62.3494E-06
       684             -498.229E-09    -353.896E-09
       685              575.687E-09    -367.355E-09
       686              2.99077E-06    -45.1821E-06
       687             -2.66944E-06    -50.3376E-06
       688             -6.82593E-06    -55.1399E-06
       689             -3.69644E-06    -55.9407E-06
       690              9.49851E-06    -45.8213E-06
       691              6.62294E-06    -46.7608E-06
       692             -1.04858E-06     -612.44E-09
       693             -9.19829E-06    -39.8945E-06
       694             -5.79406E-06    -12.1019E-06
       695              226.687E-09    -261.114E-09
       696             -226.578E-09    -271.046E-09
       697             -377.647E-09    -47.3893E-06
       698              8.24465E-06    -34.0388E-06
       699             -6.90876E-06    -20.4725E-06
       700             -8.02778E-06    -30.0429E-06
       701              7.23939E-06    -25.9441E-06
       702              3.39977E-06    -4.79765E-06
       703              6.59284E-06    -17.1691E-06
       704              5.13598E-06     -10.866E-06
       705             -3.77477E-06    -6.23176E-06
       706              -2.1156E-06    -1.77772E-06
       707             -10.1003E-06    -49.7134E-06
       708             -1.76263E-06    -1.32233E-06
       709             -4.08152E-06    -7.30241E-06
       710             -8.58134E-06    -31.3899E-06
       711             -6.38211E-06    -18.9999E-06
       712             -10.2511E-06    -51.3712E-06
       713             -2.70725E-06    -2.80412E-06
       714              -10.569E-06    -55.3728E-06
       715             -3.17261E-06     -4.5309E-06
       716             -7.03145E-06    -27.1502E-06
       717             -7.59871E-06    -23.1499E-06
       718               -8.805E-06    -36.3347E-06
       719             -9.49817E-06    -43.6711E-06
       720              -5.8656E-06    -14.4011E-06
       721             -4.98016E-06    -9.81081E-06
       722             -10.5506E-06    -53.7315E-06
       723              8.66511E-06    -38.7766E-06
       724             -2.41235E-06    -2.25343E-06
       725             -9.74974E-06    -45.8262E-06
       726              2.74522E-06    -2.75188E-06
       727              8.57922E-06    -36.9526E-06
       728              8.11932E-06    -30.0366E-06
       729             -3.12925E-06    -5.08066E-06
       730              8.81659E-06    -28.6961E-06
       731              4.85963E-06     -7.5672E-06
       732             -4.99574E-06    -8.89838E-06
       733              7.45277E-06    -20.3863E-06
       734              6.52785E-06     -13.119E-06
       735             -8.43977E-06    -34.8656E-06
       736             -5.84547E-06    -15.7598E-06
       737              6.94447E-06    -21.7624E-06
       738              3.07296E-06    -3.72482E-06
       739              5.63567E-06     -14.072E-06
       740              4.73322E-06    -8.33042E-06
       741             -7.47209E-06    -28.4785E-06
       742             -7.30178E-06    -21.7854E-06
       743              1.35181E-06    -936.133E-09
       744             -10.6796E-06     -57.871E-06
       745             -3.10094E-06    -3.95118E-06
       746             -7.62197E-06    -24.3164E-06
       747              360.178E-12    -241.256E-09
       748               497.69E-09    -46.2242E-06
       749              8.71927E-06    -44.3746E-06
       750             -3.20604E-06    -54.7447E-06
       751             -10.3867E-06    -59.8322E-06
       752              1.01988E-06    -606.357E-09
       753             -2.95801E-06    -5.62456E-06
       754             -5.71243E-06    -28.9022E-06
       755              3.91761E-06    -44.7359E-06
       756              370.737E-09    -316.022E-09
       757             -654.932E-09    -596.403E-09
       758             -5.33527E-06    -54.9412E-06
       759              799.428E-09    -486.603E-09
       760              105.603E-09    -238.949E-09
       761             -6.39667E-06    -23.0959E-06
       762             -7.22471E-06    -25.3848E-06
       763             -5.68045E-06    -17.4173E-06
       764             -7.88149E-06    -33.2658E-06
       765             -4.25501E-06    -8.15999E-06
       766             -108.552E-09    -248.159E-09
       767              -2.2929E-06    -3.04113E-06
       768             -8.08718E-06    -47.8505E-06
       769              8.93003E-06    -40.4689E-06
       770             -8.84133E-06    -55.5864E-06
       771             -1.42906E-06    -1.17831E-06
       772              1.58724E-06    -1.29013E-06
       773              1.09486E-06    -45.0542E-06
       774             -5.83395E-06    -13.1296E-06
       775              8.19332E-06    -32.1583E-06
       776              7.12241E-06    -23.7476E-06
       777              5.91871E-06    -45.5104E-06
       778              6.25484E-06    -15.7623E-06
       779               5.0214E-06    -9.53885E-06
       780              -1.5961E-06    -48.6853E-06
       781             -5.51496E-06    -20.7032E-06
       782             -857.905E-09    -513.406E-09
       783             -8.57441E-06    -51.7358E-06
       784             -1.93246E-06    -2.04561E-06
       785              1.82667E-06    -44.2555E-06
       786              -2.2649E-06    -47.1227E-06
       787              -4.8789E-06    -51.3433E-06
       788             -2.41351E-06    -4.06141E-06
       789             -6.97388E-06    -35.1519E-06
       790             -3.87412E-06    -9.65867E-06
       791             -4.51293E-06    -15.3279E-06
       792                7.042E-06    -38.5756E-06
       793              5.77647E-06       -11.6E-06
       794              6.73004E-06    -18.0923E-06
       795               3.2515E-06    -4.30595E-06
       796              8.22619E-06    -27.0331E-06
       797              8.34411E-06    -35.4076E-06
       798              2.33175E-06    -2.91801E-06
       799              -5.4936E-06    -10.9673E-06
       800              7.39836E-06    -28.3909E-06
       801             -9.34956E-06    -41.9875E-06
       802              5.28407E-06    -20.7265E-06
       803               4.2629E-06    -7.56444E-06
       804              4.56771E-06    -12.8729E-06
       805              3.77921E-06    -5.61306E-06
       806              2.34756E-06    -2.43648E-06
       807              -9.1006E-06    -38.2478E-06
       808             -474.051E-09    -531.347E-09
       809             -2.61419E-09    -421.489E-09
       810             -4.45901E-06    -47.9961E-06
       811             -6.91388E-06    -51.6072E-06
       812             -4.11472E-06    -16.4517E-06
       813             -6.07827E-06    -24.5608E-06
       814             -5.91194E-06     -32.418E-06
       815             -4.18524E-06    -21.2367E-06
       816             -4.37022E-06    -28.2275E-06
       817             -2.20041E-06    -5.04915E-06
       818             -3.02642E-06    -7.64771E-06
       819              -891.98E-09    -700.607E-09
       820              266.884E-09    -418.152E-09
       821             -1.61535E-06    -2.27285E-06
       822             -1.75899E-06    -3.17953E-06
       823             -5.35156E-06    -23.5724E-06
       824             -1.74305E-06    -3.61447E-06
       825             -1.09314E-06    -1.02118E-06
       826             -6.20135E-06    -46.1065E-06
       827              678.324E-09    -598.621E-09
       828              6.90966E-06    -40.7236E-06
       829             -5.64483E-06    -35.7627E-06
       830             -3.58874E-06    -13.7722E-06
       831             -6.31425E-06    -43.1595E-06
       832             -3.28857E-06    -9.62823E-06
       833              3.68308E-06    -9.18785E-06
       834              4.54581E-06    -15.7446E-06
       835              5.33092E-06    -38.2853E-06
       836              4.91015E-06     -23.721E-06
       837              554.245E-09    -42.6694E-06
       838              1.80165E-06     -2.6414E-06
       839             -6.28445E-06     -44.218E-06
       840              5.88857E-06    -31.3658E-06
       841              5.41993E-06    -36.5802E-06
       842              4.97053E-06    -29.9767E-06
       843              5.18171E-06    -27.8924E-06
       844              2.97956E-06    -6.84964E-06
       845              3.95366E-06    -18.8971E-06
       846              3.38737E-06    -12.1296E-06
       847             -3.16194E-06    -8.75926E-06
       848              1.68413E-06    -3.29352E-06
       849              3.92859E-06    -21.8352E-06
       850             -5.14535E-06    -34.3508E-06
       851             -3.34987E-06    -14.8116E-06
       852              3.04619E-06     -8.3309E-06
       853              4.04615E-06    -13.8935E-06
       854             -4.61072E-06    -12.6736E-06
       855              7.40851E-06    -44.8055E-06
       856             -1.66809E-06    -4.06035E-06
       857             -4.76238E-06    -22.3541E-06
       858              1.19098E-06    -1.10638E-06
       859               3.0999E-06    -43.4395E-06
       860             -1.47029E-06    -1.81797E-06
       861             -6.22554E-06    -50.0781E-06
       862             -2.63878E-06    -44.8891E-06
       863             -4.40943E-06    -29.8959E-06
       864             -2.66288E-06    -6.17574E-06
       865             -3.40685E-06    -19.9586E-06
       866             -4.68503E-06    -11.1596E-06
       867              6.85622E-06     -35.081E-06
       868               5.1954E-06    -25.8298E-06
       869              3.62551E-06     -10.869E-06
       870              5.20292E-06    -17.8502E-06
       871               2.6036E-06    -4.18899E-06
       872              5.65689E-06    -41.9162E-06
       873             -7.44706E-06    -41.9879E-06
       874              413.575E-09    -194.187E-09
       875              2.89271E-06    -5.85558E-06
       876              1.81618E-06    -2.12728E-06
       877             -360.436E-09    -44.3629E-06
       878             -6.24647E-06    -38.5651E-06
       879              314.423E-09    -40.9958E-06
       880             -1.13414E-06    -1.99806E-06
       881             -173.842E-09    -691.369E-09
       882              335.392E-09    -628.174E-09
       883             -3.62394E-06     -22.966E-06
       884             -3.44415E-06    -28.9302E-06
       885             -650.999E-09    -417.708E-09
       886              844.551E-09    -954.893E-09
       887              2.99464E-06    -13.1757E-06
       888              2.58196E-06    -20.4022E-06
       889              2.99276E-06    -29.5332E-06
       890             -2.36518E-06    -14.3729E-06
       891             -1.69691E-06    -2.70201E-06
       892              3.51947E-06    -41.7616E-06
       893              3.84459E-06    -37.7892E-06
       894             -4.79308E-06    -44.2915E-06
       895             -5.25993E-06    -31.2221E-06
       896              938.865E-09    -1.32157E-06
       897             -4.87851E-06    -39.9498E-06
       898              5.11713E-06    -33.4202E-06
       899             -3.85413E-06    -35.1479E-06
       900              2.10627E-06    -4.86245E-06
       901              4.11873E-06     -24.851E-06
       902              3.88028E-06    -16.7471E-06
       903             -2.33309E-06    -8.81005E-06
       904             -1.95907E-06    -5.54339E-06
       905             -1.08508E-06    -3.59704E-06
       906              1.14174E-06    -2.79584E-06
       907              2.44257E-06    -7.67994E-06
       908             -3.05101E-06    -24.6764E-06
       909             -3.37661E-06    -17.4695E-06
       910             -4.04054E-06    -31.8846E-06
       911             -1.71105E-06    -7.07921E-06
       912             -578.261E-09     -799.66E-09
       913             -1.20449E-06    -2.81788E-06
       914               4.4083E-06    -40.9424E-06
       915             -959.818E-09    -1.24108E-06
       916             -6.19367E-06    -47.7029E-06
       917             -4.13015E-06    -42.4469E-06
       918             -1.31454E-06    -1.41283E-06
       919              -4.3979E-06    -18.3226E-06
       920              -5.2042E-06    -25.5992E-06
       921             -2.54648E-06    -18.2783E-06
       922             -2.77241E-06    -27.5714E-06
       923             -1.24726E-06    -6.40722E-06
       924             -2.58115E-06    -31.5438E-06
       925              2.13629E-06    -5.63522E-06
       926             -570.759E-09    -2.76189E-06
       927             -3.11912E-06    -40.9087E-06
       928             -439.982E-09     -211.15E-09
       929              1.60052E-06    -13.4247E-06
       930              1.33137E-06    -20.3849E-06
       931             -690.557E-09    -1.12097E-06
       932             -1.49487E-06    -13.8548E-06
       933             -1.48823E-06    -9.02823E-06
       934              2.03305E-06    -30.1785E-06
       935             -2.54789E-06    -35.7946E-06
       936             -1.85313E-06    -19.2031E-06
       937             -937.988E-09    -4.01543E-06
       938             -1.63321E-06     -5.9907E-06
       939              2.40818E-06    -37.5938E-06
       940             -1.46622E-06    -28.1301E-06
       941              742.033E-09    -2.47252E-06
       942              596.349E-09    -903.008E-09
       943              1.77518E-06    -7.21097E-06
       944              1.42187E-06    -7.95324E-06
       945               3.4786E-06    -14.8805E-06
       946              809.958E-09    -3.16115E-06
       947              3.54744E-06    -22.9931E-06
       948              2.52431E-06    -8.95116E-06
       949             -656.321E-09    -2.08551E-06
       950              4.51954E-06    -32.0107E-06
       951             -2.08725E-06     -29.675E-06
       952              2.23546E-06    -38.6256E-06
       953              1.30193E-06     -2.3353E-06
       954              -1.2941E-06    -4.95561E-06
       955             -1.49919E-06    -20.2179E-06
       956              2.19691E-06    -28.5152E-06
       957             -1.33832E-06    -8.05538E-06
       958             -3.30543E-06    -33.7955E-06
       959             -522.521E-09    -3.62314E-06
       960             -1.88693E-06    -15.2234E-06
       961             -3.60144E-06    -10.5039E-06
       962              208.128E-09    -805.976E-09
       963             -4.99643E-06    -38.5616E-06
       964              -430.63E-09    -1.01243E-06
       965              5.29234E-06    -35.0851E-06
       966              1.86429E-06    -41.0015E-06
       967             -3.58279E-06    -12.6417E-06
       968              1.91378E-06    -39.8832E-06
       969             -612.635E-09    -3.24794E-06
       970             -2.86291E-06    -32.6998E-06
       971             -1.09311E-06     -7.3154E-06
       972             -2.40215E-06     -23.445E-06
       973             -2.28451E-06    -16.7015E-06
       974             -4.48128E-06    -41.0495E-06
       975             -1.45129E-06    -40.3178E-06
       976              1.94826E-06    -4.10327E-06
       977              2.55993E-06    -10.7103E-06
       978              2.98705E-06    -17.5357E-06
       979              4.25569E-06    -26.7749E-06
       980             -387.253E-09    -3.89261E-06
       981              1.27977E-06    -37.0968E-06
       982             -1.05708E-06     -5.4267E-06
       983              1.31105E-06    -4.15678E-06
       984             -1.73532E-06    -25.0409E-06
       985             -1.54922E-06    -17.5765E-06
       986              1.91685E-06     -14.931E-06
       987              2.19634E-06    -22.6112E-06
       988              3.24631E-06    -32.3859E-06
       989             -1.99533E-06    -34.6217E-06
       990             -430.131E-09    -9.11805E-06
       991             -991.798E-09    -14.7039E-06
       992              1.17315E-06    -29.4225E-06
       993              584.405E-09    -39.3995E-06
       994             -1.84146E-06    -13.0982E-06
       995             -722.892E-09    -1.73986E-06
       996              52.4007E-09    -972.405E-09
       997              1.71338E-06    -10.3178E-06
       998              2.04805E-06    -16.5415E-06
       999               3.2781E-06    -25.9557E-06
      1000              1.84919E-06      -18.17E-06
      1001              1.38019E-06    -11.1325E-06
      1002                2.451E-06    -26.8387E-06
      1003              610.139E-09    -1.19675E-06
      1004              512.489E-09    -2.83428E-06
      1005              1.41921E-06    -5.48445E-06
      1006              2.51015E-06    -36.2133E-06
      1007             -3.12047E-06    -37.0775E-06
      1008              879.913E-09    -2.09366E-06
      1009             -1.89759E-06    -9.94317E-06
      1010              1.15355E-06    -19.5177E-06
      1011              2.01678E-06    -12.5405E-06
      1012               829.58E-09    -7.60811E-06
      1013             -893.444E-09    -6.72145E-06
      1014             -781.832E-09     -31.083E-06
      1015             -1.84585E-06    -22.4963E-06
      1016             -879.722E-09    -19.3739E-06
      1017             -265.901E-09    -3.11506E-06
      1018             -2.67699E-06    -39.0153E-06
      1019             -347.247E-09    -1.71195E-06
      1020              1.59042E-06    -26.2019E-06
      1021              1.11881E-06    -17.1581E-06
      1022              436.554E-09    -10.5871E-06
      1023              5.13405E-09    -5.16094E-06
      1024             -455.856E-09    -20.4034E-06
      1025              64.0851E-09    -4.22272E-06
      1026             -636.951E-09    -22.8872E-06
      1027              223.824E-09    -36.4808E-06
      1028             -24.7443E-09    -1.37054E-06
      1029             -227.158E-09    -14.1406E-06
      1030              976.072E-09    -35.4278E-06
      1031             -574.515E-09    -16.9049E-06
      1032              125.732E-09    -32.0896E-06
      1033              24.6427E-09    -24.2835E-06
      1034              526.687E-09    -9.16077E-06
      1035              203.648E-09    -7.47398E-06
      1036             -87.1168E-09    -2.73073E-06
      1037              112.326E-09     -5.8029E-06
      1038              179.039E-09    -3.09907E-06
      1039              49.0276E-09    -8.38967E-06
      1040             -358.332E-09    -15.4807E-06
      1041              113.762E-09    -28.3882E-06
      1042              124.987E-09    -17.7569E-06
      1043             -37.1519E-09    -34.4252E-06
      1044              507.123E-09    -30.4483E-06
      1045             -209.031E-09    -22.0404E-06
      1046              145.294E-09     -19.695E-06
      1047             -297.307E-09    -5.46678E-06
      1048              583.649E-09    -1.54404E-06
      1049             -318.923E-09    -2.18393E-06
      1050              2.09485E-06     -34.882E-06
      1051              2.58246E-06    -33.7571E-06
      1052              783.067E-09    -4.27571E-06
      1053             -1.96559E-06    -37.8482E-06
      1054             -1.23867E-06    -10.3105E-06
      1055             -262.423E-09    -37.4825E-06
      1056              167.373E-09    -1.80983E-06
      1057               1.0724E-06    -12.0274E-06
      1058              262.577E-09    -20.4664E-06
      1059             -1.50732E-06    -11.0929E-06
      1060              1.51523E-06    -9.09454E-06
      1061              596.395E-09    -3.85963E-06
      1062              2.66235E-06    -31.3143E-06
      1063              3.80605E-06    -34.9596E-06
      1064               1.5192E-06    -31.7448E-06
      1065               330.38E-09    -5.28311E-06
      1066              380.452E-09    -4.44751E-06
      1067              971.252E-09    -22.2648E-06
      1068              -499.63E-09    -10.5754E-06
      1069              431.262E-09    -14.8881E-06
      1070              26.4188E-09    -9.67331E-06
      1071             -173.364E-09    -13.1176E-06
      1072             -32.0537E-09    -4.78516E-06
      1073             -1.04066E-06    -12.4076E-06
      1074              1.09085E-06    -14.1746E-06
      1075              1.22726E-06    -21.3657E-06
      1076              1.20315E-06    -15.6301E-06
      1077               2.0704E-06    -9.55643E-06
      1078              1.73548E-06    -23.6221E-06
      1079             -77.6219E-09    -12.4837E-06
      1080              -8.5126E-06    -80.1541E-06
      1081             -3.58252E-06    -82.1859E-06
      1082              2.44577E-06    -57.6317E-06
      1083             -495.041E-09    -262.777E-09
      1084              10.9636E-06    -51.1791E-06
      1085              5.30122E-06    -53.6785E-06
      1086             -14.6613E-06    -79.2007E-06
      1087              -5.5579E-06    -80.2515E-06
      1088             -13.2891E-06    -79.2713E-06
      1089              5.54141E-06    -52.1451E-06
      1090              3.81621E-06    -53.3977E-06
      1091              1.78766E-06     -1.7175E-06
      1092              2.91709E-06    -3.18692E-06
      1093              8.85661E-06    -29.7372E-06
      1094               8.9413E-06    -27.8636E-06
      1095              7.67306E-06    -21.2886E-06
      1096              7.11406E-06    -19.1843E-06
      1097               6.1993E-06     -12.444E-06
      1098              5.08867E-06    -8.08558E-06
      1099              4.66735E-06    -7.05588E-06
      1100              3.55782E-06    -6.05556E-06
      1101              9.39205E-06    -42.2959E-06
      1102              -14.527E-06    -77.5558E-06
      1103              6.16698E-06     -29.142E-06
      1104               6.3881E-06    -20.5037E-06
      1105              6.14798E-06    -13.5679E-06
      1106              3.60086E-06    -7.82336E-06
      1107              430.204E-09    -279.932E-09
      1108             -403.769E-09    -55.5138E-06
      1109             -348.608E-09    -301.682E-09
      1110              1.35911E-06    -1.89489E-06
      1111             -11.7111E-06    -77.2848E-06
      1112              5.51826E-06    -12.6823E-06
      1113              3.97074E-06    -20.4527E-06
      1114             -13.2396E-06    -79.2444E-06
      1115             -13.1384E-06    -77.8953E-06
      1116             -7.26774E-06    -31.9731E-06
      1117              3.11116E-06    -9.70228E-06
      1118              5.26871E-06    -11.9614E-06
      1119             -2.92751E-06    -3.35696E-06
      1120              6.51539E-06    -43.4173E-06
      1121             -1.44483E-06    -960.853E-09
      1122              5.08905E-06    -19.5844E-06
      1123             -12.7265E-06    -73.6626E-06
      1124             -11.1693E-06    -74.8489E-06
      1125              617.776E-09    -52.8718E-06
      1126             -1.94885E-06     -55.078E-06
      1127             -296.398E-09    -474.991E-09
      1128             -147.457E-09    -448.196E-09
      1129              401.034E-09    -458.793E-09
      1130              -9.8448E-06    -47.4874E-06
      1131              5.12687E-06    -39.6512E-06
      1132              5.23984E-06    -44.0158E-06
      1133              1.31011E-06    -6.18432E-06
      1134               1.0856E-06    -6.91423E-06
      1135              4.11656E-06    -28.6958E-06
      1136              2.27378E-06     -25.193E-06
      1137             -9.43191E-06    -65.3363E-06
      1138              -8.5261E-06    -59.2305E-06
      1139             -6.53836E-06    -25.9932E-06
      1140             -5.01022E-06    -57.3497E-06
      1141             -11.4359E-06    -72.5814E-06
      1142             -5.32397E-06    -61.8397E-06
      1143             -10.7877E-06    -71.7372E-06
      1144              -7.5864E-06    -38.2721E-06
      1145               1.0344E-06     -8.6155E-06
      1146             -4.64305E-06    -55.8182E-06
      1147              1.40096E-06    -50.8253E-06
      1148             -2.06616E-06     -53.395E-06
      1149              1.62175E-09    -662.532E-09
      1150               161.32E-09    -611.603E-09
      1151             -7.35701E-06    -57.2043E-06
      1152             -5.80835E-06     -60.385E-06
      1153              520.859E-09    -23.3114E-06
      1154             -6.10677E-06    -58.1924E-06
      1155               854.57E-09    -4.80302E-06
      1156              831.204E-09     -5.3822E-06
      1157               418.67E-09    -6.69766E-06
      1158               496.59E-09    -1.90424E-06
      1159             -9.06238E-06     -70.441E-06
      1160               612.05E-09    -25.7276E-06
      1161               3.2728E-06    -40.1271E-06
      1162              2.00913E-06    -32.9333E-06
      1163             -6.00284E-06    -36.9728E-06
      1164             -530.865E-09    -25.4728E-06
      1165             -3.66926E-06    -25.8897E-06
      1166              2.86318E-06    -41.0558E-06
      1167             -4.01788E-06    -54.3426E-06
      1168              362.571E-09    -848.998E-09
      1169              262.936E-09    -1.42903E-06
      1170              766.959E-09     -12.837E-06
      1171             -215.867E-09     -1.0032E-06
      1172              1.08412E-06    -26.9388E-06
      1173             -7.11535E-06    -53.7062E-06
      1174              30.9689E-09    -2.21602E-06
      1175              292.736E-09    -2.59897E-06
      1176             -6.17457E-06    -39.9202E-06
      1177              2.28709E-06    -48.3466E-06
      1178              1.40264E-06    -49.2355E-06
      1179              -2.0166E-06    -51.7036E-06
      1180             -232.013E-09    -19.0001E-06
      1181              -295.14E-09    -6.49359E-06
      1182             -433.621E-09    -7.34832E-06
      1183             -21.7631E-09      -3.748E-06
      1184             -4.32096E-06    -36.2166E-06
      1185             -7.28159E-06    -69.7181E-06
      1186             -5.51887E-06    -53.2135E-06
      1187              151.006E-09    -26.9727E-06
      1188             -5.81493E-06    -52.3581E-06
      1189             -2.29909E-06    -26.3651E-06
      1190             -5.88868E-06    -41.5227E-06
      1191              -508.16E-09    -4.97594E-06
      1192             -1.69378E-06    -31.4149E-06
      1193             -768.192E-09    -35.4296E-06
      1194             -2.92487E-06    -10.6357E-06
      1195             -4.00646E-06    -11.4282E-06
      1196             -2.23692E-06    -10.8448E-06
      1197              1.82948E-06    -46.7546E-06
      1198             -214.753E-09    -48.9832E-06
      1199             -904.111E-09     -49.375E-06
      1200             -3.61205E-06    -37.9362E-06
      1201             -3.62811E-06    -39.5438E-06
      1202             -793.618E-09    -2.56482E-06
      1203             -123.379E-09    -1.74565E-06
      1204             -832.987E-09    -8.73678E-06
      1205             -3.84322E-06    -51.0586E-06
      1206             -1.29504E-06    -21.5848E-06
      1207             -448.475E-09    -9.97986E-06
      1208             -739.088E-09    -1.43144E-06
      1209             -707.905E-09    -19.9552E-06
      1210             -3.52864E-06    -43.5766E-06
      1211             -2.77165E-06     -42.004E-06
      1212             -2.54789E-06     -11.694E-06
      1213             -1.81894E-06    -11.9183E-06
      1214             -3.00004E-06    -21.8331E-06
      1215             -507.629E-09     -1.2874E-06
      1216              512.804E-09    -46.9003E-06
      1217             -1.03367E-06    -47.8143E-06
      1218             -2.67007E-06    -48.3949E-06
      1219             -3.32812E-06    -49.5434E-06
      1220             -1.66974E-06    -43.5203E-06
      1221             -2.13404E-06    -12.5189E-06
      1222              -2.7439E-06     -43.171E-06
      1223             -2.75318E-06       -12.6E-06