      1,   960.784302,           0.
      2,   941.176453,           0.
      3,   901.960754,           0.
      4,   862.745117,           0.
      5,   823.529419,           0.
      6,    803.92157,           0.
      7,   764.705872,           0.
      8,   725.490173,           0.
      9,   705.882324,           0.
     10,   666.666687,           0.
     11,   627.450989,           0.
     12,    607.84314,           0.
     13,   568.627441,           0.
     14,   529.411743,           0.
     15,   490.196075,           0.
     16,   470.588226,           0.
     17,   431.372559,           0.
     18,    392.15686,           0.
     19,   372.549011,           0.
     20,   333.333344,           0.
     21,   294.117645,           0.
     22,   274.509796,           0.
     23,   235.294113,           0.
     24,    196.07843,           0.
     25,   156.862747,           0.
     26,   137.254898,           0.
     27,   98.0392151,           0.
     28,   58.8235283,           0.
     29,   39.2156868,           0.
     30,        1000.,           0.
     31,           0.,           0.
     32,        1000.,   73.3333359
     33,        1000.,   46.6666679
     34,        1000.,    26.666666
     35,        1000.,         100.
     36,   804.370483,   258.417664
     37,   821.798706,   209.201904
     38,   844.570801,   174.135925
     39,   874.135925,   144.570801
     40,   909.201904,   121.798698
     41,   958.417664,   104.370483
     42,         800.,         300.
     43,          40.,         300.
     44,          60.,         300.
     45,         100.,         300.
     46,         140.,         300.
     47,         160.,         300.
     48,         200.,         300.
     49,         240.,         300.
     50,         260.,         300.
     51,         300.,         300.
     52,         340.,         300.
     53,         360.,         300.
     54,         400.,         300.
     55,         440.,         300.
     56,         460.,         300.
     57,         500.,         300.
     58,         540.,         300.
     59,         560.,         300.
     60,         600.,         300.
     61,         640.,         300.
     62,         660.,         300.
     63,         700.,         300.
     64,         740.,         300.
     65,         760.,         300.
     66,           0.,         300.
     67,           0.,          30.
     68,           0.,          60.
     69,           0.,          90.
     70,           0.,         120.
     71,           0.,         150.
     72,           0.,         180.
     73,           0.,         210.
     74,           0.,         240.
     75,           0.,         270.
     76,   963.439636,   29.4426785
     77,    935.31134,   27.7833595
     78,   903.895264,   30.9711113
     79,   869.412781,    33.732563
     80,   838.490295,    33.277195
     81,   801.877991,   32.6954613
     82,   764.531616,   33.5717049
     83,   707.520203,    34.625061
     84,   649.896423,   35.2652283
     85,   612.476501,   38.8286247
     86,   576.170349,    37.701767
     87,   545.440735,   39.8233795
     88,   505.094421,    37.454052
     89,   468.591949,   35.6034012
     90,   431.119232,   39.0979385
     91,   372.067719,   37.7853088
     92,   334.423828,   34.8025131
     93,   278.122437,   36.7460403
     94,   243.894699,   47.0318146
     95,   201.505997,   42.7262993
     96,   166.613281,    36.002121
     97,    130.09108,   33.5127563
     98,   93.0022049,   32.4422379
     99,   37.0259857,   30.6477699
    100,   961.940796,   64.6282196
    101,   931.995911,   72.6392288
    102,   902.214172,   69.0679169
    103,   867.538757,   64.5754013
    104,   833.045532,   64.1965561
    105,   801.162659,   63.9628944
    106,   766.013428,   67.4097443
    107,   729.593994,   68.1905975
    108,   711.800842,   68.2275085
    109,    672.35675,   68.3783722
    110,   637.492065,   69.0961227
    111,   607.132874,   76.5140686
    112,   570.282776,   73.2512512
    113,   533.624939,   82.5608673
    114,   496.281006,    64.420105
    115,   471.599854,   70.2836914
    116,   440.678223,   80.2655869
    117,   365.382172,   75.2415619
    118,   333.183777,   63.0729179
    119,   305.904083,    70.702919
    120,   284.787048,   70.3704071
    121,   243.086548,   73.1515274
    122,   194.356186,   84.4734421
    123,   168.064209,   74.1328964
    124,   137.564438,   68.4274368
    125,   103.754333,   65.3204422
    126,   68.8405838,   63.1977043
    127,   33.9831276,   61.1521072
    128,   924.698975,   105.037666
    129,   901.082458,   103.008858
    130,   863.564209,   96.1950073
    131,   833.983276,   104.300713
    132,   797.206665,   105.877121
    133,   764.324707,   102.304092
    134,   731.039673,   106.474693
    135,   698.985901,   93.7618713
    136,   658.786499,   105.117073
    137,   645.308411,   97.4854965
    138,   600.139893,   97.0221252
    139,   574.637939,    110.92984
    140,   534.430725,   99.4248123
    141,   498.614441,   95.0126877
    142,    459.84259,   117.834686
    143,   433.885712,   101.331833
    144,    391.89386,   105.298676
    145,   358.080048,   106.176704
    146,   328.540741,   92.5619049
    147,   298.295197,   100.617157
    148,   265.807587,   105.818077
    149,   242.463425,   98.2113113
    150,   194.959747,   107.531471
    151,   161.609802,   111.367264
    152,   137.169128,   104.225342
    153,    110.21563,   97.7807465
    154,   79.2187195,   94.2265625
    155,   29.8956566,   106.095764
    156,   866.350891,   134.646851
    157,   828.106995,   122.752708
    158,   793.320862,   133.261017
    159,   773.005493,   143.522415
    160,   729.492126,    136.14183
    161,   693.164185,   133.885483
    162,   659.740234,   140.179596
    163,   637.815918,   133.718018
    164,   599.348267,    135.00087
    165,   565.227051,   142.763809
    166,   528.836487,   137.338837
    167,   496.598145,   134.876953
    168,   459.565643,    138.98349
    169,   426.320679,   137.913406
    170,   396.323212,    130.51384
    171,   357.329285,   137.344711
    172,   326.766205,   137.284866
    173,   297.122589,   132.488907
    174,   270.708771,   136.562653
    175,   227.049789,   132.240814
    176,   193.149994,   132.464966
    177,   167.237122,   144.900452
    178,   104.171982,   131.947662
    179,   73.6927109,   122.540337
    180,   28.7939911,   135.611313
    181,    829.00592,   161.892838
    182,   799.175781,   166.017899
    183,   768.804504,   169.240738
    184,   730.362305,   170.780914
    185,   693.786682,   171.609238
    186,   653.146362,   158.785782
    187,   633.545959,   166.484833
    188,   604.321167,   160.498047
    189,   575.032654,   164.744736
    190,   540.286804,   167.756912
    191,   505.592926,   164.911972
    192,   463.196686,   151.792725
    193,   430.087616,   160.802383
    194,   399.411652,   155.370865
    195,   360.193237,   155.885345
    196,   330.089111,    152.86412
    197,   300.034821,   169.825439
    198,   272.353088,   163.159103
    199,   229.008255,   165.932999
    200,   202.801285,   160.099014
    201,   169.549881,   162.456207
    202,   134.970062,   165.151413
    203,   92.0630264,   169.590927
    204,   55.6027908,    163.57605
    205,   28.7816277,   165.044617
    206,   799.582825,   207.862198
    207,   763.500244,   197.239075
    208,   730.518188,   185.929642
    209,   699.072144,     194.3228
    210,   661.458862,   188.044144
    211,   633.923828,   192.215775
    212,   605.384949,   191.244492
    213,   572.538513,   194.434143
    214,   540.007751,   189.401901
    215,   498.889801,   187.942032
    216,   466.732758,    184.01358
    217,    438.02066,   184.084778
    218,   391.113556,   193.690384
    219,   367.319794,   190.532242
    220,   329.910675,   191.070297
    221,   302.394287,   198.195267
    222,   274.708496,    190.14061
    223,   236.781876,   197.687515
    224,   201.638153,   188.562943
    225,   172.278961,    184.46698
    226,     113.2341,   194.655045
    227,   67.0907898,   191.305801
    228,   29.4491768,   194.671036
    229,   800.268616,    233.39595
    230,   762.780457,   228.267563
    231,   732.019714,   232.004471
    232,   696.141296,   233.483475
    233,   637.369141,   226.287445
    234,    599.44104,   227.746262
    235,   572.200195,    232.64621
    236,   530.452148,   226.575439
    237,    504.69809,   228.135941
    238,   475.834869,   225.227661
    239,   436.885742,   233.041534
    240,   401.662354,   234.092087
    241,   376.638733,   230.128311
    242,   327.302368,   230.834366
    243,   302.373627,   231.940125
    244,   277.653107,   235.235046
    245,   239.397156,    240.87735
    246,   204.384613,   227.591629
    247,   166.611099,   227.125122
    248,   102.444565,   217.658768
    249,      68.1791,   227.553635
    250,    33.868412,    236.68692
    251,   767.811951,    270.41571
    252,   739.747437,   267.684723
    253,   707.088623,   257.885895
    254,    674.02124,   263.144226
    255,   638.800964,   262.232635
    256,   602.854858,    255.64003
    257,   567.779968,   265.374542
    258,   537.946289,   269.138977
    259,   506.983887,    255.81868
    260,    468.05127,   264.294495
    261,   435.884369,   266.363556
    262,   402.874268,   258.340881
    263,   367.063812,   263.579742
    264,   337.464996,   268.328796
    265,   305.772858,   257.688385
    266,   269.981903,   266.012482
    267,   240.528763,   264.977478
    268,   204.879868,   255.659866
    269,   173.810699,   263.786377
    270,   137.790436,   264.174896
    271,   76.1331863,   263.979492
    272,   38.0804863,   268.101593
    273,   980.392151,           0.
    274,   921.568604,           0.
    275,   882.352966,           0.
    276,   843.137268,           0.
    277,   784.313721,           0.
    278,   745.098022,           0.
    279,   686.274536,           0.
    280,   647.058838,           0.
    281,   588.235291,           0.
    282,   549.019592,           0.
    283,   509.803925,           0.
    284,   450.980377,           0.
    285,   411.764709,           0.
    286,   352.941162,           0.
    287,   313.725494,           0.
    288,   254.901962,           0.
    289,   215.686279,           0.
    290,   176.470581,           0.
    291,   117.647057,           0.
    292,   78.4313736,           0.
    293,   19.6078434,           0.
    294,        1000.,   93.3333359
    295,        1000.,   86.6666641
    296,        1000.,          80.
    297,        1000.,   66.6666641
    298,        1000.,          60.
    299,        1000.,   53.3333321
    300,        1000.,          40.
    301,        1000.,   33.3333321
    302,        1000.,          20.
    303,        1000.,    13.333333
    304,        1000.,   6.66666651
    305,   800.274109,   289.532806
    306,   801.095642,   279.094299
    307,   802.462341,   268.713104
    308,   806.814819,   248.236191
    309,   809.788696,   238.196594
    310,   813.283936,   228.326416
    311,   817.290894,   218.652664
    312,   826.794922,         200.
    313,   832.265869,   191.072189
    314,   838.196594,   182.442947
    315,   851.371033,   166.173874
    316,   858.578613,   158.578644
    317,   866.173889,   151.371033
    318,   882.442932,   138.196594
    319,   891.072205,   132.265884
    320,         900.,   126.794922
    321,   918.652649,   117.290909
    322,   928.326416,   113.283913
    323,   938.196594,   109.788696
    324,   948.236206,   106.814835
    325,   968.713135,   102.462334
    326,   979.094299,   101.095619
    327,   989.532837,   100.274094
    328,          20.,         300.
    329,          80.,         300.
    330,         120.,         300.
    331,         180.,         300.
    332,         220.,         300.
    333,         280.,         300.
    334,         320.,         300.
    335,         380.,         300.
    336,         420.,         300.
    337,         480.,         300.
    338,         520.,         300.
    339,         580.,         300.
    340,         620.,         300.
    341,         680.,         300.
    342,         720.,         300.
    343,         780.,         300.
    344,           0.,          15.
    345,           0.,          45.
    346,           0.,          75.
    347,           0.,         105.
    348,           0.,         135.
    349,           0.,         165.
    350,           0.,         195.
    351,           0.,         225.
    352,           0.,         255.
    353,           0.,         285.
    354,   992.945313,    65.668251
    355,   992.713318,   46.3987999
    356,   993.279419,   53.0426636
    357,   993.436462,   39.7487068
    358,    994.08136,   33.2822533
    359,   993.246826,   27.0116787
    360,   990.544983,   78.5093613
    361,   993.837341,   59.4864388
    362,   992.331482,   20.5670891
    363,   993.396912,   14.6554499
    364,   895.253174,   117.355339
    365,   965.649841,   93.5352554
    366,    850.76239,   151.095779
    367,   824.530212,   185.566467
    368,   793.921387,   254.108505
    369,    934.76709,   101.740883
    370,   875.772644,   128.210922
    371,   787.007263,   286.551331
    372,   858.217712,   142.616745
    373,   813.583008,   203.979019
    374,   914.776978,   108.707291
    375,   818.854004,   194.632538
    376,   789.710266,   275.469269
    377,   796.777039,    243.64621
    378,   808.649536,   213.543167
    379,    843.70105,   159.535263
    380,   804.182312,   223.364166
    381,   791.619202,   264.796051
    382,   955.134521,   95.9924698
    383,   904.994446,   112.766258
    384,   885.558655,   122.510017
    385,   944.896912,   98.7332458
    386,   977.094604,    90.747345
    387,   990.263062,   85.6903915
    388,   979.627197,   76.6523514
    389,   988.664978,   58.9570274
    390,   985.853455,   62.9854431
    391,   982.609985,   68.7486954
    392,   986.196594,   53.7229156
    393,   989.366638,   33.4281349
    394,   849.254639,   134.513123
    395,   835.608459,   153.042068
    396,   931.282471,   93.5198975
    397,   786.192688,   238.790558
    398,   951.174194,   87.4302216
    399,   778.293274,    280.77356
    400,   842.281311,   144.037567
    401,   810.498291,   188.746933
    402,   779.045837,   271.728912
    403,   816.365417,   179.597824
    404,   961.103516,   84.6375885
    405,   782.924927,   249.789246
    406,   880.763733,   112.344307
    407,   970.543457,   81.3763962
    408,   988.763306,   10.1473494
    409,   921.346313,   96.7323151
    410,   790.097534,   228.176498
    411,   830.552979,   176.705261
    412,   979.656311,   57.2011719
    413,   972.859802,   62.7478943
    414,   983.659363,   45.7364159
    415,    972.25885,     70.53965
    416,   982.733032,   20.5399265
    417,   856.974487,   122.977684
    418,   820.636108,   155.377869
    419,   941.189209,   90.3957977
    420,   869.941711,   117.534264
    421,   891.006653,   107.316147
    422,   911.307068,   99.7370453
    423,   965.250732,   73.0566254
    424,   956.273315,      75.8153
    425,   768.707458,   257.863434
    426,   794.527588,    217.86795
    427,   807.898438,   173.056778
    428,   795.809448,     191.7164
    429,   971.028992,   39.1332703
    430,    967.39209,   52.9355354
    431,   936.919983,   81.7225494
    432,   946.669128,   78.6386719
    433,   843.000793,     118.3964
    434,    970.62323,   25.2475529
    435,   822.546448,    170.63327
    436,   826.957458,   146.554886
    437,    855.83844,   108.947769
    438,   918.466858,   88.6477356
    439,   792.861877,    175.18689
    440,   876.781616,   101.836845
    441,   779.290588,   222.438187
    442,   814.200256,   164.083267
    443,   780.259888,   194.619278
    444,   755.944397,   255.270355
    445,   908.757874,   90.3049316
    446,    952.06488,   67.0110016
    447,   962.787109,   43.9274673
    448,   958.240845,   56.0097237
    449,   927.575439,   85.3353729
    450,   916.546204,   81.8868484
    451,   972.254944,   15.5289316
    452,    838.69928,   128.253586
    453,   811.796143,   148.385315
    454,   866.437378,   106.355782
    455,   844.816833,   107.838272
    456,   942.180847,   69.5962906
    457,   774.730286,   233.691422
    458,   897.943115,   92.2625961
    459,   786.557739,   184.678345
    460,   784.379517,   211.773361
    461,   784.024292,   167.734344
    462,   956.430664,   16.9102917
    463,   948.488892,    58.309948
    464,   773.905884,   204.946365
    465,   831.483948,   113.565071
    466,   770.706726,   186.910706
    467,   808.413818,   132.734039
    468,   887.130493,   96.6435699
    469,   908.668274,   80.1182175
    470,   947.858582,   30.0006866
    471,   790.426025,   158.553497
    472,   767.882385,    216.00029
    473,   771.099792,   245.632187
    474,   882.827881,   85.6698074
    475,   895.536987,   79.0417099
    476,   944.709412,   40.3074341
    477,   845.738403,    98.237114
    478,   802.644043,   140.958679
    479,    761.78125,   178.508453
    480,   777.502197,    177.16217
    481,   914.231812,    68.894928
    482,   938.285889,   60.4668732
    483,    956.63739,     35.82481
    484,   781.697571,    151.03299
    485,    934.16095,   39.9242477
    486,   923.602051,   53.0801964
    487,   854.619995,   97.7491074
    488,   910.825562,   56.5108452
    489,   787.637939,   142.085495
    490,     867.2547,   82.2425385
    491,   753.814148,   188.177048
    492,   845.938293,    90.575386
    493,   805.530762,   157.016464
    494,   893.091309,   49.3979836
    495,   921.253174,   41.2018852
    496,   920.138977,   28.1492138
    497,   832.427856,   84.9723511
    498,   886.948486,   67.8129044
    499,   938.387939,   14.2303724
    500,   745.834351,   176.768097
    501,   756.091492,    208.56929
    502,   754.899048,   269.785614
    503,   18.4989071,   30.0973492
    504,   16.9109364,   60.3174095
    505,   19.0803032,    269.35614
    506,   16.8917141,   238.963409
    507,   14.6394472,   209.384644
    508,   14.5092831,   180.087021
    509,   14.3701057,   150.260178
    510,   14.5261993,   120.447144
    511,   15.3661995,   90.5051346
    512,   17.7596855,    45.237999
    513,   16.1898727,   75.3444672
    514,   14.9258595,   105.414803
    515,   14.3921909,   135.301498
    516,   14.4033537,   165.109512
    517,   14.5157309,   194.769928
    518,   15.6099463,   224.165512
    519,   18.1445656,   254.059631
    520,   19.6929607,   284.727478
    521,   833.034607,   137.589569
    522,    778.40686,   134.695999
    523,   758.645203,   241.526489
    524,   770.262451,   284.070953
    525,    818.36261,   117.565308
    526,   766.942322,   152.332428
    527,   804.858398,   117.534027
    528,   852.710571,   85.8235016
    529,   57.4321213,   15.5999079
    530,   76.5646439,   15.8522711
    531,   114.847656,   16.3413086
    532,   153.062881,   17.1118832
    533,   172.065002,   18.0401993
    534,   210.670654,    22.576704
    535,    255.71817,   21.9670944
    536,   295.133362,   18.2288361
    537,   314.457611,   17.7417622
    538,   353.328979,   17.9597645
    539,   392.314972,   19.3091049
    540,   411.667145,     19.54492
    541,   450.140717,    18.334095
    542,   488.613434,    18.038063
    543,   508.070587,    19.025938
    544,   546.529236,   19.8623619
    545,   586.964844,   23.7776012
    546,     628.5224,   18.6009102
    547,   648.242981,   17.8456364
    548,   687.101624,   17.4525909
    549,   725.911499,   17.1804256
    550,   745.237427,   16.9575195
    551,   783.673828,   16.4818268
    552,   821.925903,   16.3474903
    553,     840.9151,   16.4856987
    554,   879.999695,    20.113203
    555,   920.301025,   14.3121853
    556,   901.420837,   16.1279488
    557,   859.734375,   16.9851704
    558,   802.855835,   16.2497749
    559,   764.501526,   16.6479473
    560,   706.600098,   17.2601261
    561,   667.704956,   17.5396347
    562,   608.813293,   20.2382679
    563,   565.742432,   19.8153744
    564,   527.286499,   20.3471546
    565,   469.411865,      17.8799
    566,   430.876587,   19.1052437
    567,    372.72583,   18.7316494
    568,   333.935364,   17.5797348
    569,   275.717896,   19.2223949
    570,   232.433136,   27.9779606
    571,   191.186279,   19.7838268
    572,    133.90657,   16.5879917
    573,   95.6810226,   16.0212479
    574,   38.2716675,   15.1863346
    575,   39.3135757,   284.148102
    576,    58.924469,   283.267029
    577,   98.3837128,   280.804108
    578,   137.920715,   281.515808
    579,   157.935349,   282.224365
    580,   196.551712,   279.843475
    581,   238.143799,   280.940826
    582,   257.161652,   282.928314
    583,   296.647308,   276.108276
    584,   337.961029,    283.44931
    585,   356.768829,   283.572144
    586,   394.960785,   275.409271
    587,   437.260193,   282.737885
    588,   456.180786,   282.999756
    589,   496.461395,   274.908417
    590,    538.06897,   283.689972
    591,   556.865784,   283.864716
    592,   595.568665,   274.717804
    593,   638.916443,   280.675598
    594,   658.297119,   281.254211
    595,   698.728699,    276.94458
    596,   738.906189,   283.929077
    597,    756.35083,   285.119232
    598,   78.6222229,   282.075043
    599,   118.130157,   280.073486
    600,   177.317734,   281.723694
    601,   217.215988,   275.239868
    602,    276.33667,   281.748444
    603,   318.581116,   281.096344
    604,    375.52594,   280.949677
    605,   417.674866,   280.542816
    606,   475.627106,    280.86969
    607,   518.874451,   280.808228
    608,   575.655823,   281.354034
    609,   618.684448,   278.932526
    610,   677.541077,   280.927856
    611,    720.00708,   281.419739
    612,   907.210083,   44.2532616
    613,   887.854736,   36.1712494
    614,   745.540283,   237.046005
    615,   858.807312,    74.424881
    616,   842.969788,   79.0254669
    617,   827.130798,   90.3131027
    618,    737.75885,   182.937439
    619,   789.505676,   116.063545
    620,   879.872803,   56.3312111
    621,    31.077116,   91.2077713
    622,   29.2407608,   120.840889
    623,   28.6283245,   150.240341
    624,    29.147604,   180.030777
    625,   28.9121647,   208.405487
    626,   746.000122,    159.42337
    627,   723.274719,   263.954285
    628,   873.598816,   44.4553413
    629,   743.167725,   198.973557
    630,   450.174744,   37.0499001
    631,   111.542801,   32.8282509
    632,   783.253235,   32.9470787
    633,   216.967545,   49.7352409
    634,   562.839783,   37.6795044
    635,   823.337646,   131.443802
    636,   752.399719,   152.074829
    637,   750.108643,   222.380737
    638,   742.001831,   252.093658
    639,   117.687233,   256.843475
    640,    227.75766,   257.301392
    641,   321.437042,   264.796326
    642,    419.32547,   263.957001
    643,    522.94696,   264.553162
    644,   620.629395,   260.588806
    645,   315.231262,   35.1543083
    646,   669.240784,   34.9486198
    647,   768.317017,   127.394951
    648,   74.3095779,   31.7820034
    649,    411.80603,   40.9834938
    650,   745.731567,   33.9041824
    651,   36.3115387,   252.162338
    652,   35.6142006,   45.8661537
    653,   524.965393,   43.5338745
    654,   184.314606,   38.6993294
    655,   855.737549,    33.604805
    656,   631.042419,   36.3775101
    657,   296.482483,    36.124012
    658,   352.973022,    268.59491
    659,   452.399536,   266.866455
    660,   57.1361008,   266.290131
    661,   156.502975,   265.194336
    662,    255.59111,   267.816406
    663,   553.398315,   269.016144
    664,   656.919006,   262.910889
    665,   726.756409,   34.2036667
    666,   55.6659698,    31.123333
    667,   391.951019,    39.899231
    668,   820.330139,   32.6457825
    669,   486.735199,   35.3898468
    670,   148.430176,   34.4240494
    671,   260.867889,   41.0636597
    672,    595.83551,   43.5170403
    673,   579.342468,   256.995117
    674,   687.725891,   262.756775
    675,     190.3974,   261.093048
    676,   95.8899841,   260.907196
    677,   282.324249,   258.604156
    678,    378.95575,   255.807068
    679,   481.335114,   255.571365
    680,   352.883087,   35.9333382
    681,    688.49646,   34.8189201
    682,   728.635376,   196.650513
    683,    876.27478,   75.0283127
    684,   47.0597496,   92.0693893
    685,   46.7637062,   218.019028
    686,   722.652283,   178.245316
    687,   773.351135,   118.773529
    688,    817.32605,   80.3287582
    689,   820.988647,   108.789162
    690,   727.331665,   247.590469
    691,   737.178711,   216.203964
    692,   53.6074982,   46.6407623
    693,    671.18512,   52.0174866
    694,   334.269562,   50.6094475
    695,   43.1542473,   179.228317
    696,   44.0761795,   121.279083
    697,    743.18158,   143.386215
    698,   608.331543,   242.659103
    699,   451.927917,   55.8760071
    700,   565.030518,   55.8891983
    701,   518.353271,    240.08197
    702,   197.523254,   242.132019
    703,   408.828125,   246.645767
    704,   314.839996,   242.791245
    705,    229.96933,   60.7944679
    706,    107.76944,   49.2482338
    707,    764.97583,   50.2556648
    708,   89.8200836,   48.3627243
    709,   251.683182,   60.9177284
    710,   580.987549,   50.8359566
    711,   433.772217,   60.1725693
    712,   783.181335,     49.19907
    713,   143.214706,   51.6095543
    714,   818.842773,   48.5279121
    715,   191.522888,   61.3002777
    716,    532.62616,   64.2918549
    717,   485.050262,    51.588726
    718,   634.248047,   53.2731667
    719,   709.308228,   51.6749687
    720,   369.524048,   56.9831467
    721,    296.90094,   55.6195602
    722,   801.285095,   48.4486771
    723,   656.451477,   244.078552
    724,   125.656151,   50.1637192
    725,   728.119263,   51.1153831
    726,   141.286606,   251.605896
    727,   638.648926,   243.814758
    728,   565.081421,   245.231155
    729,   205.171387,   67.8061447
    730,   549.810364,   255.047729
    731,   255.163239,   254.464584
    732,   280.795868,   51.0003242
    733,   450.486816,    251.85141
    734,   349.727783,   257.651367
    735,   617.215454,   56.1347771
    736,   389.783051,   60.9762726
    737,   468.173676,   242.571533
    738,   170.150024,   245.685272
    739,    365.21048,   240.271423
    740,   270.329987,   247.090912
    741,   548.704834,   60.3827591
    742,    469.04657,   53.0072517
    743,   72.6089401,   245.733673
    744,   836.423889,   49.2565155
    745,    176.33075,   56.8611488
    746,   499.948578,   53.0739555
    747,   42.6530685,   150.001358
    748,    731.86853,   152.671524
    749,    712.22467,   241.365616
    750,   810.730164,   113.439087
    751,   855.865723,   51.8685493
    752,   54.5864906,   249.296661
    753,   218.099213,   76.3197937
    754,   552.952515,   81.8538513
    755,   716.668701,    189.38649
    756,   46.5495682,   195.877548
    757,   63.2413902,   92.9975967
    758,   812.297424,   94.2394867
    759,   51.2569389,   232.777542
    760,   42.4570007,   164.300262
    761,   485.657013,   66.7987061
    762,   512.026672,   59.6004257
    763,   412.408295,   67.0365524
    764,   601.669556,   60.6130714
    765,   267.806213,   61.8808823
    766,    43.228344,   135.632446
    767,   153.085968,   70.8448105
    768,   747.747253,   68.0210342
    769,   674.234985,   244.891052
    770,   817.552795,   63.8309593
    771,   86.3510056,   64.0055923
    772,   90.8433685,   241.505249
    773,   721.865356,   158.337616
    774,   350.804382,   53.6574821
    775,   588.274353,   243.810257
    776,   492.440857,    241.71196
    777,   723.817688,   210.560211
    778,   389.416656,   245.166382
    779,   292.152252,   246.433197
    780,   755.665588,   130.565613
    781,   456.248871,   74.9429703
    782,   51.3856277,   61.9368706
    783,   783.737732,    64.986824
    784,   120.873512,   66.5314713
    785,   712.452637,   167.335663
    786,   740.845886,   124.298141
    787,   783.123962,    97.941185
    788,   181.587067,   78.7533875
    789,   622.043152,   72.1619339
    790,   295.578796,   76.1172333
    791,   383.983124,   80.2216873
    792,   655.702759,   225.760132
    793,   326.474457,   250.852463
    794,   420.794434,   246.764236
    795,   185.362762,    243.37709
    796,   531.192078,   250.187347
    797,   621.877136,   243.050446
    798,   149.288651,   232.670593
    799,    316.43042,   51.5157433
    800,   546.302368,   239.066391
    801,   690.379211,   52.3899651
    802,   455.936005,    222.06134
    803,   256.529083,   241.270111
    804,   347.561798,    226.45993
    805,    216.01355,   244.521683
    806,   132.883011,   241.656631
    807,   652.430054,   51.9965057
    808,   60.8590317,   107.507195
    809,   56.5237312,   149.802612
    810,   749.338074,   102.641884
    811,   785.641479,   79.3274155
    812,   400.490448,   88.1547699
    813,   503.506042,   72.7622452
    814,   592.851807,    82.017746
    815,   462.781677,   93.5863724
    816,   546.549194,   97.0468674
    817,   206.460175,   92.0165176
    818,   260.065704,    85.305954
    819,   65.9969788,   78.1652069
    820,   55.5635681,   177.076035
    821,   131.137924,   84.8208237
    822,   159.208313,   90.9441147
    823,    491.10202,   80.9206161
    824,   171.627884,   95.3320313
    825,   82.8260117,   79.1483307
    826,   731.206482,   85.5290298
    827,   62.8803139,   208.413132
    828,   676.462219,   223.791748
    829,   627.246216,   87.2711029
    830,    361.85675,    91.729248
    831,   702.368103,    83.538063
    832,   296.016754,   87.1797867
    833,   287.582764,   222.239395
    834,   390.332275,   219.320099
    835,   652.208862,   207.878586
    836,    492.96167,   213.444382
    837,   698.483337,   153.530609
    838,   142.805588,   216.558273
    839,   714.924622,   83.7121429
    840,   580.421753,   218.120697
    841,    635.72467,    209.18306
    842,   564.640076,   208.805191
    843,   541.360535,   212.934937
    844,   244.316696,   217.094376
    845,    432.94043,   206.041626
    846,   337.182495,   208.149139
    847,   280.391418,    86.728241
    848,   162.973572,   205.426468
    849,   470.268951,   202.614502
    850,   613.725342,   91.7929688
    851,   377.599152,   97.2892227
    852,   272.920044,   212.402313
    853,   363.748993,   215.229904
    854,   344.455292,   72.3889923
    855,   717.788513,    225.80632
    856,   183.332916,   100.812187
    857,   477.182861,    87.036705
    858,   85.7865524,   223.066956
    859,   705.454956,   180.268509
    860,    115.69976,     82.36763
    861,   768.747681,   86.0211868
    862,    719.40802,   120.898674
    863,    565.35614,   97.7027893
    864,   230.810883,   86.7053833
    865,   447.489441,   102.790169
    866,    320.15918,   66.4439697
    867,   619.739319,   226.215134
    868,   517.736633,   214.938843
    869,   316.434113,   215.621902
    870,    419.00473,   225.143326
    871,   184.545074,   225.707062
    872,   689.634583,   208.622375
    873,   692.649231,   71.2094955
    874,   31.1441193,   222.289291
    875,   223.436798,   220.510635
    876,   125.280045,    226.54686
    877,   713.952515,   144.356384
    878,   656.246277,   82.2313919
    879,     680.5896,   152.184204
    880,   124.099937,   100.876228
    881,   72.4008713,   136.411758
    882,   67.6592636,   176.663589
    883,    484.24939,   102.671829
    884,   553.694824,   108.792984
    885,   49.2111359,   76.9555283
    886,    82.195488,   205.861588
    887,   353.210236,   199.742844
    888,   452.667999,   185.651489
    889,   560.160339,   185.598755
    890,   371.229431,   112.271782
    891,   145.323746,   87.6100769
    892,   688.642883,   185.606903
    893,   648.545959,   191.068329
    894,   713.634583,   99.1239471
    895,   578.712341,   88.8689423
    896,   98.3165817,   200.952454
    897,   670.462219,   97.1484909
    898,   602.709839,   207.787292
    899,   620.952515,    106.69854
    900,   202.269623,   206.590759
    901,   507.235107,   202.057465
    902,   404.164032,   207.962524
    903,    282.37088,    103.41021
    904,   217.921814,   100.788498
    905,   172.435501,   115.908195
    906,   149.666382,   190.926392
    907,   261.071747,   202.097977
    908,   504.875854,   111.278511
    909,   414.212891,   100.627312
    910,   587.267334,   103.020164
    911,   250.314163,   112.032967
    912,   76.1292038,   108.300346
    913,   150.466797,   106.921646
    914,   679.232422,   196.434906
    915,   94.9764557,   95.4600601
    916,    748.85907,   85.3874664
    917,   695.496399,   105.581306
    918,     99.42276,   80.4250717
    919,   425.800507,   86.9927597
    920,   515.250061,   84.9671326
    921,   425.809326,   113.454445
    922,   539.320496,   115.993118
    923,   236.951523,   120.958435
    924,   583.648621,   119.683632
    925,   219.927277,    203.05043
    926,     149.9944,    129.12738
    927,   680.091431,   115.797531
    928,    32.616909,   75.9827423
    929,   357.490326,   176.420364
    930,   453.249756,   168.174561
    931,   90.7377472,   109.377495
    932,   364.250763,    125.74633
    933,    286.47467,   120.676956
    934,   568.293396,   173.695862
    935,   628.979553,   120.954193
    936,   437.464691,   123.943306
    937,   183.301117,   122.252029
    938,   228.164108,   110.524887
    939,   645.751343,   175.953247
    940,   544.866455,   132.252823
    941,   140.849731,   178.345825
    942,   81.0581665,   189.724991
    943,   252.847198,   189.004837
    944,   266.997375,   179.858353
    945,   378.116425,   204.691162
    946,   161.072662,   176.927444
    947,   485.179199,   196.274948
    948,   284.451355,   200.045044
    949,    128.60582,   122.412285
    950,   586.865112,   202.207092
    951,   563.062927,   124.963219
    952,    657.46228,    173.05397
    953,   134.973541,   201.638977
    954,   205.591888,   115.499527
    955,   451.159882,   129.203552
    956,   549.781555,   176.226105
    957,   269.213684,   122.169426
    958,   607.886047,   112.099754
    959,   173.705902,   133.382553
    960,     384.0383,   120.609581
    961,   310.300568,   83.9216766
    962,   77.6820068,   164.197418
    963,   657.734192,   95.2242279
    964,   87.4663239,     122.9412
    965,   619.254822,   209.242752
    966,   681.481812,   168.155701
    967,   345.056458,   89.6659775
    968,    669.14093,   169.744644
    969,    163.48291,   129.695206
    970,   594.963074,   117.065498
    971,    255.02359,   126.287842
    972,   491.049805,   118.730865
    973,   404.619659,   115.856956
    974,   683.078735,   101.205185
    975,   675.347961,   132.861069
    976,   184.017044,   206.866226
    977,      314.806,   196.585968
    978,   415.731934,   193.574905
    979,   529.575928,    202.24379
    980,   180.675507,   138.022583
    981,   642.041016,    163.04274
    982,   216.274292,   123.267189
    983,   186.439728,   188.259277
    984,   510.133453,   127.919426
    985,   416.133179,   127.393265
    986,   379.430969,   180.162277
    987,   480.177399,   179.114578
    988,   592.076172,   186.909912
    989,   615.427612,   127.250015
    990,   288.355743,   141.535477
    991,      376.362,   134.384155
    992,   559.185059,   163.953384
    993,   665.689331,   154.875839
    994,   352.479462,   119.342026
    995,   115.923004,   116.573418
    996,   86.5502167,   153.408737
    997,   308.459534,   181.850677
    998,    401.97406,   180.819351
    999,   519.677368,   190.990845
   1000,    423.96756,    176.72197
   1001,   322.231537,   174.714905
   1002,   530.691284,   180.033203
   1003,    95.109581,   185.023483
   1004,   151.878235,   167.986588
   1005,   217.292404,   185.999176
   1006,   632.659363,   176.965683
   1007,   641.095276,   115.252449
   1008,   127.927155,   186.930511
   1009,   302.410461,   114.180305
   1010,   441.598724,   166.264633
   1011,   344.245941,   184.164032
   1012,   260.987976,   167.811203
   1013,   243.701492,   129.665421
   1014,   578.480164,   140.492371
   1015,   478.832092,   125.773163
   1016,    440.34375,   137.581512
   1017,    160.27771,   140.565079
   1018,   660.976868,   120.321793
   1019,   115.729568,   133.670288
   1020,   522.789917,    169.86055
   1021,   411.042145,   166.421219
   1022,   313.272766,   158.098343
   1023,   210.871887,   149.929413
   1024,   453.576813,   143.595993
   1025,   188.985504,   151.557312
   1026,   484.410706,   141.568954
   1027,   634.620728,   151.997849
   1028,   103.112709,   148.537262
   1029,   368.607086,   146.292999
   1030,   624.771729,   160.069885
   1031,   407.656097,    141.37149
   1032,   588.396545,   151.266678
   1033,   501.183746,   150.229095
   1034,   289.111603,   160.440674
   1035,   258.398621,    154.49678
   1036,   149.036438,   146.826263
   1037,   224.975769,   152.662292
   1038,   159.853989,   155.994537
   1039,   275.630524,   151.040024
   1040,   387.894958,   144.393234
   1041,   548.608887,   151.143478
   1042,   418.652466,   151.881973
   1043,   613.219299,   149.298492
   1044,   571.462036,   155.612244
   1045,   473.361694,    147.38945
   1046,   444.517883,   151.918808
   1047,   217.512283,   142.609283
   1048,   108.940086,   178.912552
   1049,   132.006699,   136.906479
   1050,   617.735413,   173.293106
   1051,   606.874634,   178.693192
   1052,   189.972412,   172.135086
   1053,    650.23114,   127.459244
   1054,   308.492035,   127.060417
   1055,     646.2677,   146.005905
   1056,    119.48407,   157.529419
   1057,   336.241821,   168.632156
   1058,   453.742126,   153.769135
   1059,   321.572388,   122.958168
   1060,   287.640594,   179.813187
   1061,   179.735443,   167.875412
   1062,   579.694458,   180.941254
   1063,   619.287476,   192.046173
   1064,   585.444824,   167.177643
   1065,   213.512054,   158.554565
   1066,   194.184555,   160.792511
   1067,   476.745972,   162.794846
   1068,   313.326996,   140.839767
   1069,   379.061707,   156.830246
   1070,    298.25473,   150.586105
   1071,   353.372711,   147.049698
   1072,   202.265778,   149.035049
   1073,   342.476257,   132.261459
   1074,   369.026062,   167.445007
   1075,   464.966949,    166.74379
   1076,   389.914886,   168.421768
   1077,   295.663483,   189.626846
   1078,   493.128204,   172.386093
   1079,   343.413666,   148.757706
   1080,   991.480286,   71.8580093
   1081,   989.266785,   92.7535782
   1082,   836.959473,   168.021606
   1083,    19.125227,   14.9392719
   1084,   780.544434,   260.994781
   1085,   804.836182,   198.124985
   1086,   986.681152,   28.7616863
   1087,    981.99939,   84.3741302
   1088,   987.059021,   38.2903671
   1089,   789.921021,   201.517685
   1090,   801.749634,   182.198441
   1091,   108.698784,   235.674759
   1092,   154.686356,   248.696594
   1093,   560.820313,   254.593262
   1094,   539.725281,   258.038788
   1095,   462.280548,   252.628433
   1096,   435.602325,   249.387268
   1097,   339.217163,    255.06929
   1098,   265.180328,   255.536423
   1099,   245.313583,   253.653412
   1100,   226.442032,   235.463974
   1101,   691.636658,   249.667206
   1102,   976.326538,    29.610815
   1103,   555.823486,   223.274704
   1104,   453.064026,   237.053528
   1105,   356.777008,   250.249802
   1106,   262.409271,   226.358887
   1107,   40.9806137,   207.541656
   1108,   817.759033,   139.853577
   1109,   45.4801369,   106.594269
   1110,   119.001328,   210.406036
   1111,   975.118713,   49.1103516
   1112,    343.97049,   242.594437
   1113,   453.536407,   204.204391
   1114,   981.884399,   33.9866333
   1115,   978.696716,   39.4702225
   1116,   586.477478,   66.5393219
   1117,   297.453064,   209.275436
   1118,    332.52771,   241.152374
   1119,   160.066055,   53.7124863
   1120,   703.215271,   218.056244
   1121,   71.7157211,   47.3448334
   1122,   441.888611,   220.839203
   1123,    952.04718,    41.288353
   1124,   954.765625,   47.8266487
   1125,   796.633545,   149.608444
   1126,   813.749939,   125.151642
   1127,   59.0690041,   121.761612
   1128,   57.7406311,   135.825867
   1129,   56.6129608,   188.325043
   1130,   746.643677,   50.7057648
   1131,   667.085632,   204.141129
   1132,   710.571167,   202.943329
   1133,   232.510513,   181.099777
   1134,   247.277191,   174.529068
   1135,   551.410217,   199.200089
   1136,   511.661102,   178.588272
   1137,   898.075928,   60.6173096
   1138,   847.729675,   67.3059006
   1139,   520.337036,   68.7391129
   1140,   836.513794,   95.5713959
   1141,   945.739624,   49.5269165
   1142,   872.823608,   91.5774689
   1143,   935.426025,   50.7643509
   1144,   654.667114,   67.7093735
   1145,   279.523438,   170.770691
   1146,   823.383972,   99.2084351
   1147,    775.40155,   160.120834
   1148,   798.938965,   124.677193
   1149,   70.6854248,   150.236145
   1150,   67.9436646,   163.254501
   1151,   831.306885,   76.6924286
   1152,   861.148804,   87.9201126
   1153,   488.815887,   156.940674
   1154,   839.496765,   87.4898071
   1155,   202.355072,   173.240219
   1156,   215.628693,   171.091507
   1157,   243.390945,   159.605225
   1158,   122.720886,   171.927063
   1159,   927.116821,   63.4505615
   1160,   518.115723,   157.565094
   1161,   672.347046,   183.724426
   1162,    597.18866,   172.840454
   1163,   641.283264,   83.8064804
   1164,   514.430908,   143.394821
   1165,   519.848328,   104.103699
   1166,   680.731506,   179.591049
   1167,   810.315796,   105.252296
   1168,   79.9192886,    174.92543
   1169,   105.611511,   163.578949
   1170,   349.082977,   162.824295
   1171,   87.3314362,   136.354843
   1172,   532.019836,   163.222946
   1173,   801.391602,    78.366745
   1174,   133.560593,    151.17009
   1175,   145.273926,   160.720337
   1176,   671.661682,   83.3549118
   1177,   753.484131,   169.162186
   1178,   760.465698,   160.858231
   1179,   783.730042,   125.665382
   1180,   434.970001,   146.799713
   1181,   239.134048,   143.323288
   1182,   256.177582,   140.607407
   1183,   177.137543,    149.29953
   1184,   633.432556,   101.662582
   1185,   922.517151,   76.9811859
   1186,   800.258423,   91.9244766
   1187,   531.745911,   151.887894
   1188,   789.391846,   89.8562469
   1189,   524.683777,   121.523918
   1190,   686.221191,   87.2414627
   1191,   206.624908,   136.512177
   1192,   581.163452,   130.220596
   1193,   625.020813,   140.614822
   1194,   313.383392,   96.6382141
   1195,    325.55896,   79.3680725
   1196,   316.910675,    109.52462
   1197,   738.198914,   165.204468
   1198,   758.288757,   144.406952
   1199,   763.952087,   136.289719
   1200,   651.246033,   109.802071
   1201,   667.735596,   109.901512
   1202,   143.288071,   120.380753
   1203,   117.641815,   144.110062
   1204,   281.757446,   133.284286
   1205,   777.870483,   108.323593
   1206,   468.364594,   132.527954
   1207,   303.116364,   141.527878
   1208,   104.365395,    111.65004
   1209,    447.23291,   140.268906
   1210,   708.221375,   111.157394
   1211,   692.483582,   118.867378
   1212,    330.77002,   105.494209
   1213,    334.30957,   118.512726
   1214,    471.22287,   109.880669
   1215,   98.7352829,   122.671242
   1216,   739.878479,   151.466812
   1217,    749.10614,   135.585724
   1218,    754.95752,   119.268684
   1219,   763.852417,   113.375053
   1220,   707.363953,   130.076843
   1221,   343.854126,   113.837158
   1222,   702.613403,    119.94648
   1223,   344.527161,   103.465218